0.005756
0.011705
0.000058
0.010057
0.009408
0.011786
0.004297
-0.013264
0.012223
0.002944
-0.016103
-0.000236
-0.003931
-0.010089
-0.005040
-0.005186
0.004407
-0.003378
0.010367
0.006364
0.009548
0.009867
-0.005226
-0.010601
-0.008736
0.001373
-0.012545
0.009106
0.003981
0.001211
0.003646
0.005036
-0.006781
0.012831
-0.000851
-0.000424
0.013353
-0.012248
-0.000942
-0.013710
-0.011872
0.020877
0.005464
0.000323
-0.003022
-0.012506
-0.003919
-0.012654
-0.008139
-0.005007
0.003978
-0.006927
0.002204
0.010525
0.015230
-0.032757
-0.003914
-0.014471
-0.001859
0.009287
0.015400
0.003385
0.002160
-0.013309
-0.015699
-0.005016
-0.022002
0.010117
-0.015158
0.001104
-0.008892
-0.012430
-0.015788
0.011197
-0.013310
0.006345
0.027095
-0.001883
-0.030650
-0.006491
0.007357
-0.000994
-0.001341
-0.014595
0.006544
0.008185
-0.009466
0.007206
0.001741
-0.009699
-0.007062
0.002424
-0.003582
0.004686
-0.004638
0.012092
0.007239
-0.015150
-0.010662
-0.011421
