548.82 460.66 730.33 555.59 
18.66 442.32 129.42 513.91 
337.31 466.73 472.56 533.84 
257.91 470.46 349.36 511.52 
345.25 458.15 491.39 524.65 
535.05 472.71 715.49 545.09 
265.66 461.04 355.79 512.62 
369.20 466.72 495.53 531.35 
124.40 464.65 185.09 491.41 
314.36 457.51 521.97 541.40 
331.66 470.80 456.49 525.33 
534.98 464.08 708.55 528.05 
121.75 460.39 176.19 495.70 
523.01 466.53 704.63 564.90 
118.80 464.38 189.50 498.07 
251.16 457.04 368.66 516.55 
0.00 0.00 711.07 320.83 
274.55 466.62 346.24 508.66 
533.12 480.29 688.93 555.12 
280.61 472.12 364.27 508.92 
161.58 461.82 205.52 495.86 
116.83 458.59 166.50 492.20 
131.03 464.08 204.60 491.34 
244.51 470.53 335.38 516.18 
203.70 460.32 258.61 511.32 
211.28 467.49 290.20 514.95 
0.00 453.96 25.58 491.61 
126.75 461.33 207.68 499.65 
197.49 467.34 272.23 512.63 
150.45 462.84 215.00 490.95 
0.00 0.00 303.44 449.67 
511.17 471.45 726.15 524.67 
13.70 446.98 103.73 523.54 
148.34 464.07 222.46 505.27 
28.28 439.93 118.03 527.64 
104.22 0.00 557.92 401.93 
571.67 466.46 733.40 542.74 
294.36 470.11 354.06 508.07 
158.10 464.74 208.47 502.17 
287.48 464.37 359.71 511.84 
214.79 468.08 273.70 506.24 
177.48 460.78 217.04 498.96 
0.00 0.00 431.79 287.23 
0.00 444.69 24.99 478.63 
383.31 470.15 512.51 536.66 
198.37 458.50 241.45 505.03 
31.80 450.97 126.93 497.10 
17.18 0.00 570.55 476.09 
11.38 446.25 42.70 498.52 
413.47 466.39 735.00 531.90 
336.32 476.42 438.00 536.34 
669.88 467.16 735.00 560.13 
592.46 453.04 735.00 559.98 
140.02 20.00 735.00 501.67 
370.97 477.53 735.00 526.46 
0.00 0.00 277.43 280.14 
402.83 462.82 499.31 529.10 
680.05 454.06 735.00 573.12 
496.14 473.31 735.00 575.00 
397.51 477.68 490.40 529.28 
108.13 456.76 179.54 499.17 
205.34 464.39 274.23 495.76 
15.91 437.79 137.32 496.94 
272.25 0.00 735.00 575.00 
134.75 462.84 195.09 496.91 
93.72 0.00 529.10 289.86 
5.74 423.75 141.20 521.89 
355.51 461.24 461.24 529.67 
300.55 0.00 735.00 292.46 
352.90 463.78 462.47 511.08 
0.00 0.00 221.88 418.96 
117.86 0.00 487.27 484.99 
121.23 460.93 160.17 496.51 
555.36 467.28 720.23 508.67 
249.90 477.96 343.29 521.75 
548.58 473.19 697.14 511.35 
290.10 445.23 735.00 575.00 
165.35 0.00 640.68 455.46 
265.82 464.88 357.56 498.96 
5.39 446.49 115.41 499.89 
7.47 433.94 83.24 515.36 
643.92 461.21 735.00 550.64 
465.69 0.00 735.00 479.81 
411.43 480.61 494.94 524.43 
230.69 465.48 309.29 518.11 
216.70 464.99 290.07 492.41 
0.00 0.00 496.16 374.79 
0.00 0.00 413.23 480.21 
333.99 464.78 486.56 508.09 
345.29 28.55 735.00 427.87 
332.65 446.97 489.25 551.65 
0.00 56.34 735.00 575.00 
208.34 458.42 292.32 501.04 
514.81 433.09 735.00 575.00 
161.18 464.45 235.21 508.58 
296.90 466.42 389.77 512.02 
191.23 465.25 251.80 509.90 
373.65 472.50 488.25 513.92 
8.64 440.93 37.56 502.19 
19.06 434.45 64.47 511.47 
329.67 478.45 735.00 575.00 
0.00 0.00 260.22 575.00 
139.79 0.00 735.00 365.01 
250.96 464.22 383.45 506.75 
155.88 462.66 240.68 499.05 
615.28 477.89 735.00 553.44 
174.11 464.84 223.14 501.76 
10.95 440.65 43.06 481.00 
360.23 0.00 675.37 572.38 
195.22 456.86 276.38 500.48 
24.88 436.59 119.17 487.34 
0.00 128.15 609.71 564.20 
28.91 445.18 122.37 479.82 
21.02 428.94 100.06 505.74 
325.75 482.86 463.13 539.34 
250.64 469.60 317.54 510.54 
317.02 465.00 451.91 516.42 
182.90 0.00 735.00 212.50 
521.56 0.00 735.00 571.54 
682.56 333.84 735.00 475.47 
0.00 0.00 413.82 198.96 
411.94 471.97 496.02 512.01 
227.18 472.50 312.40 508.46 
274.72 471.06 353.03 496.17 
364.00 496.97 735.00 566.08 
115.28 466.81 163.12 502.87 
358.76 474.29 469.18 509.54 
519.61 469.79 698.91 507.46 
32.92 459.37 123.84 508.28 
6.17 437.10 36.77 483.75 
321.88 468.44 366.71 508.88 
145.02 463.64 187.69 497.28 
0.00 0.00 184.04 337.01 
334.82 0.00 735.00 200.71 
84.59 502.21 735.00 575.00 
311.36 445.44 505.37 525.22 
275.56 464.09 361.86 524.05 
587.32 0.00 735.00 394.04 
216.32 0.00 471.51 486.90 
313.45 467.18 376.81 509.06 
422.28 155.02 735.00 575.00 
434.07 0.00 735.00 274.67 
166.56 463.14 235.29 491.08 
0.00 466.50 26.25 505.31 
13.29 425.46 73.31 531.90 
569.09 476.05 735.00 562.98 
232.13 470.67 359.77 522.77 
22.96 432.94 56.74 506.97 
0.00 0.00 626.41 251.81 
0.00 0.00 177.75 548.47 
569.93 0.00 735.00 512.52 
91.03 0.00 646.06 573.72 
194.31 0.00 573.12 347.50 
0.00 432.42 22.81 484.95 
265.06 478.48 359.33 520.40 
650.16 492.45 735.00 552.87 
0.00 0.00 735.00 190.17 
470.37 99.65 735.00 239.25 
347.62 475.38 501.25 539.88 
518.93 473.23 667.65 544.64 
215.00 459.80 274.70 499.62 
166.81 465.16 198.75 496.77 
541.05 0.00 735.00 245.84 
181.05 467.55 216.60 496.71 
263.13 479.28 328.96 520.19 
603.90 71.21 735.00 230.12 
433.54 489.14 735.00 575.00 
254.53 57.36 635.85 488.89 
334.23 469.42 426.58 513.43 
506.23 0.00 735.00 326.33 
0.70 446.37 52.11 492.79 
343.41 351.35 735.00 575.00 
0.00 439.47 30.53 475.24 
691.32 472.75 735.00 563.09 
0.00 310.69 444.41 552.24 
44.07 435.64 120.63 506.74 
149.25 463.66 192.81 491.98 
169.34 461.13 198.84 490.16 
686.19 85.60 735.00 223.18 
254.55 451.26 349.53 511.92 
0.00 261.69 384.83 572.94 
677.64 483.87 735.00 555.63 
681.06 348.49 735.00 436.12 
346.66 470.91 450.08 513.00 
0.00 97.05 459.30 444.83 
279.45 463.64 342.99 497.49 
0.00 119.18 439.63 551.79 
285.48 478.20 369.06 522.44 
122.78 464.87 151.58 494.48 
342.08 200.04 735.00 456.58 
366.78 234.76 735.00 362.23 
711.06 122.23 735.00 189.78 
543.72 463.21 663.42 552.47 
354.89 468.80 450.12 492.04 
704.61 350.09 735.00 476.51 
0.00 452.06 39.22 489.42 
205.43 458.94 228.67 485.74 
253.39 467.37 338.19 527.84 
17.89 461.24 97.56 510.81 
691.01 352.85 735.00 494.04 
297.28 462.61 350.72 519.59 
11.67 431.85 41.18 491.92 
541.95 467.01 669.26 528.73 
392.20 0.00 735.00 359.28 
31.17 448.44 144.37 507.89 
541.67 326.26 735.00 575.00 
711.22 135.37 735.00 207.95 
0.00 434.20 159.46 535.11 
228.45 0.00 569.71 524.77 
629.79 56.78 735.00 255.84 
299.33 259.82 735.00 575.00 
177.88 457.42 259.79 503.42 
150.11 0.00 563.48 244.87 
251.33 482.05 313.29 519.75 
458.77 67.91 735.00 207.53 
12.19 444.45 35.56 489.97 
707.87 452.94 735.00 575.00 
281.38 459.95 338.42 516.27 
303.07 479.21 350.90 519.53 
657.87 455.68 735.00 568.31 
709.41 91.60 735.00 229.65 
72.30 0.00 434.76 409.40 
186.75 463.64 257.58 493.62 
21.23 462.23 128.82 525.31 
0.00 440.39 636.36 575.00 
529.98 456.44 694.18 548.76 
0.00 385.07 497.13 575.00 
170.46 52.75 597.84 575.00 
463.86 448.75 735.00 527.95 
101.50 461.59 171.75 502.28 
438.98 374.52 735.00 575.00 
700.68 105.30 735.00 233.08 
20.73 457.50 66.54 513.04 
201.43 463.18 236.12 511.36 
368.48 456.64 512.38 509.67 
700.17 353.98 735.00 440.75 
582.25 455.52 735.00 530.92 
336.34 459.64 426.18 530.30 
356.53 464.49 460.48 497.05 
26.99 441.73 51.85 488.17 
707.70 327.39 735.00 451.30 
425.21 478.45 483.63 527.79 
330.23 474.71 359.85 510.44 
365.02 455.02 451.04 541.91 
490.14 272.61 735.00 575.00 
285.08 469.74 362.80 493.97 
433.93 0.00 735.00 87.24 
237.16 471.25 297.17 507.07 
9.19 415.25 67.40 518.29 
191.60 457.52 249.85 498.62 
294.66 0.00 620.36 355.37 
23.08 436.10 90.37 527.70 
340.68 117.29 735.00 485.42 
579.37 26.44 735.00 279.18 
694.63 472.81 734.66 515.05 
202.55 463.06 230.28 496.78 
0.00 0.00 340.38 337.50 
21.49 357.42 622.82 575.00 
684.67 320.09 735.00 444.12 
236.48 0.00 665.52 249.37 
0.00 121.90 193.07 575.00 
272.90 464.66 410.13 518.11 
607.45 0.00 735.00 311.96 
208.17 457.05 258.65 500.26 
693.71 334.05 735.00 455.87 
32.00 476.04 115.97 521.21 
370.52 476.94 477.52 523.62 
0.00 456.53 31.46 483.93 
686.41 465.06 735.00 522.52 
403.06 538.81 735.00 575.00 
17.38 445.36 66.63 502.15 
176.07 423.77 735.00 575.00 
217.80 462.97 267.45 512.20 
686.33 469.18 735.00 542.68 
417.05 478.15 735.00 556.30 
0.00 434.35 51.26 479.88 
538.40 260.31 589.04 371.92 
362.54 448.18 515.83 558.99 
319.70 466.60 406.88 512.21 
155.63 454.43 205.71 500.57 
0.00 331.46 282.00 575.00 
165.22 0.00 452.62 575.00 
281.17 480.17 343.45 517.86 
513.65 0.00 735.00 94.79 
224.78 463.09 333.22 517.30 
707.01 132.51 735.00 275.54 
32.46 439.83 108.67 504.09 
424.42 469.62 488.56 514.79 
201.69 461.99 309.32 515.60 
0.00 142.62 259.72 532.41 
127.47 8.28 643.45 281.16 
369.75 462.30 477.56 498.04 
323.31 472.05 454.41 507.74 
0.00 440.83 406.00 575.00 
244.74 467.08 295.04 516.86 
0.00 423.36 127.32 547.41 
645.45 507.48 735.00 556.99 
334.47 472.39 357.04 497.75 
0.00 0.00 521.36 166.20 
670.70 302.99 735.00 509.79 
