0.203306
-0.108975
0.345488
-0.755833
0.373825
0.540673
0.086547
-0.712747
-0.292373
1.459527
-0.406443
-0.145427
-0.024473
-0.847295
-0.205950
-1.221638
0.957978
-0.723494
-0.515999
2.009418
0.888787
-0.345875
-0.005090
0.378369
0.544532
0.045997
-0.265970
-0.330979
0.314841
-0.314127
0.071275
1.148186
-2.389685
-0.474104
-0.032581
0.843928
0.411966
-0.247569
-0.265251
-1.271641
-0.475879
-0.564561
1.552782
1.207751
0.864461
-0.106563
0.363751
-1.787717
0.550788
0.381055
0.209746
-0.830778
0.817250
-0.924741
1.971219
0.132375
1.469910
-0.298424
1.548352
-0.032350
0.137508
-1.959596
-1.282756
0.521254
0.205884
-1.406933
0.564714
0.585550
-0.299472
-0.440419
0.316726
-2.073723
-0.604184
1.292140
0.788953
0.739754
1.325227
-0.651838
-2.029409
-1.124479
0.886159
-0.698553
0.913873
0.310034
-0.582259
-0.638675
0.581815
-1.496474
0.255508
1.217249
-0.593692
-1.504821
-1.140703
-0.546607
-1.359998
0.494324
-0.426968
0.138959
0.142318
-1.189179
0.418726
-1.116850
-1.139953
-1.284884
-0.545499
-0.086870
-2.881037
-0.941397
1.319292
-0.484342
0.584096
-0.960664
0.777773
2.750963
-0.289949
0.730366
0.422095
0.853998
-0.787026
0.737436
1.480893
0.124475
-0.298325
0.306054
0.159021
0.358254
0.618128
-2.139922
-0.568100
-0.038302
-0.965961
0.001986
-1.323030
-0.089442
-2.001784
-1.076602
-1.120110
0.533417
-0.651507
-1.156959
-0.044377
-0.331783
0.616636
-0.045710
0.524996
-1.540921
1.469053
-0.251170
-1.944366
-0.769502
0.468980
1.235909
0.684667
0.415627
-2.387710
0.802908
1.341367
0.361252
1.120753
-1.738840
0.519779
0.539342
-0.623604
-0.033976
-1.439088
0.130111
-1.457968
0.983011
0.919696
0.939287
0.481922
-1.397275
1.378396
-0.553239
0.407386
0.072755
-0.747541
-0.368886
-0.403751
0.098274
0.621572
0.038075
0.446793
-0.868714
-0.670640
-0.275542
0.676599
1.211795
-0.716530
0.385693
-0.893894
-2.685855
0.554831
2.025268
1.555962
-1.244954
0.241503
1.789342
0.772691
-0.251880
0.210013
0.092618
-1.375641
0.164253
-0.172928
-2.348848
1.604804
1.069864
1.337425
0.203482
-0.817354
0.381418
0.236175
0.355908
0.554273
-1.203259
1.524628
1.701759
1.369270
-0.096063
0.516675
0.466279
0.645007
0.876808
-0.248695
-1.023889
-0.431836
0.172378
-0.716366
-0.595474
0.557566
-0.865968
-0.560321
-0.644240
0.680262
1.418626
-1.590546
-0.778017
-0.980307
0.476557
-0.134761
0.161512
0.652004
-0.514004
-0.875151
0.308263
1.358740
-0.226940
0.089746
-1.842693
0.785724
0.761684
-3.061180
-0.185654
-0.784625
-0.177867
0.088522
-0.298609
-0.371987
-0.224538
0.201453
2.238973
-1.352860
1.142265
0.343882
2.075583
0.350178
-0.471369
1.371783
0.249057
-0.860570
-0.114103
-0.506857
-1.467809
-0.673880
-1.307448
-1.459096
0.204786
0.523857
-0.413648
0.404035
-0.404477
-1.707324
0.007963
-0.588667
0.479651
-1.040721
-0.947140
-0.545897
2.472208
0.802295
0.573958
-0.310973
-0.262899
-1.052088
0.817513
1.543454
-0.150274
-1.094137
0.706667
-1.066818
1.069542
-0.733530
-0.247478
-1.348479
-0.079516
-1.692746
-1.604331
1.242932
0.667959
0.014589
1.178780
-0.410930
0.248999
1.236967
-0.055395
0.485436
0.753991
1.786718
0.318345
1.149345
0.528776
0.737801
-2.057808
0.085201
-0.932909
-0.437472
-1.812869
-1.953555
-0.182115
0.652380
-1.493774
-0.198436
0.348745
0.954192
-1.374894
0.848707
0.850108
-1.592833
0.497633
-1.762557
0.036590
-0.033387
-0.265815
0.549369
-0.789893
1.907641
1.734051
-1.013903
0.893243
0.028578
-1.156833
0.683706
1.903755
0.347098
-0.510510
0.661618
-0.552644
0.635072
0.057238
-2.087457
0.158604
-0.478552
-0.004248
1.054510
-2.904670
0.231153
1.873048
0.738415
-0.137932
-1.234908
2.224557
0.397763
0.429930
0.844085
0.319042
1.801032
1.811621
1.740624
-0.279910
-0.175448
0.796403
-1.039472
0.686213
-0.507084
0.933360
-0.103871
1.529749
-0.104330
0.276382
1.116978
0.183573
0.564208
0.072539
1.168799
1.607090
0.169559
0.732691
-0.256294
-1.036445
-0.778365
0.163484
-0.350355
-1.222724
1.145411
-1.009920
-0.544519
-0.715746
1.085906
-0.666438
-0.992013
-2.084112
0.777237
2.034995
0.619968
0.703820
-0.386174
0.185029
-1.209967
1.388823
1.008152
-1.838584
0.251802
-0.287791
-1.221431
1.147470
-0.230848
0.724223
-0.833713
-1.495727
-1.258820
0.251785
0.517078
-0.948037
1.302313
1.043793
0.186925
-0.581512
1.827303
0.760966
1.033503
0.310509
0.182850
-0.462973
-0.981717
0.682762
0.655732
0.518372
-1.220022
-0.721046
