2.442429
0.941420
-1.090425
-0.585717
1.518283
0.259975
-0.345734
-0.180794
-0.204131
0.214277
2.013350
0.830484
1.773155
0.298400
0.326772
-0.084016
0.263514
-1.035823
0.912494
-1.074268
-0.927849
0.947270
-0.771226
0.023499
0.706126
0.728136
0.069366
-0.207269
1.049830
-0.983810
-1.519653
-0.227798
-0.565691
0.910676
-0.179665
0.400071
-0.141738
0.571793
0.442657
-2.864891
-0.519162
-0.396911
0.355693
-0.858464
0.082472
0.963066
0.622909
-2.817980
1.194276
0.722554
-0.404517
1.051736
-0.952582
-0.027706
0.005546
-0.669099
1.217949
1.475609
-1.225486
-0.194700
0.171968
-0.833195
-0.655522
-0.060965
-0.574518
0.033223
-0.213344
1.732300
-0.756999
-0.145244
-1.211326
-0.754992
0.651735
-1.074668
-0.512264
-0.211515
-0.176491
-0.721735
2.193843
2.370550
-0.221774
0.532746
-0.156944
-1.781027
0.981222
-0.087183
1.600916
-0.035216
0.418803
0.914036
0.809808
0.651040
0.141586
-0.622238
-1.948373
1.047538
2.113690
0.700231
-0.774496
1.065616
0.933980
-0.797426
1.753366
-1.504842
0.128428
-2.593743
0.251554
-0.961637
-0.924834
-0.689588
-0.142208
0.338767
0.099508
-0.564009
2.544201
-0.130245
0.139417
-1.043719
0.978727
2.368310
1.264753
1.620249
-1.256861
1.169318
0.487919
0.734544
-0.093751
-1.461581
0.300347
-1.011258
1.243328
0.162075
0.238593
-0.699398
-0.155494
0.682896
0.298517
-2.337197
-0.155197
1.500940
-0.849045
0.013358
0.960574
0.105384
-0.375174
0.388486
0.064104
-0.416484
-0.708007
-1.550995
-0.336662
-0.181304
-0.048854
-0.170334
-0.416057
0.778027
-1.405035
0.265357
-1.692447
-0.132850
-0.462741
0.616406
0.197941
-0.520653
0.311691
1.082803
-0.321054
2.120371
0.603374
-0.793291
-0.290463
-0.205933
-0.061717
-0.293271
-0.365495
1.212325
0.235003
1.288227
-0.339061
0.846670
1.252177
2.198027
0.900141
0.496135
0.872337
-0.960617
-1.590865
0.018022
-1.454974
1.002583
1.570303
-1.826584
0.662853
0.183627
1.152046
-1.882401
-0.412803
0.063919
-0.835344
0.897320
0.503348
-0.376300
0.150244
-0.971409
0.607738
-0.020529
1.481710
-0.762852
-0.429452
-0.281648
0.236722
-1.160607
-0.595531
0.811327
-0.913305
-0.460937
1.134400
-1.076228
0.533372
0.074875
-0.719970
0.897455
0.055963
0.940705
0.066036
-1.163343
0.278252
1.808722
-0.557837
1.585720
0.553399
-0.052571
0.183125
-2.338521
-1.544644
-0.237020
-0.663431
1.302398
-0.285705
-0.265089
-0.693814
-1.243837
-1.442016
-1.381900
0.824128
-1.743576
1.657834
-2.027785
-0.944583
0.385366
-0.586745
1.396122
0.378628
0.914357
-0.129131
-0.370399
-0.468650
0.153004
0.197625
-0.146867
0.650111
-0.756875
1.232220
-0.006682
-0.657851
-0.723778
-2.115937
1.360494
-0.169986
-1.281216
-0.082320
-1.070677
-1.929084
-1.391116
1.241157
-1.113116
-0.453209
2.189259
0.601710
0.752474
-1.893888
-0.918290
-1.463943
-0.246642
0.161118
2.014386
-2.110116
0.317371
0.070000
0.688918
1.299900
-0.749494
-1.899941
1.544557
-1.063587
0.643655
0.141603
-0.802417
-1.547998
0.918738
-1.643613
-1.796073
0.229144
0.747968
-0.725062
0.585505
0.533992
-1.412966
-0.815076
0.212711
-0.966922
-1.089843
-0.726041
-0.628883
-0.343573
0.407353
1.936274
1.205749
1.935487
0.804418
-0.357986
-0.650282
-1.291216
0.881482
-1.179318
-0.203023
0.928517
-2.222266
0.006514
-1.030154
-0.294797
0.266299
-1.836991
-0.657446
-0.790639
0.804307
-1.526892
-0.383744
-1.366009
-0.916782
-0.999195
-0.680023
1.346116
0.152716
-0.177551
-0.142647
-0.179585
-0.298094
-0.443055
0.897998
-1.839661
0.134541
-1.486407
-1.541600
-0.822739
-0.619071
-0.474033
-0.196785
-0.847668
0.370394
2.674071
1.269249
0.022682
-0.440560
1.664316
1.285517
-1.394131
-0.389759
0.995438
0.340192
-1.348157
-0.892144
0.816364
2.144067
-0.499211
0.266304
-0.375130
0.971524
-1.251603
-0.857130
0.271382
0.308767
1.951979
-1.758497
0.876372
1.498302
-0.957724
-0.210112
0.015085
-0.553774
-1.266798
-1.829011
-1.045316
-1.201837
0.094562
-0.897320
-0.762435
0.113705
-0.446223
-0.335053
0.020358
0.141891
-0.796744
0.850054
-0.056178
0.933143
-0.747588
-0.093525
0.586694
0.111567
0.336525
0.731406
-1.020396
-0.055716
-0.978309
1.393698
1.032663
-0.139655
-1.223801
2.193227
-0.965108
-1.099694
2.521014
1.139467
-2.348665
0.050031
0.547046
0.854523
0.473366
1.372398
1.664807
-1.105481
-0.024639
-0.155997
0.953070
-1.099068
0.989381
0.220359
0.846478
0.784468
-0.275031
-0.043405
0.532332
-0.054842
0.807551
-0.933684
1.183197
-1.371883
-1.799215
1.885231
-0.168848
1.197835
0.632761
1.669488
2.121794
-0.703533
1.148717
1.279486
0.771418
0.443208
-0.835259
-0.539538
-0.654278
-0.917632
-0.940990
-0.371669
0.441729
1.168485
-0.887988
-0.720148
-0.144548
-0.463564
-0.316388
-0.568041
0.304599
-0.922264
-1.020965
-1.717569
-0.577307
-1.665620
1.501899
0.314898
-1.525756
1.924706
0.073249
0.732825
1.354333
-1.815298
0.157706
0.886803
-0.246372
-0.761685
1.442704
0.820062
-0.592266
0.060335
0.482237
1.119542
-2.004054
2.187860
