33 28.0 69.0 433.0 140.0 999.000
68 41.0 18.0 425.0 212.0 704.000
108 234.0 167.0 51.0 55.0 998.000
119 397.0 132.0 93.0 49.0 820.000
120 182.0 125.0 91.0 69.0 999.000
128 64.0 42.0 405.0 185.0 997.000
128 399.0 166.0 101.0 38.0 978.000
159 337.0 179.0 67.0 32.0 999.000
213 16.0 31.0 475.0 340.0 999.000
243 417.0 120.0 47.0 27.0 995.000
264 255.0 118.0 70.0 139.0 995.000
266 68.0 11.0 418.0 339.0 720.000
282 43.0 321.0 150.0 72.0 997.000
317 104.0 34.0 387.0 231.0 999.000
317 23.0 39.0 135.0 118.0 921.000
317 78.0 38.0 68.0 86.0 839.000
344 140.0 174.0 229.0 93.0 999.000
346 7.0 104.0 445.0 155.0 999.000
359 76.0 91.0 352.0 128.0 989.000
359 200.0 268.0 299.0 66.0 917.000
359 413.0 118.0 73.0 34.0 849.000
365 226.0 187.0 57.0 44.0 997.000
365 123.0 167.0 52.0 38.0 995.000
365 11.0 109.0 65.0 45.0 973.000
365 50.0 287.0 60.0 41.0 968.000
416 232.0 127.0 54.0 23.0 985.000
430 166.0 99.0 44.0 32.0 996.000
430 169.0 244.0 45.0 27.0 994.000
430 255.0 186.0 42.0 27.0 993.000
430 147.0 141.0 36.0 30.0 987.000
430 148.0 208.0 37.0 35.0 986.000
430 123.0 177.0 43.0 32.0 986.000
430 187.0 210.0 47.0 28.0 984.000
430 186.0 150.0 42.0 29.0 982.000
430 214.0 180.0 34.0 27.0 956.000
452 404.0 204.0 97.0 43.0 793.000
484 23.0 62.0 440.0 169.0 999.000
489 21.0 33.0 479.0 371.0 997.000
529 35.0 113.0 397.0 125.0 997.000
544 31.0 45.0 329.0 194.0 996.000
556 10.0 76.0 454.0 216.0 992.000
556 186.0 182.0 148.0 142.0 926.000
556 42.0 95.0 456.0 92.0 854.000
556 1.0 114.0 103.0 46.0 808.000
570 152.0 72.0 187.0 206.0 999.000
582 132.0 197.0 230.0 65.0 999.000
616 9.0 118.0 461.0 141.0 999.000
641 4.0 1.0 496.0 321.0 834.000
654 29.0 112.0 349.0 128.0 999.000
692 13.0 67.0 480.0 139.0 999.000
695 266.0 168.0 52.0 84.0 887.000
724 9.0 83.0 470.0 166.0 999.000
756 326.0 163.0 26.0 27.0 856.000
776 69.0 111.0 381.0 104.0 999.000
787 42.0 38.0 358.0 362.0 999.000
816 1.0 26.0 497.0 320.0 999.000
816 370.0 277.0 130.0 41.0 826.000
838 186.0 119.0 287.0 77.0 999.000
899 91.0 187.0 172.0 77.0 999.000
899 438.0 205.0 62.0 55.0 992.000
932 31.0 88.0 389.0 105.0 996.000
933 125.0 123.0 369.0 143.0 998.000
952 137.0 105.0 289.0 116.0 998.000
953 20.0 57.0 477.0 131.0 999.000
966 20.0 48.0 472.0 190.0 999.000
977 206.0 144.0 161.0 50.0 999.000
998 72.0 140.0 139.0 60.0 804.000
1010 208.0 137.0 207.0 102.0 999.000
1011 6.0 68.0 467.0 176.0 999.000
1011 313.0 196.0 65.0 20.0 711.000
1016 165.0 113.0 124.0 103.0 998.000
1021 135.0 148.0 56.0 51.0 999.000
1039 26.0 19.0 466.0 230.0 999.000
1041 2.0 9.0 499.0 287.0 803.000
1061 161.0 144.0 150.0 37.0 999.000
1069 410.0 237.0 35.0 23.0 973.000
1070 26.0 53.0 421.0 169.0 999.000
1070 458.0 73.0 37.0 23.0 848.000
1094 20.0 84.0 472.0 136.0 999.000
1109 123.0 101.0 310.0 88.0 985.000
1109 31.0 111.0 450.0 258.0 982.000
1119 126.0 193.0 362.0 81.0 933.000
1119 51.0 75.0 236.0 68.0 913.000
1119 152.0 90.0 278.0 85.0 911.000
1119 100.0 114.0 392.0 145.0 840.000
1135 26.0 66.0 308.0 397.0 979.000
1182 59.0 136.0 379.0 173.0 992.000
1232 21.0 136.0 452.0 121.0 999.000
1232 64.0 227.0 108.0 27.0 997.000
1232 55.0 241.0 117.0 19.0 931.000
1232 19.0 215.0 230.0 43.0 845.000
1232 4.0 236.0 78.0 26.0 826.000
1232 289.0 238.0 177.0 23.0 772.000
1288 25.0 16.0 474.0 275.0 999.000
1305 19.0 1.0 327.0 483.0 994.000
1327 1.0 111.0 482.0 115.0 998.000
1329 242.0 119.0 243.0 86.0 988.000
1346 93.0 176.0 101.0 59.0 959.000
1348 87.0 94.0 411.0 150.0 999.000
1353 50.0 82.0 429.0 254.0 807.000
1372 46.0 48.0 439.0 171.0 999.000
1378 13.0 41.0 450.0 234.0 999.000
1404 187.0 100.0 37.0 22.0 992.000
1416 3.0 82.0 481.0 293.0 998.000
1416 267.0 100.0 84.0 33.0 994.000
1420 95.0 69.0 328.0 199.0 962.000
1443 10.0 105.0 473.0 208.0 995.000
1453 197.0 102.0 116.0 128.0 999.000
1470 3.0 42.0 348.0 158.0 999.000
1470 255.0 170.0 245.0 205.0 993.000
1479 27.0 100.0 456.0 183.0 959.000
1512 106.0 94.0 394.0 222.0 996.000
1560 126.0 89.0 54.0 22.0 743.000
1561 63.0 80.0 406.0 203.0 997.000
1568 15.0 125.0 476.0 215.0 999.000
1591 69.0 109.0 364.0 114.0 998.000
1591 2.0 137.0 150.0 35.0 875.000
1591 21.0 143.0 257.0 74.0 778.000
1602 175.0 133.0 216.0 108.0 998.000
1621 7.0 102.0 492.0 172.0 998.000
1663 97.0 90.0 70.0 18.0 992.000
1674 207.0 141.0 65.0 40.0 983.000
1677 5.0 105.0 487.0 142.0 999.000
1705 13.0 116.0 467.0 109.0 999.000
1705 1.0 195.0 87.0 28.0 925.000
1722 422.0 17.0 48.0 55.0 997.000
1732 14.0 17.0 478.0 246.0 998.000
1734 365.0 182.0 64.0 28.0 848.000
1778 22.0 44.0 470.0 189.0 999.000
1896 49.0 118.0 418.0 112.0 997.000
2022 5.0 90.0 476.0 175.0 999.000
2060 8.0 43.0 432.0 168.0 999.000
2060 11.0 145.0 125.0 45.0 959.000
2082 110.0 74.0 363.0 286.0 900.000
2087 6.0 66.0 475.0 150.0 999.000
2126 45.0 123.0 431.0 181.0 998.000
2143 8.0 68.0 485.0 192.0 999.000
2172 186.0 292.0 19.0 18.0 953.000
2172 197.0 256.0 15.0 28.0 845.000
2182 14.0 102.0 451.0 107.0 999.000
2231 23.0 191.0 260.0 63.0 995.000
2231 5.0 201.0 131.0 48.0 943.000
2231 357.0 204.0 137.0 27.0 880.000
2231 198.0 205.0 91.0 22.0 711.000
2241 3.0 43.0 483.0 302.0 997.000
2257 197.0 187.0 110.0 47.0 997.000
2268 11.0 43.0 490.0 237.0 999.000
2277 238.0 236.0 28.0 59.0 823.000
2315 4.0 114.0 485.0 132.0 999.000
2332 106.0 153.0 240.0 98.0 999.000
2370 106.0 70.0 76.0 63.0 999.000
2390 192.0 126.0 57.0 122.0 996.000
2410 141.0 5.0 166.0 122.0 999.000
2410 44.0 97.0 172.0 112.0 998.000
2450 129.0 73.0 130.0 180.0 999.000
2490 2.0 15.0 486.0 309.0 999.000
2497 77.0 106.0 312.0 144.0 999.000
2497 261.0 118.0 68.0 24.0 721.000
2511 338.0 130.0 122.0 84.0 989.000
2516 310.0 200.0 112.0 31.0 996.000
2531 3.0 16.0 495.0 274.0 998.000
2547 117.0 195.0 176.0 53.0 987.000
2547 355.0 221.0 61.0 16.0 969.000
2614 32.0 103.0 453.0 190.0 997.000
2614 398.0 144.0 102.0 64.0 904.000
2617 11.0 122.0 460.0 113.0 999.000
2622 3.0 77.0 370.0 338.0 999.000
2632 277.0 20.0 211.0 190.0 904.000
2681 177.0 201.0 199.0 52.0 972.000
2687 25.0 43.0 476.0 177.0 996.000
2692 45.0 100.0 432.0 142.0 994.000
2692 45.0 127.0 177.0 87.0 817.000
2704 27.0 201.0 348.0 229.0 954.000
2714 155.0 138.0 201.0 52.0 998.000
2714 43.0 140.0 406.0 182.0 998.000
2757 55.0 135.0 333.0 144.0 999.000
2780 7.0 104.0 472.0 172.0 999.000
2806 18.0 42.0 456.0 157.0 998.000
2806 139.0 77.0 158.0 43.0 973.000
2806 29.0 69.0 295.0 61.0 944.000
2806 141.0 61.0 45.0 27.0 915.000
2806 73.0 61.0 150.0 36.0 902.000
2806 109.0 59.0 64.0 28.0 868.000
2806 280.0 75.0 64.0 39.0 764.000
2943 5.0 79.0 484.0 174.0 997.000
2943 243.0 82.0 218.0 87.0 875.000
2967 24.0 134.0 171.0 193.0 999.000
2998 31.0 99.0 440.0 138.0 999.000
3011 305.0 222.0 56.0 20.0 984.000
3011 247.0 189.0 61.0 21.0 977.000
3011 157.0 160.0 56.0 21.0 971.000
3011 312.0 192.0 68.0 38.0 970.000
3011 320.0 225.0 21.0 16.0 833.000
3055 384.0 123.0 115.0 44.0 892.000
3095 95.0 154.0 371.0 117.0 984.000
3107 5.0 87.0 488.0 153.0 999.000
3121 22.0 74.0 473.0 162.0 998.000
3149 45.0 94.0 316.0 127.0 968.000
3149 314.0 116.0 174.0 36.0 855.000
3166 241.0 22.0 230.0 83.0 726.000
3180 295.0 117.0 71.0 28.0 999.000
3180 180.0 134.0 69.0 28.0 997.000
3180 86.0 154.0 73.0 28.0 987.000
3180 86.0 177.0 78.0 30.0 924.000
3180 84.0 186.0 84.0 41.0 836.000
3242 199.0 170.0 155.0 34.0 994.000
3265 3.0 86.0 368.0 274.0 998.000
3274 24.0 117.0 445.0 122.0 991.000
3302 24.0 114.0 440.0 178.0 999.000
3328 8.0 140.0 306.0 164.0 917.000
3328 213.0 169.0 121.0 112.0 890.000
3349 213.0 141.0 64.0 81.0 999.000
3353 145.0 81.0 85.0 43.0 998.000
3410 79.0 82.0 414.0 232.0 865.000
3412 23.0 13.0 474.0 235.0 999.000
3441 20.0 4.0 454.0 314.0 999.000
3481 119.0 146.0 351.0 186.0 998.000
3510 53.0 83.0 434.0 145.0 999.000
3530 212.0 112.0 89.0 37.0 995.000
3537 70.0 138.0 364.0 148.0 999.000
3539 10.0 127.0 464.0 168.0 997.000
3539 1.0 162.0 102.0 55.0 976.000
3543 1.0 55.0 446.0 252.0 999.000
3544 44.0 70.0 369.0 153.0 995.000
3591 177.0 148.0 49.0 23.0 997.000
3592 112.0 130.0 152.0 63.0 998.000
3595 95.0 93.0 388.0 96.0 994.000
3604 168.0 50.0 184.0 224.0 999.000
3607 106.0 145.0 216.0 72.0 996.000
3607 400.0 181.0 79.0 33.0 995.000
3607 90.0 188.0 76.0 27.0 794.000
3636 48.0 63.0 386.0 180.0 998.000
3642 10.0 1.0 491.0 294.0 999.000
3642 394.0 189.0 90.0 38.0 970.000
3672 25.0 122.0 123.0 164.0 999.000
3740 24.0 114.0 353.0 107.0 983.000
3740 112.0 56.0 372.0 205.0 793.000
3757 1.0 21.0 477.0 287.0 705.000
3787 1.0 129.0 489.0 179.0 999.000
3807 61.0 61.0 429.0 250.0 996.000
3815 184.0 141.0 135.0 71.0 999.000
3823 80.0 189.0 382.0 126.0 992.000
3872 13.0 208.0 473.0 163.0 999.000
3872 328.0 304.0 169.0 52.0 763.000
3881 46.0 125.0 437.0 124.0 999.000
3888 52.0 99.0 384.0 177.0 999.000
3888 398.0 202.0 84.0 34.0 846.000
3904 63.0 157.0 343.0 102.0 998.000
3904 1.0 176.0 122.0 78.0 759.000
3904 1.0 188.0 70.0 47.0 754.000
3954 59.0 113.0 321.0 97.0 999.000
3961 4.0 5.0 472.0 297.0 999.000
3967 49.0 91.0 440.0 163.0 999.000
3969 18.0 112.0 405.0 101.0 999.000
3972 256.0 212.0 204.0 111.0 719.000
3979 123.0 83.0 271.0 121.0 997.000
3979 148.0 149.0 41.0 34.0 845.000
3979 34.0 142.0 135.0 39.0 815.000
3999 320.0 142.0 16.0 20.0 963.000
3999 252.0 114.0 17.0 20.0 913.000
3999 297.0 146.0 16.0 16.0 879.000
3999 311.0 90.0 17.0 21.0 876.000
3999 258.0 133.0 29.0 16.0 849.000
3999 302.0 110.0 18.0 22.0 814.000
4021 1.0 71.0 443.0 170.0 988.000
4146 81.0 34.0 397.0 237.0 995.000
4196 15.0 33.0 485.0 290.0 999.000
4205 17.0 176.0 270.0 78.0 997.000
4205 361.0 155.0 87.0 33.0 983.000
4205 437.0 148.0 63.0 43.0 983.000
4205 139.0 174.0 113.0 28.0 947.000
4205 145.0 173.0 34.0 21.0 922.000
4205 29.0 227.0 467.0 124.0 863.000
4205 196.0 175.0 88.0 34.0 786.000
4205 204.0 176.0 19.0 19.0 771.000
4242 7.0 17.0 475.0 273.0 997.000
4254 206.0 117.0 247.0 77.0 999.000
4254 1.0 174.0 89.0 24.0 930.000
4254 13.0 167.0 182.0 31.0 788.000
4254 24.0 102.0 330.0 99.0 786.000
4291 48.0 66.0 434.0 167.0 998.000
4320 103.0 98.0 265.0 153.0 984.000
4320 330.0 112.0 122.0 121.0 848.000
4320 1.0 115.0 115.0 79.0 773.000
4347 6.0 61.0 469.0 230.0 999.000
4365 10.0 35.0 486.0 335.0 721.000
4382 19.0 119.0 465.0 109.0 999.000
4399 138.0 130.0 262.0 78.0 997.000
4418 354.0 220.0 34.0 38.0 999.000
4427 281.0 101.0 64.0 114.0 998.000
4444 1.0 1.0 439.0 253.0 991.000
4463 113.0 59.0 182.0 126.0 999.000
4476 80.0 125.0 389.0 200.0 999.000
4499 9.0 87.0 424.0 232.0 999.000
4524 1.0 131.0 491.0 244.0 999.000
4528 7.0 157.0 488.0 150.0 999.000
4571 43.0 101.0 402.0 102.0 999.000
4589 149.0 136.0 150.0 80.0 999.000
4616 15.0 100.0 474.0 147.0 999.000
4628 6.0 21.0 311.0 428.0 995.000
4648 1.0 1.0 494.0 333.0 999.000
4649 194.0 244.0 134.0 105.0 985.000
4660 428.0 237.0 18.0 20.0 965.000
4660 416.0 257.0 19.0 21.0 956.000
4660 433.0 157.0 18.0 16.0 857.000
4660 422.0 141.0 23.0 15.0 815.000
4749 134.0 168.0 63.0 29.0 999.000
4749 350.0 83.0 78.0 28.0 993.000
4749 239.0 126.0 71.0 28.0 989.000
4749 252.0 183.0 64.0 27.0 982.000
4749 353.0 147.0 73.0 20.0 957.000
4749 364.0 196.0 65.0 28.0 954.000
4749 358.0 116.0 71.0 28.0 937.000
4749 248.0 157.0 65.0 27.0 920.000
4749 363.0 171.0 66.0 34.0 900.000
4749 355.0 124.0 74.0 70.0 762.000
4883 109.0 126.0 270.0 93.0 999.000
4887 131.0 127.0 266.0 148.0 998.000
4889 26.0 89.0 446.0 160.0 996.000
4907 91.0 62.0 318.0 145.0 999.000
4928 25.0 136.0 462.0 109.0 999.000
