000067 1.000 27.9 68.7 461.0 209.5
000128 0.704 41.0 18.2 465.5 230.2
000216 0.998 233.6 166.6 284.8 222.3
000240 0.820 397.4 132.1 490.0 181.0
000243 1.000 181.5 124.8 272.9 194.2
000260 0.998 64.4 42.3 468.8 226.6
000260 0.979 398.6 165.7 500.5 204.5
000316 0.999 336.8 179.1 404.3 210.6
000418 1.000 16.1 31.1 490.8 371.2
000473 0.995 417.3 120.4 464.0 146.8
000521 0.995 255.2 118.4 324.8 256.9
000529 0.720 68.3 11.1 485.7 350.3
000560 0.998 43.2 321.2 192.8 392.8
000618 0.999 104.4 33.9 491.4 264.6
000618 0.922 22.6 39.3 158.1 157.4
000618 0.839 78.1 37.5 146.0 123.8
000665 1.000 139.7 174.1 368.6 267.3
000668 1.000 6.7 104.1 452.1 258.5
000696 0.990 76.2 91.3 428.3 219.0
000696 0.918 200.1 267.5 499.1 333.5
000696 0.850 412.5 117.9 486.3 151.8
000706 0.998 226.1 187.0 282.6 231.3
000706 0.995 123.2 167.5 175.2 204.6
000706 0.973 11.2 109.3 75.5 153.9
000706 0.968 50.5 287.5 110.2 328.4
000817 0.986 232.3 127.2 286.1 150.3
000846 0.997 166.4 98.7 210.3 131.2
000846 0.995 169.2 244.0 213.7 271.1
000846 0.994 254.8 186.4 296.8 213.0
000846 0.988 146.6 140.7 182.8 171.2
000846 0.987 147.9 207.8 185.2 242.7
000846 0.986 122.7 176.7 166.0 209.0
000846 0.985 187.1 210.1 234.4 238.3
000846 0.982 185.9 150.5 227.8 179.3
000846 0.956 213.7 180.2 247.9 207.4
000901 0.794 404.4 203.6 500.5 246.5
000968 1.000 22.6 62.3 463.3 231.3
000976 0.998 21.0 33.3 500.4 404.4
001046 0.998 34.7 113.4 431.9 238.5
001080 0.997 31.1 45.1 360.1 239.0
001099 0.993 10.1 76.3 464.2 292.1
001099 0.927 186.3 181.7 334.4 324.0
001099 0.854 42.0 95.5 498.4 187.0
001099 0.809 1.0 114.0 104.0 160.0
001126 1.000 151.8 71.5 339.2 277.9
001153 0.999 132.1 196.5 362.4 261.8
001223 1.000 9.1 118.3 469.6 258.9
001278 0.834 3.5 1.0 500.5 322.2
001305 1.000 29.0 112.3 377.8 240.4
001373 1.000 13.0 66.9 492.6 205.5
001377 0.888 265.6 168.3 318.3 252.5
001433 0.999 9.3 83.1 478.6 249.1
001505 0.856 326.0 163.4 352.1 190.1
001547 1.000 69.2 110.9 450.1 214.6
001568 0.999 41.5 37.5 400.4 400.4
001621 1.000 1.0 25.8 498.4 346.4
001621 0.827 370.5 277.1 500.5 317.9
001660 1.000 186.3 119.3 473.5 196.2
001783 0.999 91.3 187.5 262.7 264.3
001783 0.992 438.4 205.0 500.5 260.4
001848 0.997 30.9 87.9 420.4 192.9
001850 0.998 125.4 122.6 493.7 265.8
001884 0.998 136.6 104.7 426.3 221.4
001885 1.000 19.7 56.8 496.6 188.2
001912 1.000 19.9 48.1 492.1 237.9
001929 0.999 206.3 143.9 366.9 194.4
001974 0.804 72.3 139.6 210.8 199.6
001994 1.000 207.8 136.6 415.0 239.3
001996 1.000 5.7 67.8 473.2 243.6
001996 0.712 313.2 195.9 378.3 215.5
002007 0.999 164.7 113.0 288.6 215.5
002014 0.999 134.7 148.1 191.0 198.7
002052 1.000 25.8 19.5 491.8 249.1
002057 0.804 2.2 9.1 500.5 295.8
002089 0.999 161.1 144.1 310.8 181.1
002107 0.974 410.5 237.3 444.5 260.2
002110 1.000 26.0 53.0 447.0 221.8
002110 0.849 458.0 72.9 494.6 95.6
002157 1.000 20.4 83.7 492.4 220.2
002198 0.986 123.3 101.5 432.7 188.6
002198 0.983 31.1 110.8 481.0 369.5
002217 0.934 126.4 193.3 487.8 274.3
002217 0.914 50.7 75.4 286.9 142.6
002217 0.912 152.1 89.6 429.9 174.6
002217 0.840 100.1 114.0 491.8 258.9
002246 0.980 26.1 65.6 333.5 463.3
002357 0.993 59.2 136.5 438.2 308.9
002467 0.999 20.6 135.8 473.2 257.4
002467 0.997 63.8 226.6 171.9 254.0
002467 0.932 55.0 241.2 171.9 259.5
002467 0.845 19.4 214.7 249.4 258.4
002467 0.827 3.9 236.2 82.0 261.9
002467 0.772 289.1 237.8 465.9 260.7
002583 1.000 25.4 16.2 498.6 290.9
002619 0.995 18.5 1.0 346.4 483.9
002661 0.998 1.0 110.6 483.3 225.9
002665 0.989 242.3 119.3 484.9 204.5
002703 0.959 93.1 176.2 194.2 234.5
002707 1.000 87.4 94.3 497.9 243.7
002719 0.808 50.0 82.3 479.1 336.2
002754 1.000 45.7 48.3 485.4 219.1
002769 1.000 12.5 41.5 462.8 275.1
002822 0.992 187.4 100.4 224.4 122.4
002843 0.999 3.1 82.2 484.0 375.5
002843 0.995 267.5 99.8 351.3 132.7
002851 0.963 95.3 69.3 422.8 268.3
002894 0.996 9.9 105.2 483.0 312.9
002908 1.000 197.1 102.4 312.6 230.0
002949 1.000 3.2 42.3 350.9 200.3
002949 0.993 255.0 169.5 500.5 375.5
002971 0.959 27.3 99.6 482.7 282.6
003037 0.996 106.2 93.7 500.5 315.9
003143 0.743 125.6 88.6 179.6 110.7
003144 0.998 63.1 80.0 469.3 282.9
003160 1.000 14.9 125.2 491.2 340.1
003209 0.998 69.3 108.8 433.0 222.7
003209 0.875 1.6 137.3 152.3 172.0
003209 0.778 20.8 142.8 278.4 217.0
003230 0.999 175.5 133.0 391.2 240.8
003268 0.999 7.3 102.0 499.4 274.0
003347 0.992 96.7 89.9 167.0 107.8
003372 0.984 206.6 141.2 271.6 180.7
003381 1.000 5.1 104.7 492.2 247.5
003445 1.000 13.0 116.0 480.3 224.5
003445 0.925 1.0 195.4 87.6 222.6
003478 0.997 421.7 17.3 470.1 72.0
003494 0.999 13.6 17.5 491.8 263.2
003498 0.848 365.5 181.8 428.5 209.6
003574 1.000 21.8 44.1 491.9 232.7
003823 0.998 49.0 117.8 467.4 229.7
004078 0.999 5.0 89.8 481.3 265.0
004153 0.999 8.4 43.5 440.2 211.3
004153 0.960 11.1 144.5 136.1 190.1
004184 0.901 109.7 74.5 472.5 360.1
004199 1.000 5.8 66.5 480.9 216.3
004278 0.998 45.5 123.3 476.0 303.6
004314 1.000 7.9 68.1 493.0 259.7
004377 0.954 185.9 291.7 205.4 310.5
004377 0.845 196.7 255.8 212.4 284.0
004398 1.000 13.7 101.6 465.5 208.5
004477 0.996 22.8 191.5 283.1 253.7
004477 0.943 4.8 201.4 136.4 248.7
004477 0.880 356.7 204.1 494.5 231.2
004477 0.712 197.6 205.3 289.4 226.7
004497 0.997 3.2 43.4 486.2 345.5
004533 0.998 196.6 186.9 307.5 234.3
004556 1.000 11.5 42.7 500.5 280.0
004572 0.824 238.2 236.0 266.1 294.6
004645 1.000 4.0 113.5 488.7 246.3
004680 1.000 105.6 152.6 345.9 251.2
004752 1.000 105.9 69.6 181.9 132.7
004784 0.996 192.3 125.8 249.2 248.3
004824 0.999 141.4 5.5 306.6 127.3
004824 0.999 43.6 97.0 216.1 209.4
004906 1.000 128.7 73.4 259.3 253.3
004988 1.000 1.7 15.0 488.3 323.5
005008 0.999 77.2 106.0 388.9 250.1
005008 0.722 261.0 117.9 329.1 141.9
005034 0.990 338.1 130.2 460.1 214.2
005043 0.997 310.0 200.2 421.7 230.9
005076 0.999 3.3 16.2 498.2 290.2
005106 0.988 116.9 195.1 293.5 248.1
005106 0.970 355.1 220.9 416.1 237.3
005234 0.998 32.2 102.8 485.4 292.8
005234 0.904 398.1 144.1 500.5 207.6
005238 0.999 10.6 121.9 471.4 235.3
005249 0.999 2.6 77.4 372.6 415.4
005272 0.904 277.5 19.7 487.8 210.1
005376 0.972 177.1 201.0 376.3 253.2
005392 0.997 24.8 43.2 500.5 219.8
005402 0.994 45.4 99.8 476.6 241.6
005402 0.818 45.1 126.6 221.9 213.8
005435 0.954 27.3 200.7 375.2 429.8
005458 0.998 155.1 138.2 356.5 190.1
005458 0.998 43.0 140.0 449.0 321.7
005537 1.000 55.0 134.9 387.9 279.4
005575 1.000 6.5 103.5 479.3 276.3
005633 0.999 17.8 42.2 473.6 199.3
005633 0.973 139.0 76.9 296.9 120.4
005633 0.944 29.5 68.9 323.6 130.3
005633 0.915 140.8 61.3 186.3 87.7
005633 0.903 72.6 60.8 223.4 96.7
005633 0.869 108.8 58.6 172.5 87.0
005633 0.764 279.7 74.7 343.6 113.7
005927 0.998 5.5 79.5 489.4 252.9
005927 0.876 242.7 81.6 460.8 169.5
005965 0.999 24.5 133.9 195.3 327.1
006024 1.000 30.9 99.0 471.3 236.6
006051 0.985 305.0 221.7 361.0 242.1
006051 0.978 247.2 189.1 307.6 209.7
006051 0.972 156.9 159.7 213.2 181.1
006051 0.970 312.2 192.4 379.9 230.3
006051 0.833 320.0 224.8 341.1 240.9
006137 0.892 384.4 123.5 499.3 167.3
006232 0.985 94.9 153.8 465.7 271.4
006263 1.000 5.0 86.8 493.1 239.5
006294 0.999 21.5 73.6 494.5 235.8
006347 0.969 45.4 94.4 361.4 220.9
006347 0.855 314.4 115.8 487.5 152.3
006383 0.726 241.4 22.2 471.1 104.9
006406 0.999 295.4 116.5 365.6 145.3
006406 0.997 179.8 134.0 248.9 162.3
006406 0.987 86.4 153.6 158.8 182.0
006406 0.925 86.4 177.1 164.1 207.4
006406 0.836 83.8 186.4 168.4 226.9
006533 0.994 199.2 169.6 353.9 204.0
006577 0.998 2.9 86.2 371.5 360.1
006592 0.992 24.1 116.5 469.2 238.7
006651 0.999 24.5 113.9 464.5 291.5
006713 0.918 8.4 139.6 314.1 304.3
006713 0.891 213.1 168.5 333.5 280.8
006752 1.000 212.6 140.7 276.9 221.8
006758 0.999 145.4 80.9 229.9 124.2
006882 0.865 79.5 82.1 492.9 313.9
006888 0.999 23.3 13.3 496.8 248.0
006946 1.000 20.5 4.2 474.1 318.2
007026 0.998 119.4 145.7 470.2 332.2
007096 1.000 53.3 82.5 486.8 228.1
007135 0.996 212.0 111.9 300.5 148.9
007155 1.000 69.9 138.4 433.6 286.2
007157 0.998 10.5 126.7 474.5 294.9
007157 0.976 1.2 162.3 103.0 216.8
007164 1.000 1.0 55.1 447.0 307.5
007169 0.995 44.0 70.3 413.3 223.4
007257 0.997 177.4 148.4 225.7 171.2
007262 0.998 112.2 130.1 263.6 193.3
007267 0.994 95.1 92.8 482.6 188.6
007286 1.000 168.2 50.4 352.1 273.8
007290 0.997 105.6 145.0 322.2 216.5
007290 0.996 400.0 181.0 479.2 214.3
007290 0.795 90.0 187.8 165.6 215.0
007341 0.998 48.4 62.8 434.1 243.1
007352 0.999 10.5 1.0 500.5 294.7
007352 0.970 393.8 189.2 484.2 227.2
007403 1.000 24.7 121.8 148.1 286.0
007548 0.984 24.4 113.9 376.7 220.9
007548 0.793 111.9 56.1 484.2 260.6
007580 0.706 1.0 21.2 478.0 307.8
007632 1.000 1.1 128.8 489.5 308.1
007676 0.996 61.1 60.8 489.5 310.9
007698 0.999 184.2 140.7 318.8 212.3
007711 0.993 79.5 189.1 462.0 314.8
007806 0.999 13.3 208.0 486.2 371.1
007806 0.764 328.2 304.1 497.5 356.1
007825 1.000 45.9 124.7 483.3 248.9
007837 0.999 51.6 98.7 436.5 276.4
007837 0.847 398.4 202.0 482.3 235.9
007870 0.998 63.2 156.6 405.9 258.9
007870 0.759 1.0 175.8 122.5 254.3
007870 0.755 1.0 188.3 71.5 235.3
007973 1.000 59.4 113.4 380.4 210.5
007985 1.000 3.8 5.3 475.6 302.3
007993 1.000 49.3 91.1 488.7 254.5
007995 1.000 17.9 112.0 422.9 212.6
008006 0.719 256.5 211.7 460.2 322.7
008016 0.997 123.4 83.4 394.2 203.7
008016 0.846 148.2 149.2 189.0 182.8
008016 0.816 34.0 141.9 168.6 181.5
008055 0.963 320.1 142.4 336.3 162.0
008055 0.914 252.1 113.6 268.9 133.8
008055 0.879 296.5 146.2 313.5 162.4
008055 0.877 311.0 90.4 327.9 111.2
008055 0.849 258.1 132.7 286.8 148.6
008055 0.814 302.4 109.6 320.1 131.5
008104 0.989 1.0 70.6 443.7 240.5
008352 0.996 80.9 33.6 477.6 270.9
008440 0.999 14.6 33.2 500.5 323.3
008459 0.998 17.0 175.6 287.2 254.3
008459 0.984 360.9 155.2 448.1 187.9
008459 0.983 436.9 148.1 500.4 191.0
008459 0.948 139.4 173.9 252.3 202.4
008459 0.923 145.3 172.9 178.7 194.0
008459 0.864 29.2 226.7 495.6 350.7
008459 0.786 196.5 174.5 284.3 208.6
008459 0.772 203.8 175.6 222.5 194.6
008537 0.998 7.2 17.3 481.9 289.7
008554 0.999 206.0 116.8 453.2 194.4
008554 0.930 1.0 174.0 90.3 197.9
008554 0.789 13.4 166.7 195.1 197.7
008554 0.786 24.1 101.5 353.5 201.4
008625 0.999 48.3 66.1 482.5 232.9
008669 0.984 102.8 98.0 367.9 251.5
008669 0.849 330.0 112.3 452.1 233.4
008669 0.773 1.0 114.5 116.0 194.2
008714 1.000 6.0 61.5 474.8 290.8
008761 0.722 10.1 35.3 496.2 369.6
008791 1.000 19.5 119.2 484.0 227.7
008825 0.998 138.4 130.0 399.8 208.4
008861 1.000 354.0 220.1 387.6 258.3
008881 0.999 280.9 100.9 345.0 215.0
008908 0.991 1.0 1.0 439.5 254.4
008950 1.000 113.0 58.7 294.6 184.7
008986 1.000 80.1 124.8 469.1 325.4
009030 0.999 8.8 87.4 433.1 319.0
009076 1.000 1.0 130.5 492.4 375.5
009083 1.000 6.9 156.9 494.8 306.6
009167 1.000 42.7 100.6 445.0 202.9
009211 0.999 148.6 136.4 299.3 215.6
009262 1.000 14.8 99.7 489.1 246.9
009292 0.995 5.5 20.9 316.6 448.8
009329 1.000 1.0 1.0 495.1 333.5
009332 0.986 193.7 243.9 327.8 349.2
009356 0.965 428.2 236.9 445.6 257.1
009356 0.956 416.2 257.2 435.2 278.1
009356 0.858 432.8 156.9 450.9 172.7
009356 0.816 421.7 140.7 445.1 156.4
009553 1.000 134.1 168.0 197.0 196.9
009553 0.993 350.4 83.1 428.4 110.7
009553 0.989 238.7 126.4 309.5 154.4
009553 0.982 251.7 183.4 315.6 210.4
009553 0.957 353.4 147.4 426.2 166.8
009553 0.954 364.0 196.3 429.1 224.3
009553 0.937 358.2 116.2 429.2 143.6
009553 0.920 248.0 156.5 312.9 184.1
009553 0.900 363.0 170.9 428.8 205.4
009553 0.763 354.7 123.8 428.5 194.4
009824 0.999 108.6 126.4 378.9 219.3
009835 0.999 130.9 126.6 396.5 275.0
009838 0.996 26.1 89.5 471.7 249.2
009876 1.000 90.7 62.3 408.8 206.6
009919 1.000 24.6 136.5 486.6 244.9
