000015 0.998 78.6 136.8 357.9 353.6
000038 0.988 157.5 171.7 278.3 248.0
000139 0.935 107.8 135.9 246.3 266.8
000155 0.989 220.1 283.4 301.6 421.5
000230 0.985 164.8 197.3 395.8 356.2
000261 0.999 22.3 68.9 410.0 331.2
000283 0.975 90.8 128.4 185.2 352.8
000283 0.969 335.9 235.4 441.9 459.3
000399 0.997 36.2 35.5 482.6 290.0
000527 0.955 147.4 197.4 305.8 296.5
000527 0.949 364.4 188.5 446.3 262.3
000527 0.791 333.5 158.9 355.2 185.3
000562 0.981 193.5 200.5 261.5 314.0
000567 0.928 161.3 210.2 297.7 375.5
000572 0.985 5.7 136.5 228.5 322.4
000584 0.994 29.8 72.4 396.8 347.5
000594 0.994 19.3 99.7 446.2 319.4
000614 0.997 132.9 85.4 462.1 319.6
000640 0.989 30.7 6.8 473.3 366.6
000666 0.898 1.5 183.3 46.9 302.6
000697 0.921 145.6 210.7 226.9 353.6
000718 0.912 9.0 1.0 215.9 228.1
000819 0.987 36.0 151.8 332.4 390.1
000825 1.000 47.8 36.9 456.6 295.9
000930 0.993 142.5 155.8 341.8 274.6
001033 0.967 152.1 219.0 321.1 486.2
001089 0.999 18.0 80.2 465.0 343.0
001096 0.981 149.8 129.6 354.8 326.0
001193 0.999 8.0 42.0 369.4 472.2
001213 0.904 237.1 375.9 370.7 462.7
001238 0.978 181.4 222.7 242.5 355.7
001256 0.904 217.1 187.0 261.3 222.3
001307 0.864 261.7 156.8 393.3 292.9
001307 0.819 20.1 107.4 58.0 166.1
001329 0.945 280.2 227.0 395.7 332.8
001336 0.990 75.3 133.9 325.0 280.2
001370 0.941 41.9 198.3 221.1 500.5
001370 0.845 194.0 193.0 309.8 464.4
001403 0.932 367.0 183.4 478.9 265.3
001403 0.885 49.9 177.9 120.4 221.7
001403 0.885 254.7 173.1 331.0 237.5
001403 0.724 465.8 186.4 498.9 248.4
001496 0.978 360.9 109.4 493.6 236.2
001496 0.975 78.0 178.9 206.6 302.8
001496 0.942 218.3 123.7 344.7 262.9
001496 0.761 150.6 48.3 285.4 155.7
001533 0.805 1.0 147.7 70.1 275.1
001538 0.737 482.0 308.4 500.5 347.7
001587 0.997 204.9 253.5 280.3 318.2
001606 0.916 242.4 169.5 386.1 380.6
001606 0.903 362.8 179.5 452.5 381.5
001606 0.828 2.6 161.1 155.1 381.5
001613 0.993 73.9 56.9 429.0 330.3
001620 0.909 8.3 278.5 200.3 443.7
001620 0.771 67.4 210.5 329.4 458.6
001620 0.726 307.3 252.7 332.7 363.1
001748 0.941 98.1 96.0 225.0 246.2
001781 0.967 377.9 13.8 500.5 307.9
001859 0.999 3.8 13.7 489.5 372.0
001859 0.729 128.6 6.5 484.2 195.8
001988 0.936 30.8 173.1 323.7 477.5
002008 0.983 72.8 201.0 150.1 317.3
002060 0.956 209.3 239.9 291.4 370.4
002066 0.868 291.4 404.0 348.0 445.4
002066 0.711 268.2 357.0 315.8 402.4
002066 0.701 285.8 398.6 325.5 434.9
002078 0.997 4.5 43.4 444.7 334.8
002079 0.739 10.1 244.0 147.2 367.9
002128 0.998 41.5 8.8 457.7 283.8
002168 0.947 431.4 235.1 500.5 303.6
002168 0.899 115.9 229.4 161.7 321.1
002168 0.866 373.0 233.2 422.3 295.3
002227 0.998 38.0 22.6 475.7 331.3
002239 0.979 349.1 172.3 423.7 311.8
002239 0.937 127.6 142.5 179.6 279.2
002239 0.908 312.5 178.7 338.4 256.6
002292 0.999 81.5 227.0 308.2 374.4
002325 0.990 252.4 233.5 458.4 377.5
002325 0.866 192.0 241.9 272.5 343.6
002325 0.826 18.2 276.0 266.2 377.5
002397 0.933 146.8 260.1 193.7 395.1
002473 1.000 1.0 10.0 478.1 328.3
002475 0.955 232.5 211.7 280.0 303.7
002475 0.927 313.7 213.2 360.8 315.8
002475 0.892 153.5 205.6 211.1 289.4
002475 0.891 81.2 189.8 155.9 280.9
002626 0.886 259.5 363.1 321.3 438.9
002640 0.995 53.0 1.0 478.9 283.5
002698 0.998 36.1 15.1 438.2 284.3
002731 0.986 272.5 201.2 384.4 300.7
002839 0.998 17.4 10.7 438.3 328.4
002839 0.830 322.8 12.1 480.9 254.4
002860 0.985 137.0 140.0 341.1 286.0
002920 0.986 66.2 203.8 177.0 279.7
002920 0.950 313.7 245.3 387.9 281.6
002920 0.937 305.4 224.1 487.2 280.7
002920 0.911 222.0 221.2 347.7 280.7
003075 0.791 253.8 115.2 389.4 498.6
003130 0.999 25.2 206.8 296.7 431.0
003151 0.980 47.0 194.1 186.2 354.0
003275 0.998 94.5 217.8 219.7 287.1
003312 0.999 24.5 16.3 494.5 319.4
003346 0.973 46.0 199.5 127.3 326.0
003388 0.981 432.8 77.4 500.5 127.6
003388 0.977 51.7 138.8 139.4 307.6
003388 0.965 215.1 185.8 418.1 334.5
003388 0.920 466.2 229.2 500.5 334.1
003400 1.000 1.0 1.2 495.4 371.9
003482 0.770 153.8 155.8 380.6 375.5
003534 0.936 1.0 36.5 130.6 266.4
003534 0.806 150.3 121.0 450.9 333.5
003542 0.968 199.9 223.1 304.2 282.0
003542 0.966 47.3 238.8 151.7 318.8
003542 0.853 147.0 229.4 224.8 280.5
003726 1.000 9.4 47.0 498.1 329.2
003746 0.990 40.3 171.7 251.4 309.8
003746 0.978 289.7 155.6 497.1 366.7
003766 0.999 4.4 17.7 440.8 358.7
003768 0.970 94.6 114.5 284.7 384.5
003768 0.769 40.6 76.2 235.4 241.4
003795 0.983 388.6 170.4 500.4 384.0
003795 0.906 54.1 181.2 327.1 411.4
003851 0.955 7.6 384.2 63.6 473.0
003851 0.920 147.8 327.2 379.5 498.7
003851 0.892 131.1 376.1 185.1 437.7
003867 0.902 151.9 213.0 303.6 372.1
003968 0.984 33.0 238.2 482.8 489.3
003968 0.948 58.0 334.2 337.1 489.2
003976 0.977 69.6 248.7 284.4 484.3
003999 0.999 1.0 32.7 500.0 375.5
004101 0.933 4.1 117.3 100.1 260.3
004208 0.906 211.6 138.6 262.0 218.2
004330 0.991 306.1 134.0 500.5 262.4
004344 0.986 101.7 214.7 198.3 399.2
004358 0.983 49.3 93.4 389.5 426.7
004395 0.993 131.5 143.6 372.2 296.7
004417 0.974 189.6 132.2 242.9 167.2
004417 0.967 129.8 230.4 197.3 321.3
004447 0.993 427.5 175.6 496.3 239.6
004447 0.962 183.2 248.9 343.7 356.8
004447 0.871 178.1 270.4 300.3 313.0
004480 0.804 4.2 244.2 334.5 500.5
004523 0.976 19.8 181.4 102.1 239.6
004534 0.987 359.3 193.6 401.2 230.1
004547 0.980 262.0 209.7 367.4 370.3
004616 0.993 8.1 7.7 489.7 375.5
004637 0.988 259.2 172.4 374.5 301.5
004637 0.981 11.8 173.6 106.7 302.7
004703 0.985 200.9 209.7 379.3 421.5
004711 0.863 416.9 214.1 469.1 329.8
004763 0.999 291.1 29.3 477.5 348.3
004765 0.980 46.6 204.8 264.3 500.6
004769 0.927 201.2 134.2 497.3 364.3
004811 0.987 99.1 179.1 375.5 389.3
004835 0.961 274.2 159.8 479.0 333.5
004835 0.942 1.0 154.9 194.6 333.5
004847 0.995 97.4 15.6 418.2 375.5
004904 0.995 72.5 160.0 241.5 266.3
004904 0.983 352.5 132.9 490.3 205.9
004930 0.939 46.5 245.9 320.8 332.8
005000 0.999 60.5 158.6 349.1 375.5
005031 0.986 319.8 168.1 424.4 281.2
005031 0.957 57.5 121.8 199.4 294.8
005048 0.998 140.7 12.2 347.6 339.7
005098 0.999 22.3 242.3 375.5 492.8
005119 0.976 103.2 159.4 452.6 374.5
005120 0.957 10.3 164.7 333.2 461.9
005211 0.998 22.9 12.6 487.6 322.5
005232 0.976 243.1 160.2 454.3 287.5
005276 0.942 157.3 201.7 316.2 375.5
005276 0.904 5.5 203.9 85.7 335.4
005300 0.864 353.7 6.1 468.8 204.1
005301 0.963 242.2 216.5 330.9 431.9
005301 0.944 53.4 212.4 237.7 461.7
005332 0.985 231.1 152.2 261.0 193.6
005347 0.775 280.6 189.2 314.7 253.8
005480 0.997 133.7 114.2 341.7 400.6
005503 0.998 64.1 47.4 490.1 345.0
005506 0.852 89.0 26.1 166.4 79.7
005516 1.000 36.5 41.8 462.0 336.8
005540 0.998 245.0 127.0 462.4 267.7
005540 0.992 28.8 137.9 244.7 282.2
005560 0.831 132.2 142.7 400.0 354.0
005561 0.971 139.7 228.1 339.6 463.6
005561 0.731 136.1 212.3 273.7 352.8
005619 0.999 40.5 20.2 493.0 375.5
005632 0.996 13.4 104.7 289.5 276.2
005642 0.987 157.6 56.6 363.7 299.0
005683 0.995 36.5 1.0 495.7 330.6
005707 0.923 481.4 227.6 500.4 276.8
005709 0.994 82.6 140.1 309.7 283.3
005774 0.954 333.1 6.3 407.3 85.1
005777 0.947 144.2 183.1 485.6 333.5
005793 0.836 30.0 96.4 69.4 198.3
005848 0.982 67.4 169.7 320.8 410.0
005925 0.978 214.3 271.7 299.0 335.1
005925 0.977 352.7 278.3 444.1 331.2
006015 0.998 228.2 259.2 265.4 318.2
006032 0.983 114.6 249.7 210.0 311.6
006032 0.976 290.9 251.6 395.9 319.1
006032 0.952 360.0 240.3 457.2 315.6
006032 0.924 170.4 244.3 260.3 310.7
006113 0.964 373.5 235.7 414.4 304.5
006118 0.989 134.6 183.2 434.8 334.5
006165 0.990 22.2 201.7 241.6 433.7
006165 0.786 128.3 260.8 246.8 432.0
006192 0.977 158.9 151.2 331.7 333.2
006199 0.994 169.2 175.7 421.0 344.2
006292 0.928 74.0 181.3 367.2 333.5
006312 0.982 304.8 84.0 465.3 239.3
006317 0.993 232.8 196.7 472.0 374.0
006412 0.999 21.4 37.6 491.5 360.3
006413 0.859 33.4 165.9 214.3 487.9
006467 0.999 17.5 41.3 471.1 336.4
006518 0.975 24.7 22.4 490.6 364.1
006531 0.794 207.0 265.2 227.2 296.1
006544 0.989 81.4 271.0 481.7 500.3
006581 0.993 148.1 299.6 296.4 477.8
006581 0.927 92.2 303.5 217.7 458.7
006594 0.983 258.7 205.2 330.5 315.3
006594 0.906 2.5 196.7 78.7 297.9
006594 0.890 64.8 136.1 251.8 296.1
006608 0.997 31.5 61.7 434.0 320.6
006620 0.971 122.0 27.6 219.9 300.6
006701 0.998 5.5 117.5 319.2 473.5
006720 0.903 30.6 113.6 222.4 357.0
006737 0.939 243.0 161.9 351.3 319.7
006775 0.978 87.7 152.4 214.7 333.5
006831 1.000 15.6 50.8 472.0 353.0
006861 0.903 2.2 224.1 377.4 334.4
006861 0.712 3.8 236.3 172.0 335.5
006885 0.973 275.1 175.9 328.5 210.6
006885 0.846 155.6 184.3 189.0 206.7
006942 0.999 48.0 18.9 472.2 319.7
006975 0.944 76.4 165.8 231.5 333.5
006993 0.992 98.1 43.3 425.4 317.2
007005 0.818 57.6 193.7 305.9 434.3
007005 0.809 303.8 442.8 333.3 500.5
007010 0.989 51.3 12.8 375.0 375.5
007030 0.998 33.5 203.4 195.1 300.5
007115 0.997 5.8 85.2 295.9 500.5
007124 0.982 20.5 203.3 177.4 491.9
007124 0.810 67.5 218.2 178.4 358.4
007131 0.999 23.4 11.7 308.2 499.9
007137 0.911 254.7 121.5 383.4 227.7
007137 0.909 474.1 123.3 500.5 193.3
007137 0.701 399.0 111.9 499.5 187.3
007160 0.995 1.0 131.8 330.5 500.5
007171 0.781 59.0 34.2 338.5 332.4
007186 0.988 216.7 128.3 252.5 156.7
007186 0.912 167.6 178.7 236.8 248.5
007232 0.921 17.7 261.2 81.7 359.8
007235 0.982 139.3 115.3 371.5 281.6
007309 0.995 15.3 41.7 298.7 475.5
007320 0.922 149.6 346.7 234.7 490.9
007324 0.928 104.3 219.1 430.8 375.5
007324 0.737 207.0 289.5 500.5 375.1
007345 0.978 80.8 155.0 137.0 268.5
007371 0.977 21.9 214.7 260.8 333.5
007447 0.951 278.2 211.0 335.2 268.8
007447 0.902 126.0 205.2 209.6 269.2
007447 0.887 211.0 215.2 282.9 293.9
007529 0.999 38.7 248.7 343.5 495.3
007541 0.979 159.3 160.4 438.3 344.6
007607 0.999 55.7 260.5 358.8 491.3
007627 0.988 26.0 162.9 159.8 353.8
007646 0.988 238.1 176.9 408.9 315.3
007658 0.925 265.4 170.2 444.2 347.4
007658 0.808 168.9 179.1 303.4 375.5
007665 0.977 15.7 133.4 47.1 193.4
007725 0.996 133.2 231.6 352.6 349.5
007860 0.993 92.5 178.6 317.3 345.7
007918 0.988 1.2 263.1 71.7 360.5
008007 0.998 138.0 1.0 472.7 315.0
008046 0.983 174.1 220.9 325.5 356.9
008046 0.929 77.7 229.4 156.7 306.3
008046 0.874 192.2 222.6 262.2 259.2
008074 0.979 63.5 259.8 306.1 455.0
008128 0.998 77.7 92.8 337.4 285.3
008221 1.000 18.0 10.3 500.5 365.1
008255 0.946 32.4 237.4 219.5 423.4
008271 0.895 8.9 220.7 78.5 294.4
008362 0.980 361.4 1.9 500.5 142.7
008362 0.762 1.0 247.8 446.7 330.3
008367 0.942 203.3 207.4 432.6 362.8
008367 0.851 349.8 124.6 411.6 175.6
008367 0.793 404.0 125.0 440.5 175.9
008367 0.734 196.7 207.8 343.3 264.8
008401 0.970 240.5 86.8 407.3 252.6
008507 1.000 4.1 1.0 500.5 356.8
008511 1.000 6.2 21.1 492.0 341.6
008515 0.995 47.5 140.7 236.3 261.8
008540 0.988 1.2 15.8 189.9 266.2
008540 0.930 258.8 143.8 408.8 328.2
008540 0.784 177.3 62.2 420.4 310.2
008551 0.959 1.1 126.8 111.1 272.6
008551 0.953 188.8 196.6 469.1 373.6
008566 0.979 5.9 1.0 161.7 133.8
008623 0.755 458.6 210.7 484.0 228.3
008623 0.744 477.8 210.6 500.0 229.1
008673 0.967 44.8 105.5 96.1 230.4
008735 0.966 315.3 271.3 383.2 313.0
008735 0.957 1.8 279.9 44.8 313.0
008745 0.906 31.9 212.5 125.6 313.9
008765 0.909 114.8 170.7 223.6 285.9
008765 0.901 272.3 208.4 442.2 344.5
008839 0.972 290.9 147.5 446.2 323.1
008839 0.860 7.1 112.6 187.8 332.8
008895 0.982 114.7 283.3 217.5 372.3
009028 0.924 58.1 119.1 365.4 351.2
009135 0.997 94.2 85.7 421.4 322.2
009198 1.000 27.5 3.7 481.9 394.5
009228 0.891 284.5 214.4 370.0 354.5
009237 0.980 111.7 311.7 187.1 461.3
009237 0.957 217.9 190.0 279.3 316.7
009258 0.921 52.9 167.6 330.2 496.1
009280 0.997 1.0 1.0 463.9 333.5
009305 0.999 65.3 72.6 410.1 301.8
009355 0.999 12.1 51.2 462.9 343.6
009370 0.998 57.1 215.5 235.1 363.3
009447 0.999 35.7 19.1 371.7 257.4
009493 0.987 28.1 136.9 311.6 337.6
009509 0.987 277.4 49.1 462.0 173.2
009534 0.980 314.8 253.1 425.1 328.4
009534 0.975 66.3 238.1 151.1 303.6
009534 0.720 3.1 259.7 71.9 293.0
009559 0.971 191.1 153.8 357.1 248.5
009559 0.964 292.1 153.9 463.8 256.2
009564 0.979 120.5 221.2 213.0 317.7
009677 0.990 58.5 21.0 435.1 327.9
009725 0.999 4.3 232.4 124.4 353.5
009730 0.873 190.6 63.8 421.2 296.3
009752 0.984 127.5 150.3 376.8 361.2
009788 0.999 38.6 62.6 488.2 343.9
009866 1.000 61.8 108.1 422.7 340.4
009948 0.945 2.9 244.5 289.5 500.5
009953 0.999 46.2 83.6 467.0 350.9
