11 79.0 137.0 279.0 217.0 998.000
20 157.0 172.0 121.0 76.0 988.000
72 108.0 136.0 138.0 131.0 934.000
79 220.0 283.0 82.0 138.0 989.000
113 165.0 197.0 231.0 159.0 984.000
129 22.0 69.0 388.0 262.0 999.000
141 91.0 128.0 94.0 225.0 975.000
141 336.0 235.0 106.0 224.0 969.000
203 36.0 36.0 447.0 254.0 996.000
265 147.0 197.0 159.0 100.0 955.000
265 364.0 189.0 82.0 73.0 949.000
265 333.0 159.0 22.0 26.0 790.000
284 193.0 201.0 68.0 113.0 980.000
286 161.0 210.0 137.0 165.0 928.000
291 6.0 136.0 222.0 186.0 984.000
298 30.0 72.0 367.0 275.0 993.000
303 19.0 100.0 427.0 219.0 993.000
313 133.0 85.0 329.0 235.0 996.000
329 31.0 7.0 442.0 360.0 988.000
345 2.0 183.0 45.0 120.0 897.000
360 146.0 211.0 81.0 143.0 920.000
369 9.0 1.0 207.0 227.0 912.000
417 36.0 152.0 296.0 238.0 986.000
420 48.0 37.0 409.0 259.0 999.000
465 143.0 156.0 199.0 119.0 992.000
521 152.0 219.0 169.0 267.0 967.000
550 18.0 80.0 447.0 263.0 999.000
554 150.0 130.0 205.0 196.0 980.000
601 8.0 42.0 361.0 430.0 999.000
609 237.0 376.0 134.0 87.0 903.000
621 181.0 223.0 61.0 133.0 978.000
632 217.0 187.0 44.0 35.0 904.000
656 262.0 157.0 131.0 136.0 863.000
656 20.0 107.0 38.0 59.0 819.000
666 280.0 227.0 116.0 106.0 945.000
669 75.0 134.0 250.0 146.0 989.000
690 42.0 198.0 179.0 303.0 941.000
690 194.0 193.0 116.0 271.0 845.000
708 367.0 183.0 112.0 82.0 931.000
708 50.0 178.0 70.0 44.0 884.000
708 255.0 173.0 76.0 65.0 884.000
708 466.0 186.0 33.0 62.0 724.000
752 361.0 109.0 133.0 127.0 977.000
752 78.0 179.0 129.0 124.0 974.000
752 218.0 124.0 127.0 139.0 941.000
752 151.0 48.0 134.0 108.0 760.000
769 1.0 148.0 69.0 127.0 805.000
772 482.0 308.0 18.0 40.0 737.000
799 205.0 254.0 75.0 64.0 996.000
809 242.0 169.0 144.0 212.0 916.000
809 363.0 179.0 89.0 202.0 902.000
809 3.0 161.0 152.0 220.0 827.000
811 74.0 57.0 355.0 273.0 993.000
815 8.0 279.0 192.0 165.0 908.000
815 67.0 210.0 262.0 249.0 771.000
815 307.0 253.0 26.0 110.0 726.000
883 98.0 96.0 127.0 150.0 940.000
898 378.0 14.0 123.0 294.0 966.000
938 4.0 14.0 485.0 358.0 999.000
938 129.0 6.0 355.0 190.0 729.000
1005 31.0 173.0 293.0 304.0 936.000
1017 73.0 201.0 77.0 116.0 983.000
1043 209.0 240.0 82.0 130.0 956.000
1046 291.0 404.0 57.0 41.0 867.000
1046 268.0 357.0 48.0 45.0 711.000
1046 286.0 399.0 40.0 36.0 701.000
1054 5.0 43.0 440.0 292.0 996.000
1055 10.0 244.0 137.0 124.0 738.000
1080 42.0 9.0 416.0 275.0 997.000
1101 431.0 235.0 69.0 69.0 947.000
1101 116.0 229.0 46.0 92.0 898.000
1101 373.0 233.0 49.0 62.0 866.000
1123 38.0 23.0 438.0 308.0 998.000
1130 349.0 172.0 75.0 140.0 978.000
1130 128.0 143.0 52.0 136.0 936.000
1130 312.0 179.0 26.0 78.0 908.000
1150 82.0 227.0 226.0 147.0 999.000
1168 252.0 233.0 206.0 144.0 990.000
1168 192.0 242.0 81.0 102.0 865.000
1168 18.0 276.0 248.0 101.0 826.000
1199 147.0 260.0 47.0 135.0 933.000
1234 1.0 10.0 477.0 318.0 999.000
1236 232.0 212.0 48.0 92.0 954.000
1236 314.0 213.0 47.0 103.0 927.000
1236 154.0 206.0 57.0 83.0 892.000
1236 81.0 190.0 75.0 91.0 890.000
1310 259.0 363.0 62.0 76.0 885.000
1317 53.0 1.0 426.0 283.0 994.000
1343 36.0 15.0 402.0 269.0 998.000
1360 273.0 201.0 111.0 100.0 985.000
1414 17.0 11.0 421.0 317.0 998.000
1414 323.0 12.0 158.0 242.0 829.000
1425 137.0 140.0 204.0 146.0 984.000
1457 66.0 204.0 111.0 76.0 986.000
1457 314.0 245.0 74.0 37.0 950.000
1457 305.0 224.0 182.0 57.0 937.000
1457 222.0 221.0 126.0 60.0 910.000
1531 254.0 115.0 135.0 384.0 791.000
1554 25.0 207.0 272.0 224.0 998.000
1563 47.0 194.0 139.0 160.0 980.000
1622 94.0 218.0 126.0 69.0 997.000
1642 25.0 16.0 470.0 303.0 998.000
1662 46.0 200.0 81.0 126.0 973.000
1682 433.0 77.0 68.0 51.0 981.000
1682 52.0 139.0 87.0 169.0 976.000
1682 215.0 186.0 203.0 149.0 965.000
1682 466.0 229.0 35.0 105.0 920.000
1687 1.0 1.0 494.0 371.0 999.000
1726 154.0 156.0 227.0 219.0 769.000
1753 1.0 37.0 130.0 229.0 935.000
1753 150.0 121.0 301.0 213.0 806.000
1758 200.0 223.0 104.0 59.0 968.000
1758 47.0 239.0 105.0 80.0 966.000
1758 147.0 229.0 78.0 51.0 853.000
1845 9.0 47.0 489.0 282.0 999.000
1859 40.0 172.0 211.0 138.0 989.000
1859 290.0 156.0 207.0 211.0 978.000
1868 4.0 18.0 437.0 341.0 998.000
1869 95.0 114.0 190.0 270.0 970.000
1869 41.0 76.0 194.0 165.0 768.000
1882 389.0 170.0 111.0 214.0 983.000
1882 54.0 181.0 273.0 230.0 906.000
1909 8.0 384.0 56.0 89.0 954.000
1909 148.0 327.0 231.0 172.0 919.000
1909 131.0 376.0 54.0 62.0 891.000
1916 152.0 213.0 152.0 159.0 901.000
1968 33.0 238.0 450.0 251.0 983.000
1968 58.0 334.0 279.0 155.0 947.000
1971 70.0 249.0 214.0 235.0 977.000
1980 1.0 33.0 499.0 342.0 998.000
2036 4.0 117.0 96.0 143.0 933.000
2091 212.0 139.0 50.0 79.0 905.000
2150 306.0 134.0 195.0 128.0 991.000
2159 102.0 215.0 96.0 184.0 985.000
2165 49.0 93.0 341.0 334.0 982.000
2181 132.0 144.0 240.0 153.0 993.000
2197 190.0 132.0 53.0 35.0 974.000
2197 130.0 230.0 67.0 91.0 966.000
2213 428.0 176.0 68.0 64.0 993.000
2213 183.0 249.0 161.0 108.0 962.000
2213 178.0 270.0 122.0 43.0 871.000
2233 4.0 244.0 331.0 257.0 804.000
2253 20.0 181.0 82.0 59.0 976.000
2258 359.0 194.0 42.0 36.0 986.000
2265 262.0 210.0 105.0 160.0 980.000
2300 8.0 8.0 482.0 367.0 993.000
2309 259.0 172.0 116.0 130.0 987.000
2309 12.0 174.0 95.0 129.0 980.000
2342 201.0 210.0 178.0 211.0 984.000
2345 417.0 214.0 52.0 116.0 862.000
2377 291.0 29.0 186.0 319.0 999.000
2379 47.0 205.0 217.0 296.0 980.000
2382 201.0 134.0 296.0 230.0 926.000
2403 99.0 179.0 276.0 210.0 987.000
2414 274.0 160.0 205.0 174.0 961.000
2414 1.0 155.0 194.0 179.0 941.000
2419 97.0 16.0 321.0 359.0 994.000
2449 72.0 160.0 170.0 106.0 995.000
2449 352.0 133.0 138.0 73.0 982.000
2465 46.0 246.0 275.0 87.0 938.000
2494 60.0 159.0 289.0 216.0 999.000
2510 320.0 168.0 104.0 113.0 985.000
2510 58.0 122.0 141.0 173.0 956.000
2519 141.0 12.0 207.0 328.0 998.000
2542 22.0 242.0 353.0 251.0 999.000
2554 103.0 159.0 350.0 215.0 976.000
2555 10.0 165.0 323.0 297.0 956.000
2603 23.0 13.0 465.0 309.0 998.000
2612 243.0 160.0 211.0 127.0 976.000
2634 157.0 202.0 159.0 173.0 942.000
2634 5.0 204.0 81.0 131.0 904.000
2648 354.0 6.0 115.0 198.0 863.000
2649 242.0 216.0 89.0 216.0 962.000
2649 53.0 212.0 185.0 250.0 944.000
2662 231.0 152.0 30.0 42.0 985.000
2669 281.0 189.0 34.0 65.0 774.000
2728 134.0 114.0 208.0 287.0 996.000
2742 64.0 47.0 426.0 298.0 997.000
2745 89.0 26.0 77.0 54.0 852.000
2748 37.0 42.0 425.0 295.0 999.000
2759 245.0 127.0 217.0 141.0 997.000
2759 29.0 138.0 216.0 144.0 991.000
2770 132.0 143.0 268.0 211.0 830.000
2771 140.0 228.0 200.0 236.0 970.000
2771 136.0 212.0 138.0 141.0 730.000
2798 41.0 20.0 452.0 355.0 999.000
2805 13.0 105.0 276.0 171.0 996.000
2810 158.0 57.0 206.0 242.0 986.000
2830 37.0 1.0 459.0 330.0 995.000
2841 481.0 228.0 19.0 49.0 922.000
2843 83.0 140.0 227.0 143.0 994.000
2874 333.0 6.0 74.0 79.0 954.000
2877 144.0 183.0 342.0 151.0 947.000
2882 30.0 96.0 39.0 102.0 836.000
2908 67.0 170.0 254.0 240.0 981.000
2941 214.0 272.0 85.0 63.0 978.000
2941 353.0 278.0 91.0 53.0 977.000
2992 228.0 259.0 37.0 59.0 998.000
3000 115.0 250.0 95.0 62.0 983.000
3000 291.0 252.0 105.0 67.0 975.000
3000 360.0 240.0 97.0 76.0 951.000
3000 170.0 244.0 90.0 67.0 924.000
3044 374.0 236.0 40.0 69.0 963.000
3048 135.0 183.0 300.0 152.0 988.000
3069 22.0 202.0 220.0 232.0 990.000
3069 128.0 261.0 119.0 171.0 785.000
3078 159.0 151.0 173.0 182.0 976.000
3083 169.0 176.0 252.0 168.0 993.000
3119 74.0 181.0 293.0 153.0 927.000
3130 305.0 84.0 160.0 155.0 981.000
3134 233.0 197.0 239.0 177.0 993.000
3184 21.0 38.0 471.0 322.0 999.000
3185 33.0 166.0 181.0 322.0 858.000
3207 17.0 41.0 454.0 295.0 999.000
3234 25.0 22.0 466.0 342.0 974.000
3241 207.0 265.0 20.0 31.0 794.000
3248 81.0 271.0 401.0 229.0 988.000
3268 148.0 300.0 148.0 178.0 992.000
3268 92.0 303.0 126.0 156.0 927.000
3275 259.0 205.0 72.0 110.0 982.000
3275 3.0 197.0 76.0 101.0 905.000
3275 65.0 136.0 187.0 160.0 890.000
3282 32.0 62.0 402.0 259.0 996.000
3287 122.0 28.0 98.0 273.0 971.000
3323 5.0 118.0 314.0 356.0 997.000
3332 31.0 114.0 191.0 243.0 903.000
3340 243.0 162.0 108.0 158.0 939.000
3360 88.0 152.0 127.0 182.0 977.000
3389 16.0 51.0 456.0 302.0 999.000
3400 2.0 224.0 375.0 110.0 902.000
3400 4.0 236.0 168.0 100.0 711.000
3411 275.0 176.0 53.0 35.0 973.000
3411 156.0 184.0 33.0 23.0 845.000
3440 48.0 19.0 424.0 301.0 999.000
3454 76.0 166.0 156.0 168.0 944.000
3465 98.0 43.0 327.0 274.0 991.000
3472 58.0 194.0 248.0 240.0 817.000
3472 304.0 443.0 29.0 58.0 808.000
3473 51.0 13.0 324.0 362.0 989.000
3484 34.0 203.0 161.0 98.0 998.000
3520 6.0 85.0 290.0 416.0 997.000
3525 20.0 203.0 157.0 289.0 982.000
3525 67.0 218.0 111.0 140.0 810.000
3528 23.0 12.0 285.0 488.0 999.000
3532 255.0 122.0 128.0 106.0 911.000
3532 474.0 123.0 27.0 70.0 908.000
3532 399.0 112.0 101.0 75.0 701.000
3541 1.0 132.0 330.0 369.0 995.000
3546 59.0 34.0 279.0 298.0 781.000
3554 217.0 128.0 35.0 29.0 987.000
3554 168.0 179.0 69.0 70.0 912.000
3576 18.0 261.0 64.0 99.0 920.000
3578 139.0 115.0 232.0 167.0 981.000
3615 15.0 42.0 284.0 433.0 995.000
3623 150.0 347.0 85.0 144.0 922.000
3625 104.0 219.0 327.0 156.0 927.000
3625 207.0 289.0 293.0 86.0 736.000
3638 81.0 155.0 56.0 114.0 977.000
3654 22.0 215.0 239.0 119.0 977.000
3692 278.0 211.0 57.0 58.0 950.000
3692 126.0 205.0 84.0 64.0 901.000
3692 211.0 215.0 72.0 79.0 887.000
3732 39.0 249.0 305.0 246.0 999.000
3737 159.0 160.0 279.0 185.0 978.000
3774 56.0 261.0 303.0 230.0 998.000
3784 26.0 163.0 134.0 191.0 987.000
3796 238.0 177.0 171.0 138.0 987.000
3800 265.0 170.0 179.0 177.0 925.000
3800 169.0 179.0 134.0 196.0 807.000
3804 16.0 133.0 31.0 60.0 976.000
3829 133.0 232.0 220.0 117.0 996.000
3899 92.0 179.0 225.0 167.0 992.000
3927 1.0 263.0 71.0 97.0 988.000
3973 138.0 1.0 335.0 314.0 998.000
3994 174.0 221.0 152.0 136.0 982.000
3994 78.0 229.0 79.0 77.0 929.000
3994 192.0 223.0 70.0 36.0 874.000
4008 63.0 260.0 243.0 195.0 979.000
4033 78.0 93.0 259.0 192.0 997.000
4084 18.0 10.0 482.0 355.0 999.000
4101 32.0 237.0 187.0 186.0 946.000
4110 9.0 221.0 69.0 73.0 894.000
4153 361.0 2.0 140.0 141.0 979.000
4153 1.0 248.0 446.0 82.0 762.000
4156 203.0 207.0 230.0 156.0 941.000
4156 350.0 125.0 62.0 51.0 851.000
4156 404.0 125.0 36.0 51.0 793.000
4156 197.0 208.0 146.0 57.0 733.000
4175 241.0 87.0 166.0 166.0 970.000
4230 4.0 1.0 496.0 356.0 999.000
4233 6.0 21.0 486.0 321.0 999.000
4234 48.0 141.0 188.0 121.0 995.000
4245 1.0 16.0 189.0 250.0 988.000
4245 259.0 144.0 150.0 184.0 929.000
4245 177.0 62.0 243.0 248.0 784.000
4252 1.0 127.0 110.0 146.0 959.000
4252 189.0 197.0 280.0 177.0 952.000
4260 6.0 1.0 156.0 133.0 978.000
4290 459.0 211.0 25.0 17.0 754.000
4290 478.0 211.0 22.0 18.0 743.000
4323 45.0 106.0 51.0 124.0 966.000
4355 315.0 271.0 68.0 42.0 966.000
4355 2.0 280.0 43.0 33.0 956.000
4360 32.0 213.0 94.0 101.0 905.000
4368 115.0 171.0 109.0 115.0 909.000
4368 272.0 208.0 170.0 136.0 901.000
4406 291.0 147.0 155.0 176.0 972.000
4406 7.0 113.0 181.0 220.0 859.000
4433 115.0 283.0 102.0 89.0 981.000
4498 58.0 119.0 307.0 232.0 923.000
4556 94.0 86.0 327.0 236.0 996.000
4581 28.0 4.0 454.0 391.0 999.000
4598 284.0 214.0 86.0 140.0 891.000
4605 112.0 312.0 75.0 149.0 979.000
4605 218.0 190.0 61.0 127.0 956.000
4613 53.0 168.0 277.0 328.0 920.000
4626 1.0 1.0 463.0 333.0 996.000
4637 65.0 73.0 345.0 229.0 999.000
4659 12.0 51.0 451.0 293.0 999.000
4669 57.0 216.0 178.0 147.0 997.000
4703 36.0 19.0 336.0 238.0 998.000
4723 28.0 137.0 284.0 201.0 987.000
4730 277.0 49.0 185.0 124.0 987.000
4740 315.0 253.0 110.0 75.0 979.000
4740 66.0 238.0 85.0 66.0 975.000
4740 3.0 260.0 69.0 33.0 719.000
4753 191.0 154.0 166.0 95.0 971.000
4753 292.0 154.0 172.0 102.0 963.000
4756 121.0 221.0 92.0 97.0 979.000
4813 59.0 21.0 376.0 307.0 989.000
4833 4.0 232.0 120.0 121.0 998.000
4836 191.0 64.0 230.0 232.0 873.000
4846 127.0 150.0 250.0 211.0 984.000
4865 39.0 63.0 449.0 281.0 999.000
4903 62.0 108.0 361.0 232.0 999.000
4944 3.0 245.0 287.0 256.0 945.000
4947 46.0 84.0 421.0 267.0 999.000
