21 11.0 54.0 415.0 227.0 992.000
29 158.0 59.0 228.0 316.0 998.000
29 137.0 51.0 116.0 71.0 719.000
34 6.0 42.0 253.0 325.0 955.000
58 174.0 93.0 197.0 188.0 996.000
62 1.0 220.0 242.0 199.0 998.000
67 337.0 154.0 90.0 42.0 989.000
67 176.0 225.0 68.0 150.0 986.000
67 239.0 200.0 94.0 119.0 824.000
67 348.0 159.0 81.0 124.0 824.000
75 129.0 111.0 332.0 182.0 999.000
94 61.0 46.0 220.0 319.0 999.000
100 170.0 63.0 208.0 200.0 999.000
136 34.0 91.0 370.0 194.0 999.000
154 106.0 160.0 210.0 141.0 998.000
162 182.0 98.0 113.0 126.0 736.000
177 37.0 19.0 463.0 338.0 911.000
192 35.0 40.0 392.0 334.0 997.000
218 153.0 179.0 110.0 79.0 998.000
222 38.0 119.0 298.0 140.0 999.000
239 235.0 99.0 108.0 163.0 997.000
242 55.0 61.0 386.0 314.0 999.000
253 118.0 20.0 343.0 305.0 998.000
280 42.0 137.0 126.0 75.0 973.000
283 143.0 145.0 172.0 320.0 988.000
283 35.0 22.0 144.0 430.0 965.000
283 1.0 116.0 19.0 66.0 727.000
287 99.0 52.0 273.0 216.0 999.000
288 16.0 36.0 401.0 305.0 999.000
306 43.0 25.0 238.0 264.0 730.000
353 130.0 125.0 117.0 100.0 999.000
366 354.0 189.0 142.0 158.0 843.000
396 3.0 13.0 448.0 362.0 751.000
407 165.0 398.0 88.0 69.0 870.000
418 98.0 47.0 292.0 159.0 999.000
425 189.0 93.0 186.0 259.0 999.000
431 19.0 22.0 304.0 180.0 996.000
431 244.0 18.0 218.0 120.0 994.000
481 103.0 283.0 252.0 81.0 991.000
481 340.0 291.0 128.0 92.0 977.000
481 86.0 110.0 104.0 145.0 970.000
481 16.0 42.0 124.0 57.0 923.000
481 310.0 102.0 150.0 123.0 888.000
481 75.0 294.0 140.0 58.0 851.000
533 230.0 80.0 94.0 248.0 997.000
568 84.0 41.0 262.0 454.0 970.000
580 42.0 37.0 78.0 215.0 787.000
583 283.0 92.0 49.0 112.0 814.000
596 104.0 99.0 168.0 159.0 987.000
603 84.0 79.0 228.0 322.0 997.000
607 3.0 69.0 122.0 185.0 781.000
620 138.0 117.0 69.0 151.0 998.000
620 314.0 151.0 91.0 166.0 997.000
635 66.0 40.0 293.0 335.0 965.000
635 54.0 169.0 165.0 192.0 924.000
639 323.0 211.0 72.0 66.0 994.000
639 164.0 120.0 87.0 159.0 989.000
639 74.0 136.0 27.0 43.0 940.000
639 149.0 133.0 24.0 36.0 924.000
639 87.0 173.0 38.0 59.0 921.000
639 204.0 76.0 32.0 26.0 913.000
639 288.0 162.0 37.0 53.0 906.000
639 34.0 94.0 16.0 27.0 901.000
639 226.0 146.0 61.0 74.0 887.000
639 113.0 73.0 19.0 29.0 885.000
639 178.0 81.0 19.0 38.0 879.000
639 400.0 114.0 20.0 35.0 869.000
639 96.0 97.0 18.0 33.0 851.000
639 16.0 125.0 17.0 41.0 847.000
639 423.0 143.0 20.0 31.0 845.000
639 139.0 82.0 16.0 32.0 812.000
639 318.0 124.0 31.0 40.0 746.000
639 9.0 91.0 21.0 25.0 722.000
639 262.0 136.0 36.0 28.0 714.000
639 63.0 113.0 21.0 32.0 707.000
639 369.0 145.0 34.0 53.0 701.000
706 172.0 189.0 91.0 76.0 930.000
706 123.0 207.0 60.0 45.0 922.000
706 169.0 191.0 73.0 39.0 879.000
706 98.0 290.0 47.0 19.0 727.000
713 358.0 257.0 54.0 41.0 991.000
720 224.0 175.0 159.0 128.0 973.000
728 53.0 91.0 353.0 193.0 997.000
812 175.0 23.0 182.0 171.0 903.000
825 146.0 65.0 80.0 43.0 986.000
850 273.0 163.0 150.0 92.0 998.000
851 172.0 114.0 118.0 120.0 997.000
851 127.0 294.0 181.0 194.0 985.000
870 234.0 60.0 222.0 181.0 998.000
874 329.0 144.0 32.0 50.0 734.000
882 448.0 86.0 39.0 66.0 997.000
882 299.0 84.0 46.0 67.0 996.000
882 60.0 139.0 27.0 53.0 990.000
882 109.0 137.0 23.0 39.0 989.000
882 232.0 75.0 58.0 65.0 980.000
882 192.0 115.0 26.0 38.0 969.000
882 376.0 127.0 23.0 27.0 914.000
965 137.0 23.0 294.0 309.0 975.000
976 256.0 109.0 175.0 237.0 998.000
976 123.0 79.0 112.0 235.0 995.000
990 168.0 59.0 307.0 240.0 999.000
994 127.0 79.0 100.0 185.0 998.000
1002 382.0 111.0 117.0 237.0 924.000
1012 124.0 146.0 134.0 252.0 991.000
1026 249.0 213.0 79.0 40.0 998.000
1026 359.0 241.0 32.0 29.0 929.000
1035 208.0 142.0 123.0 112.0 999.000
1051 211.0 74.0 176.0 149.0 732.000
1066 60.0 109.0 242.0 142.0 997.000
1088 62.0 113.0 250.0 115.0 996.000
1088 386.0 253.0 48.0 61.0 995.000
1088 42.0 301.0 37.0 55.0 893.000
1088 148.0 31.0 25.0 21.0 872.000
1160 63.0 42.0 321.0 242.0 999.000
1164 106.0 51.0 266.0 366.0 997.000
1172 1.0 181.0 178.0 189.0 988.000
1172 24.0 89.0 445.0 214.0 972.000
1189 120.0 120.0 166.0 197.0 998.000
1202 9.0 74.0 299.0 410.0 988.000
1207 278.0 181.0 28.0 37.0 892.000
1218 175.0 147.0 143.0 91.0 999.000
1219 131.0 236.0 124.0 111.0 995.000
1240 312.0 145.0 88.0 49.0 994.000
1240 236.0 105.0 69.0 55.0 986.000
1240 6.0 127.0 46.0 47.0 975.000
1240 112.0 164.0 106.0 54.0 974.000
1240 400.0 124.0 76.0 50.0 963.000
1240 105.0 96.0 64.0 36.0 958.000
1240 155.0 91.0 70.0 75.0 918.000
1313 74.0 39.0 192.0 291.0 998.000
1313 326.0 75.0 163.0 252.0 992.000
1313 413.0 102.0 79.0 201.0 899.000
1331 51.0 64.0 367.0 284.0 995.000
1337 347.0 71.0 65.0 89.0 999.000
1337 266.0 113.0 60.0 95.0 998.000
1337 417.0 162.0 83.0 143.0 993.000
1337 74.0 165.0 224.0 210.0 987.000
1337 184.0 84.0 77.0 85.0 983.000
1337 9.0 108.0 128.0 158.0 964.000
1337 24.0 101.0 110.0 68.0 868.000
1337 207.0 77.0 30.0 33.0 810.000
1337 148.0 59.0 27.0 48.0 732.000
1407 2.0 111.0 374.0 220.0 999.000
1442 190.0 185.0 53.0 44.0 799.000
1459 273.0 364.0 44.0 80.0 995.000
1477 180.0 134.0 172.0 137.0 999.000
1484 22.0 16.0 445.0 473.0 998.000
1491 106.0 50.0 58.0 58.0 999.000
1491 397.0 219.0 76.0 76.0 998.000
1491 23.0 281.0 94.0 41.0 998.000
1491 322.0 10.0 113.0 132.0 997.000
1491 216.0 152.0 51.0 67.0 997.000
1491 183.0 243.0 42.0 77.0 996.000
1491 84.0 203.0 49.0 59.0 993.000
1491 231.0 314.0 98.0 35.0 990.000
1491 57.0 332.0 78.0 51.0 979.000
1491 348.0 297.0 24.0 18.0 763.000
1519 427.0 259.0 73.0 77.0 997.000
1539 137.0 88.0 221.0 412.0 716.000
1562 281.0 122.0 52.0 98.0 982.000
1562 236.0 219.0 159.0 153.0 982.000
1562 109.0 208.0 160.0 152.0 981.000
1562 352.0 84.0 111.0 148.0 980.000
1562 350.0 70.0 58.0 106.0 923.000
1562 19.0 195.0 84.0 103.0 781.000
1620 21.0 69.0 480.0 265.0 994.000
1644 17.0 31.0 336.0 310.0 989.000
1644 343.0 167.0 157.0 174.0 973.000
1644 185.0 216.0 197.0 119.0 956.000
1688 133.0 161.0 68.0 85.0 998.000
1688 254.0 189.0 91.0 75.0 998.000
1699 164.0 182.0 30.0 94.0 989.000
1699 267.0 125.0 39.0 94.0 984.000
1699 273.0 148.0 18.0 67.0 720.000
1715 1.0 80.0 460.0 254.0 999.000
1743 179.0 28.0 209.0 342.0 992.000
1754 12.0 45.0 260.0 156.0 999.000
1771 232.0 134.0 37.0 49.0 763.000
1789 12.0 151.0 126.0 205.0 991.000
1789 54.0 6.0 227.0 135.0 989.000
1789 47.0 63.0 440.0 303.0 965.000
1824 29.0 149.0 141.0 96.0 992.000
1824 348.0 134.0 64.0 68.0 975.000
1855 22.0 359.0 125.0 83.0 999.000
1895 36.0 50.0 373.0 442.0 999.000
1908 133.0 140.0 268.0 229.0 999.000
1930 195.0 353.0 61.0 63.0 989.000
1930 357.0 18.0 84.0 100.0 969.000
1930 63.0 363.0 56.0 52.0 933.000
1930 332.0 367.0 72.0 42.0 931.000
1930 405.0 352.0 60.0 60.0 923.000
1930 450.0 354.0 50.0 47.0 878.000
1930 294.0 366.0 19.0 45.0 851.000
1930 285.0 331.0 61.0 46.0 806.000
1951 168.0 161.0 134.0 141.0 710.000
1977 250.0 139.0 57.0 121.0 994.000
1987 11.0 103.0 329.0 220.0 998.000
1996 45.0 75.0 269.0 170.0 998.000
2011 218.0 159.0 32.0 48.0 951.000
2011 253.0 51.0 16.0 29.0 900.000
2011 256.0 219.0 58.0 35.0 796.000
2011 231.0 50.0 22.0 28.0 752.000
2026 26.0 49.0 458.0 326.0 999.000
2026 330.0 89.0 170.0 268.0 998.000
2075 13.0 95.0 267.0 402.0 999.000
2089 51.0 53.0 332.0 319.0 994.000
2098 3.0 197.0 70.0 52.0 982.000
2098 143.0 177.0 52.0 59.0 974.000
2098 203.0 167.0 40.0 56.0 962.000
2098 316.0 198.0 22.0 21.0 956.000
2098 97.0 183.0 37.0 37.0 893.000
2098 80.0 209.0 29.0 20.0 824.000
2098 14.0 180.0 30.0 21.0 710.000
2115 184.0 71.0 127.0 199.0 997.000
2127 49.0 53.0 407.0 296.0 999.000
2145 367.0 260.0 49.0 34.0 873.000
2156 103.0 99.0 144.0 151.0 979.000
2156 99.0 92.0 234.0 252.0 831.000
2161 198.0 119.0 185.0 200.0 998.000
2166 214.0 197.0 138.0 247.0 997.000
2166 20.0 70.0 189.0 192.0 957.000
2169 8.0 237.0 175.0 113.0 985.000
2169 331.0 163.0 168.0 115.0 975.000
2169 106.0 159.0 202.0 140.0 961.000
2169 108.0 219.0 122.0 77.0 862.000
2176 152.0 94.0 150.0 217.0 953.000
2180 261.0 90.0 123.0 152.0 999.000
2184 109.0 1.0 273.0 374.0 788.000
2187 164.0 27.0 158.0 304.0 999.000
2188 118.0 72.0 321.0 152.0 999.000
2193 62.0 15.0 411.0 313.0 999.000
2195 27.0 121.0 413.0 93.0 996.000
2196 75.0 97.0 296.0 196.0 974.000
2196 263.0 89.0 100.0 62.0 756.000
2202 67.0 33.0 225.0 387.0 999.000
2210 227.0 133.0 38.0 79.0 993.000
2210 331.0 131.0 61.0 67.0 982.000
2221 1.0 3.0 448.0 371.0 998.000
2222 17.0 46.0 425.0 276.0 998.000
2222 280.0 42.0 202.0 239.0 795.000
2223 352.0 149.0 81.0 96.0 999.000
2223 282.0 242.0 90.0 133.0 998.000
2223 199.0 85.0 89.0 78.0 979.000
2223 120.0 62.0 60.0 34.0 706.000
2223 180.0 53.0 36.0 76.0 704.000
2243 126.0 99.0 226.0 214.0 993.000
2248 238.0 160.0 21.0 21.0 789.000
2255 231.0 44.0 234.0 158.0 999.000
2256 22.0 18.0 446.0 377.0 952.000
2266 167.0 127.0 107.0 103.0 995.000
2284 295.0 200.0 46.0 64.0 982.000
2284 308.0 199.0 29.0 39.0 883.000
2298 136.0 142.0 166.0 155.0 998.000
2308 156.0 193.0 57.0 50.0 952.000
2331 33.0 21.0 467.0 315.0 868.000
2357 148.0 1.0 352.0 350.0 999.000
2373 283.0 112.0 168.0 231.0 999.000
2373 59.0 48.0 73.0 55.0 996.000
2394 54.0 26.0 415.0 291.0 969.000
2412 25.0 28.0 264.0 465.0 999.000
2426 121.0 54.0 237.0 434.0 990.000
2426 118.0 59.0 93.0 168.0 976.000
2433 14.0 15.0 337.0 351.0 989.000
2434 115.0 108.0 272.0 180.0 996.000
2440 96.0 205.0 113.0 183.0 800.000
2452 127.0 36.0 144.0 418.0 959.000
2454 30.0 22.0 384.0 409.0 997.000
2476 292.0 310.0 76.0 84.0 958.000
2476 96.0 196.0 73.0 86.0 888.000
2476 168.0 36.0 61.0 96.0 874.000
2476 23.0 207.0 222.0 263.0 755.000
2476 198.0 196.0 84.0 157.0 710.000
2503 36.0 155.0 277.0 101.0 997.000
2550 220.0 133.0 101.0 93.0 999.000
2551 124.0 41.0 274.0 331.0 993.000
2581 240.0 170.0 30.0 46.0 934.000
2581 245.0 168.0 18.0 17.0 810.000
2602 65.0 112.0 318.0 297.0 998.000
2621 95.0 123.0 321.0 237.0 999.000
2638 19.0 68.0 365.0 214.0 980.000
2642 103.0 154.0 79.0 155.0 998.000
2642 357.0 141.0 80.0 179.0 998.000
2677 101.0 23.0 199.0 459.0 999.000
2693 136.0 125.0 149.0 68.0 701.000
2722 115.0 163.0 241.0 124.0 999.000
2737 128.0 71.0 201.0 376.0 999.000
2741 183.0 134.0 136.0 182.0 998.000
2751 357.0 121.0 62.0 79.0 936.000
2754 159.0 203.0 141.0 73.0 996.000
2754 312.0 148.0 55.0 76.0 985.000
2754 242.0 109.0 48.0 72.0 973.000
2754 187.0 142.0 55.0 61.0 967.000
2754 452.0 98.0 17.0 18.0 893.000
2754 245.0 147.0 39.0 26.0 728.000
2821 120.0 173.0 16.0 16.0 862.000
2822 53.0 167.0 435.0 119.0 988.000
2822 128.0 55.0 55.0 25.0 877.000
2822 250.0 144.0 18.0 21.0 736.000
2822 262.0 185.0 17.0 21.0 721.000
2829 39.0 48.0 406.0 293.0 999.000
2873 79.0 142.0 242.0 295.0 993.000
2888 86.0 51.0 309.0 248.0 999.000
2900 320.0 156.0 55.0 37.0 988.000
2900 233.0 161.0 35.0 50.0 906.000
2923 274.0 36.0 81.0 94.0 996.000
2923 64.0 96.0 112.0 115.0 978.000
3013 8.0 107.0 303.0 392.0 999.000
3014 236.0 106.0 61.0 172.0 984.000
3014 149.0 85.0 104.0 157.0 966.000
3014 439.0 291.0 45.0 43.0 700.000
3039 153.0 135.0 178.0 94.0 976.000
3054 204.0 23.0 276.0 311.0 994.000
3054 36.0 61.0 256.0 270.0 971.000
3066 136.0 132.0 146.0 211.0 966.000
3099 234.0 110.0 79.0 74.0 999.000
3110 85.0 127.0 163.0 181.0 991.000
3146 65.0 49.0 248.0 100.0 998.000
3146 118.0 357.0 217.0 96.0 793.000
3147 312.0 200.0 19.0 22.0 769.000
3164 118.0 121.0 317.0 190.0 988.000
3217 79.0 308.0 31.0 19.0 928.000
3243 200.0 209.0 100.0 209.0 996.000
3243 70.0 32.0 111.0 277.0 992.000
3269 25.0 8.0 384.0 367.0 998.000
3294 99.0 77.0 231.0 151.0 999.000
3295 29.0 27.0 176.0 462.0 988.000
3295 164.0 46.0 144.0 455.0 977.000
3297 144.0 162.0 168.0 109.0 998.000
3301 200.0 118.0 112.0 133.0 995.000
3315 31.0 17.0 320.0 339.0 997.000
3330 55.0 155.0 119.0 148.0 999.000
3330 249.0 149.0 193.0 120.0 998.000
3330 142.0 116.0 175.0 128.0 995.000
3380 51.0 13.0 347.0 347.0 991.000
3380 70.0 179.0 251.0 161.0 757.000
3391 92.0 20.0 355.0 343.0 981.000
3433 259.0 120.0 214.0 250.0 991.000
3435 88.0 93.0 198.0 235.0 999.000
3449 157.0 157.0 91.0 133.0 996.000
3470 266.0 221.0 110.0 111.0 798.000
3491 8.0 95.0 263.0 391.0 999.000
3492 94.0 288.0 29.0 53.0 895.000
3507 126.0 157.0 152.0 82.0 997.000
3513 97.0 1.0 315.0 362.0 999.000
3527 116.0 198.0 16.0 32.0 789.000
3555 235.0 141.0 142.0 86.0 990.000
3560 459.0 127.0 42.0 102.0 981.000
3560 26.0 191.0 54.0 97.0 980.000
3562 150.0 103.0 139.0 226.0 991.000
3581 210.0 57.0 212.0 137.0 993.000
3597 200.0 136.0 207.0 116.0 998.000
3597 129.0 79.0 163.0 77.0 970.000
3621 61.0 202.0 204.0 129.0 993.000
3626 171.0 86.0 200.0 107.0 995.000
3635 47.0 35.0 233.0 377.0 979.000
3667 138.0 440.0 33.0 47.0 998.000
3667 19.0 366.0 22.0 36.0 883.000
3667 101.0 194.0 20.0 30.0 864.000
3667 281.0 310.0 18.0 27.0 750.000
3676 116.0 139.0 263.0 99.0 986.000
3683 151.0 58.0 319.0 258.0 998.000
3699 5.0 148.0 38.0 60.0 983.000
3706 257.0 23.0 118.0 104.0 995.000
3720 177.0 162.0 121.0 180.0 967.000
3725 71.0 157.0 160.0 72.0 995.000
3725 295.0 120.0 81.0 172.0 884.000
3736 35.0 66.0 433.0 238.0 985.000
3739 241.0 235.0 59.0 62.0 750.000
3747 163.0 83.0 45.0 85.0 994.000
3773 167.0 97.0 303.0 141.0 999.000
3775 246.0 128.0 49.0 116.0 929.000
3786 53.0 50.0 307.0 368.0 992.000
3792 260.0 195.0 50.0 29.0 998.000
3792 115.0 218.0 58.0 59.0 998.000
3792 96.0 58.0 102.0 99.0 994.000
3792 91.0 265.0 58.0 52.0 992.000
3792 101.0 118.0 55.0 50.0 969.000
3808 42.0 110.0 348.0 206.0 997.000
3820 29.0 155.0 107.0 137.0 992.000
3820 181.0 205.0 107.0 134.0 974.000
3820 127.0 165.0 73.0 121.0 852.000
3825 354.0 95.0 51.0 24.0 739.000
3832 18.0 82.0 190.0 220.0 998.000
3838 305.0 201.0 108.0 51.0 990.000
3838 353.0 150.0 41.0 29.0 975.000
3838 48.0 253.0 17.0 36.0 948.000
3838 90.0 126.0 32.0 21.0 945.000
3838 151.0 147.0 44.0 44.0 937.000
3838 21.0 254.0 45.0 28.0 927.000
3838 243.0 181.0 70.0 41.0 926.000
3838 237.0 68.0 58.0 37.0 901.000
3838 218.0 174.0 45.0 54.0 899.000
3838 276.0 143.0 20.0 18.0 859.000
3838 212.0 70.0 20.0 25.0 847.000
3838 256.0 178.0 39.0 15.0 810.000
3838 249.0 175.0 17.0 21.0 760.000
3908 109.0 140.0 36.0 85.0 876.000
3916 378.0 282.0 52.0 59.0 997.000
3928 195.0 242.0 91.0 72.0 995.000
3928 224.0 200.0 29.0 54.0 907.000
3932 21.0 163.0 307.0 251.0 998.000
3933 41.0 48.0 440.0 388.0 999.000
3970 152.0 99.0 17.0 50.0 947.000
3978 196.0 96.0 110.0 178.0 995.000
3986 76.0 113.0 169.0 125.0 994.000
3990 392.0 280.0 97.0 68.0 948.000
4004 267.0 6.0 114.0 212.0 993.000
4018 163.0 58.0 194.0 255.0 997.000
4027 292.0 178.0 196.0 110.0 998.000
4027 114.0 165.0 174.0 99.0 997.000
4044 123.0 38.0 247.0 328.0 999.000
4069 181.0 104.0 175.0 107.0 958.000
4080 108.0 120.0 234.0 189.0 999.000
4096 2.0 17.0 308.0 459.0 908.000
4126 140.0 85.0 308.0 281.0 999.000
4144 140.0 39.0 179.0 183.0 998.000
4158 13.0 35.0 412.0 260.0 999.000
4169 199.0 94.0 301.0 259.0 985.000
4169 9.0 2.0 271.0 108.0 750.000
4215 119.0 75.0 83.0 55.0 983.000
4231 40.0 55.0 302.0 442.0 999.000
4259 62.0 132.0 116.0 325.0 998.000
4272 176.0 94.0 178.0 102.0 999.000
4296 320.0 152.0 55.0 50.0 997.000
4300 33.0 37.0 161.0 190.0 958.000
4316 155.0 64.0 116.0 199.0 990.000
4361 52.0 59.0 62.0 197.0 997.000
4361 146.0 71.0 51.0 151.0 996.000
4361 126.0 220.0 180.0 120.0 988.000
4361 228.0 85.0 171.0 155.0 983.000
4374 389.0 118.0 31.0 68.0 896.000
4404 206.0 160.0 80.0 74.0 996.000
4407 205.0 107.0 57.0 57.0 998.000
4424 126.0 139.0 191.0 180.0 817.000
4424 241.0 138.0 162.0 110.0 755.000
4454 34.0 78.0 181.0 266.0 997.000
4456 199.0 77.0 112.0 240.0 998.000
4466 137.0 15.0 232.0 304.0 995.000
4466 112.0 101.0 159.0 225.0 773.000
4468 114.0 76.0 252.0 289.0 834.000
4474 133.0 97.0 225.0 221.0 998.000
4475 150.0 221.0 46.0 71.0 998.000
4475 240.0 459.0 54.0 41.0 963.000
4497 420.0 129.0 80.0 28.0 932.000
4511 93.0 300.0 90.0 85.0 998.000
4538 310.0 156.0 54.0 48.0 996.000
4540 222.0 155.0 74.0 102.0 994.000
4563 148.0 79.0 211.0 253.0 998.000
4568 57.0 58.0 242.0 290.0 999.000
4601 195.0 74.0 237.0 238.0 999.000
4620 98.0 3.0 331.0 372.0 967.000
4633 67.0 143.0 105.0 232.0 997.000
4633 175.0 87.0 110.0 217.0 974.000
4633 76.0 285.0 36.0 85.0 896.000
4679 55.0 16.0 372.0 301.0 996.000
4681 86.0 161.0 105.0 82.0 998.000
4708 16.0 148.0 343.0 218.0 999.000
4710 88.0 42.0 95.0 109.0 996.000
4710 93.0 209.0 205.0 144.0 996.000
4710 13.0 39.0 81.0 101.0 949.000
4777 150.0 214.0 312.0 138.0 995.000
4777 109.0 128.0 285.0 124.0 974.000
4778 160.0 69.0 113.0 149.0 998.000
4778 168.0 74.0 99.0 64.0 742.000
4781 142.0 100.0 224.0 185.0 981.000
4829 68.0 119.0 241.0 199.0 998.000
4837 90.0 69.0 247.0 186.0 994.000
4849 5.0 68.0 430.0 260.0 994.000
4857 30.0 67.0 158.0 348.0 998.000
4879 135.0 144.0 317.0 218.0 999.000
4915 209.0 130.0 46.0 58.0 936.000
4915 118.0 131.0 50.0 66.0 866.000
4939 212.0 98.0 72.0 146.0 994.000
