000040 0.992 11.1 54.3 426.1 281.2
000057 0.999 157.9 59.2 386.3 375.5
000057 0.720 136.5 51.1 252.6 122.3
000068 0.955 6.1 42.4 258.8 367.4
000106 0.997 174.0 92.9 370.6 281.2
000115 0.999 1.0 220.4 242.9 419.3
000127 0.990 337.5 154.4 426.8 196.0
000127 0.987 176.3 225.4 244.2 375.2
000127 0.825 238.6 200.1 332.6 319.0
000127 0.825 348.5 159.0 428.7 282.7
000148 1.000 128.9 111.5 460.7 292.6
000186 1.000 61.2 45.8 281.5 364.6
000199 0.999 169.5 62.7 378.2 263.3
000274 1.000 34.1 91.1 404.1 284.7
000309 0.998 105.5 159.9 315.6 301.3
000326 0.736 182.1 97.8 295.2 223.9
000357 0.912 37.2 19.4 500.5 357.5
000383 0.998 35.5 40.1 426.8 374.4
000426 0.999 153.1 178.8 263.0 258.4
000436 1.000 38.4 118.7 335.6 259.3
000466 0.998 235.4 99.5 342.9 261.6
000472 1.000 55.3 60.8 441.0 375.5
000495 0.999 117.9 19.9 460.8 325.3
000557 0.973 42.0 137.1 167.7 212.4
000561 0.988 143.5 145.0 315.4 464.6
000561 0.965 34.6 21.5 179.4 452.2
000561 0.728 1.1 116.4 20.2 181.6
000568 0.999 98.7 52.3 372.0 268.1
000569 1.000 16.1 36.3 416.6 341.3
000600 0.730 43.1 25.1 281.4 289.1
000681 0.999 130.4 124.5 247.0 224.9
000708 0.843 354.1 189.0 495.9 347.2
000773 0.751 3.2 12.7 450.9 375.5
000792 0.870 165.4 398.4 253.0 467.2
000821 0.999 97.6 46.9 389.6 205.8
000838 0.999 188.6 93.4 374.6 351.7
000852 0.997 19.2 21.8 323.1 201.7
000852 0.994 244.3 18.1 462.4 138.1
000960 0.992 102.9 282.5 355.0 364.4
000960 0.978 339.7 291.0 467.7 383.3
000960 0.970 86.2 109.8 189.8 254.8
000960 0.923 15.9 41.9 140.2 99.5
000960 0.888 310.3 101.9 460.0 224.7
000960 0.852 74.9 293.8 215.4 351.9
001051 0.998 230.4 80.3 324.0 327.7
001122 0.970 83.8 41.3 346.4 495.3
001146 0.787 42.1 36.6 120.2 251.7
001155 0.814 282.6 91.6 331.9 204.4
001181 0.988 103.7 99.5 272.3 258.3
001196 0.998 84.2 78.6 312.5 400.8
001208 0.782 3.1 69.4 124.6 253.7
001235 0.999 138.3 116.7 206.9 267.9
001235 0.997 314.0 151.0 404.9 317.0
001262 0.965 65.9 39.7 358.6 374.5
001262 0.925 54.0 169.1 219.1 361.0
001275 0.994 322.9 211.0 395.4 277.2
001275 0.989 163.9 119.6 250.9 279.4
001275 0.941 74.1 135.7 100.8 179.3
001275 0.924 148.7 133.0 173.2 168.8
001275 0.922 87.2 172.5 124.7 232.4
001275 0.913 203.5 75.6 235.6 102.0
001275 0.906 288.5 161.5 325.3 215.0
001275 0.901 33.8 94.0 50.3 121.4
001275 0.887 226.4 146.5 287.0 220.1
001275 0.886 112.7 72.5 132.1 102.2
001275 0.880 178.3 81.0 197.1 118.6
001275 0.869 400.5 113.6 419.8 148.9
001275 0.852 96.4 97.2 114.0 129.8
001275 0.848 15.6 125.3 33.2 165.6
001275 0.846 423.2 142.7 443.0 174.2
001275 0.813 139.2 82.5 155.3 114.3
001275 0.747 317.8 124.2 348.7 164.0
001275 0.722 9.0 91.0 29.8 115.6
001275 0.714 262.3 135.5 298.3 163.6
001275 0.708 63.0 113.0 83.8 145.2
001275 0.701 368.6 145.3 402.6 198.2
001399 0.931 172.0 189.1 262.9 265.3
001399 0.923 123.4 207.0 183.1 251.7
001399 0.880 169.2 190.7 241.6 230.3
001399 0.728 98.0 290.4 144.7 309.1
001415 0.991 357.9 256.7 411.6 297.8
001425 0.974 224.1 175.1 383.0 302.9
001440 0.998 53.3 91.0 405.9 283.8
001615 0.903 174.8 22.6 357.4 193.6
001637 0.986 146.4 64.5 225.6 108.0
001681 0.998 273.1 162.8 423.4 254.7
001687 0.997 172.2 114.4 290.3 233.6
001687 0.985 126.7 293.5 308.0 487.5
001719 0.998 234.4 60.1 456.3 240.8
001731 0.734 329.4 144.0 361.3 194.1
001745 0.998 448.5 86.4 486.5 152.2
001745 0.997 298.6 83.9 344.8 151.1
001745 0.991 60.5 138.5 86.7 192.0
001745 0.990 108.8 136.9 131.7 175.5
001745 0.980 232.4 74.8 290.3 139.9
001745 0.969 192.4 115.2 218.3 153.3
001745 0.914 375.6 126.7 398.8 154.5
001910 0.976 137.1 23.1 431.1 332.2
001926 0.999 256.4 109.4 430.7 345.9
001926 0.996 123.3 78.8 235.5 313.7
001959 1.000 168.2 59.1 474.6 299.0
001967 0.999 126.7 78.9 227.3 263.8
001984 0.924 381.8 111.3 499.0 347.7
001997 0.992 124.1 145.9 258.3 397.8
002028 0.999 249.4 213.5 328.3 253.4
002028 0.929 359.3 241.1 391.1 269.6
002044 0.999 208.1 141.9 330.5 253.8
002075 0.733 211.0 73.7 387.4 223.3
002103 0.997 60.2 109.2 301.9 250.8
002144 0.996 62.0 112.8 311.7 228.0
002144 0.996 386.4 252.7 433.5 313.7
002144 0.894 42.3 301.2 79.2 355.8
002144 0.873 148.1 30.8 173.5 52.4
002309 0.999 63.5 42.4 383.8 283.5
002316 0.998 106.1 51.3 372.4 417.4
002336 0.989 1.0 180.9 178.6 369.5
002336 0.972 23.7 88.9 469.2 303.2
002380 0.999 119.7 119.8 286.0 316.8
002400 0.988 9.2 73.7 307.5 484.1
002412 0.892 277.8 181.2 305.5 218.3
002431 1.000 175.2 147.0 318.2 237.6
002432 0.995 131.3 236.1 255.0 347.4
002486 0.995 312.4 145.2 399.9 193.8
002486 0.987 235.9 104.6 305.0 159.9
002486 0.976 6.4 126.9 52.4 174.3
002486 0.974 111.9 164.0 217.8 217.9
002486 0.964 399.6 124.2 475.8 173.8
002486 0.958 105.1 96.4 169.2 132.4
002486 0.919 154.8 91.1 224.8 165.7
002630 0.998 73.7 39.0 266.1 329.8
002630 0.992 325.9 75.4 489.0 327.4
002630 0.899 413.4 101.9 492.3 303.1
002672 0.996 51.1 63.5 418.2 347.5
002685 0.999 346.9 71.3 412.4 160.0
002685 0.998 266.3 113.4 325.7 207.8
002685 0.993 417.2 161.9 500.5 305.1
002685 0.988 73.8 165.2 297.9 375.5
002685 0.984 184.0 83.8 260.6 169.3
002685 0.964 9.5 107.7 136.8 265.8
002685 0.869 23.8 100.6 133.9 169.4
002685 0.810 206.6 77.3 236.5 109.9
002685 0.733 148.2 58.6 175.1 107.1
002825 0.999 1.9 111.0 376.4 330.8
002892 0.799 189.6 185.2 242.6 229.3
002922 0.996 272.5 364.3 317.3 444.4
002968 0.999 179.9 134.2 351.9 271.3
002980 0.999 22.1 15.8 467.4 489.4
002996 1.000 105.7 50.4 164.0 107.8
002996 0.999 397.2 218.9 473.3 295.0
002996 0.998 23.2 280.9 117.4 322.3
002996 0.998 322.2 10.1 435.2 142.2
002996 0.998 215.6 152.0 266.8 219.2
002996 0.997 183.5 243.3 224.8 320.1
002996 0.994 84.5 203.2 133.4 261.7
002996 0.991 230.6 313.9 329.0 349.1
002996 0.979 57.0 331.7 134.7 382.6
002996 0.764 348.4 297.4 372.3 315.1
003050 0.998 427.4 259.4 500.5 335.9
003095 0.717 136.9 87.9 358.4 500.5
003148 0.983 280.7 122.3 332.9 220.4
003148 0.983 235.8 218.8 394.6 372.0
003148 0.982 109.3 207.5 269.4 360.4
003148 0.981 351.7 84.5 463.2 232.2
003148 0.924 349.6 69.7 407.6 176.4
003148 0.782 19.2 194.6 103.2 297.5
003267 0.994 21.0 69.1 500.5 333.5
003315 0.989 17.3 31.2 353.5 341.2
003315 0.974 343.2 167.0 500.5 340.9
003315 0.956 185.3 216.1 382.1 334.6
003402 0.999 132.5 160.6 201.2 246.0
003402 0.998 253.8 188.9 344.7 263.8
003432 0.990 164.4 181.7 194.1 275.6
003432 0.985 266.8 125.3 305.6 219.4
003432 0.720 272.7 147.7 291.3 215.1
003467 1.000 1.0 79.8 461.0 333.5
003514 0.992 179.2 27.7 388.0 369.8
003535 0.999 12.2 44.7 271.5 201.2
003563 0.764 231.5 134.0 268.6 183.2
003598 0.991 11.8 150.8 138.5 356.2
003598 0.990 54.1 5.6 281.2 141.1
003598 0.966 46.9 62.5 487.5 366.2
003682 0.993 29.2 148.9 170.3 245.0
003682 0.976 347.5 134.2 411.5 201.9
003741 1.000 21.9 358.8 147.5 442.0
003822 1.000 36.0 49.8 408.6 491.6
003850 1.000 132.9 140.0 400.9 368.7
003896 0.990 195.3 353.2 256.2 415.7
003896 0.969 356.6 18.2 441.1 118.1
003896 0.934 63.2 362.8 118.7 415.0
003896 0.931 331.9 366.5 404.5 409.3
003896 0.923 404.6 352.2 464.5 412.0
003896 0.879 449.5 354.0 500.4 401.2
003896 0.851 294.1 365.7 312.8 410.9
003896 0.806 284.5 330.7 346.3 377.1
003931 0.711 168.3 161.1 301.5 301.8
003985 0.994 250.0 138.7 307.5 260.3
004018 0.999 10.7 102.6 339.5 323.4
004036 0.999 44.8 74.8 313.9 245.2
004059 0.951 217.7 159.0 249.6 207.0
004059 0.900 252.7 51.1 269.4 79.8
004059 0.797 255.5 219.5 313.5 254.5
004059 0.753 231.5 49.9 252.8 77.7
004083 0.999 26.2 49.1 484.3 375.5
004083 0.998 330.2 88.7 500.5 356.9
004176 1.000 13.3 95.0 280.5 496.7
004206 0.995 51.4 52.9 383.4 371.8
004218 0.983 3.0 196.5 72.8 249.5
004218 0.975 143.1 176.7 195.2 235.5
004218 0.962 202.6 167.0 242.7 223.4
004218 0.956 316.0 198.1 338.0 218.9
004218 0.893 97.2 183.3 134.4 219.8
004218 0.824 80.2 208.7 108.8 229.1
004218 0.710 13.6 180.4 44.4 200.7
004251 0.998 183.8 71.0 311.1 270.1
004282 1.000 49.1 53.1 455.6 349.0
004317 0.873 367.4 260.1 416.3 294.2
004340 0.980 102.7 99.3 247.0 250.0
004340 0.831 99.0 91.9 332.7 344.4
004350 0.999 197.5 118.8 383.2 318.9
004362 0.998 214.4 196.6 352.3 443.9
004362 0.957 20.4 69.7 208.6 261.9
004373 0.985 7.8 237.4 182.6 350.4
004373 0.976 331.4 163.2 498.7 277.8
004373 0.961 106.1 159.1 308.3 299.1
004373 0.862 108.4 218.6 230.1 295.9
004383 0.954 151.7 94.2 302.1 311.1
004394 1.000 260.8 90.0 384.2 242.3
004400 0.788 108.6 1.0 382.0 375.5
004403 0.999 163.7 26.8 321.6 331.4
004406 0.999 117.5 72.0 439.1 223.9
004413 0.999 62.4 14.9 472.8 327.8
004415 0.997 26.7 121.4 439.9 214.1
004416 0.974 74.6 96.9 370.9 292.9
004416 0.756 262.9 89.3 362.7 150.5
004425 0.999 66.6 33.3 291.7 420.2
004443 0.994 226.9 133.0 265.4 212.1
004443 0.983 330.9 130.5 392.3 198.4
004460 0.999 1.0 2.8 449.1 374.5
004461 0.998 16.6 45.6 441.9 321.9
004461 0.796 280.4 41.9 482.0 281.2
004462 0.999 352.1 149.3 433.2 245.3
004462 0.999 282.0 241.8 372.3 375.5
004462 0.979 199.0 84.6 287.9 162.5
004462 0.706 120.1 61.6 180.3 95.9
004462 0.705 179.9 53.1 215.7 128.9
004503 0.993 126.0 99.4 352.3 312.8
004513 0.790 238.5 160.4 259.4 180.6
004529 1.000 230.9 43.8 465.3 201.8
004531 0.952 22.4 17.7 467.6 394.9
004550 0.996 167.5 126.9 273.9 230.0
004583 0.983 295.3 199.9 341.2 264.0
004583 0.884 308.3 199.0 337.5 238.2
004614 0.999 136.1 142.2 301.6 296.6
004635 0.952 156.2 193.2 213.5 243.0
004678 0.869 33.4 20.6 500.5 336.2
004730 1.000 147.6 1.0 500.5 351.1
004757 0.999 283.4 111.5 451.5 342.6
004757 0.997 59.4 47.8 132.4 102.8
004798 0.970 54.2 26.0 468.9 317.5
004829 0.999 24.6 27.5 289.5 492.7
004861 0.991 121.0 53.6 357.8 487.8
004861 0.977 117.8 59.5 210.7 227.3
004875 0.989 14.3 15.4 350.8 366.4
004877 0.996 114.7 107.6 387.0 287.9
004888 0.800 95.7 205.4 208.8 388.5
004909 0.959 126.6 36.2 271.1 454.1
004915 0.998 30.4 22.2 414.4 430.7
004949 0.958 292.0 309.7 368.3 394.4
004949 0.889 95.9 195.5 169.0 281.9
004949 0.874 168.2 36.2 229.5 132.3
004949 0.755 22.9 207.2 244.5 469.6
004949 0.711 198.2 196.1 282.0 352.8
005015 0.998 36.3 155.3 312.9 256.0
005113 0.999 220.0 132.7 321.0 225.9
005115 0.994 124.4 41.2 398.4 372.5
005167 0.935 240.4 170.2 270.3 216.4
005167 0.811 245.1 167.8 262.8 184.6
005207 0.999 65.1 111.7 382.7 409.3
005247 1.000 95.4 122.5 416.0 359.8
005282 0.981 19.1 68.5 384.2 282.5
005289 0.999 103.2 153.5 181.6 309.1
005289 0.999 357.5 141.1 436.9 320.1
005364 0.999 100.6 23.1 300.5 481.7
005403 0.702 136.3 124.5 284.8 192.6
005472 0.999 114.9 162.6 356.0 287.1
005495 1.000 127.8 71.2 329.3 446.5
005502 0.999 183.4 134.0 318.8 315.7
005525 0.937 357.5 121.1 419.3 199.7
005532 0.997 159.1 203.2 300.4 276.5
005532 0.985 312.2 148.0 367.5 224.3
005532 0.973 242.1 108.9 289.7 181.5
005532 0.967 186.8 142.2 242.0 203.3
005532 0.893 451.8 98.3 468.6 115.9
005532 0.728 244.5 146.6 284.4 173.4
005666 0.863 119.8 173.0 135.9 189.4
005667 0.988 53.2 167.4 487.7 285.7
005667 0.877 128.0 54.9 183.0 80.1
005667 0.736 250.4 143.9 268.2 164.8
005667 0.721 262.5 185.0 279.3 205.5
005681 1.000 38.9 48.2 444.8 340.6
005772 0.993 78.9 142.3 321.2 436.6
005802 1.000 85.7 51.4 394.5 298.9
005833 0.988 319.7 156.4 374.9 193.3
005833 0.906 232.8 161.5 267.7 210.7
005883 0.996 273.6 36.5 355.2 130.2
005883 0.979 64.1 96.0 175.8 211.4
006053 1.000 8.5 107.4 310.9 499.3
006054 0.984 235.7 106.3 296.8 277.6
006054 0.966 148.9 84.5 252.7 242.3
006054 0.701 439.5 291.3 484.3 333.5
006102 0.976 153.2 135.0 331.0 229.0
006132 0.994 204.3 23.0 479.9 333.5
006132 0.971 35.8 61.0 291.8 330.6
006157 0.966 135.9 132.4 281.9 343.1
006244 1.000 233.9 110.4 313.3 184.5
006268 0.991 85.4 127.2 248.2 308.2
006342 0.998 65.2 49.1 313.2 149.3
006342 0.793 118.4 357.1 335.1 452.9
006343 0.769 312.2 199.9 331.3 222.3
006379 0.989 118.2 121.2 434.7 310.8
006490 0.928 79.4 308.1 110.3 327.3
006535 0.997 200.4 208.7 300.1 418.0
006535 0.992 69.8 32.3 181.1 309.1
006582 0.999 24.9 8.5 409.2 375.5
006639 0.999 98.8 76.5 330.5 228.3
006640 0.989 29.3 26.8 205.3 488.9
006640 0.978 164.4 46.2 308.1 500.5
006642 0.998 143.7 162.0 312.3 270.6
006650 0.996 199.8 118.4 312.3 251.2
006683 0.998 30.7 17.3 350.9 355.9
006716 0.999 54.9 155.5 174.0 303.3
006716 0.998 249.0 149.3 441.6 268.5
006716 0.996 142.1 116.0 317.1 243.6
006812 0.991 50.9 13.0 397.7 360.1
006812 0.757 70.1 179.1 320.8 339.7
006834 0.981 91.6 19.7 446.6 363.5
006927 0.991 259.2 119.7 473.3 370.4
006929 0.999 87.8 93.2 285.9 328.3
006967 0.997 156.8 156.7 247.9 289.8
007000 0.799 266.2 221.3 375.9 331.8
007047 1.000 7.6 94.6 270.7 485.7
007051 0.895 94.0 288.2 122.9 341.3
007087 0.997 125.8 157.3 278.0 238.6
007102 1.000 97.5 1.0 412.3 363.3
007127 0.790 115.9 197.6 131.5 230.2
007188 0.991 235.0 141.4 377.0 226.9
007198 0.982 459.5 127.4 500.5 228.8
007198 0.981 26.4 190.8 79.8 288.5
007201 0.992 149.9 102.5 288.9 329.0
007239 0.994 210.1 57.0 422.0 193.8
007269 0.998 200.0 135.5 407.1 251.7
007269 0.970 128.5 78.7 291.5 155.8
007317 0.993 61.4 202.2 264.6 330.8
007326 0.996 171.0 86.1 371.4 193.3
007340 0.979 46.5 35.5 280.3 412.3
007397 0.999 138.1 440.1 170.5 486.6
007397 0.883 18.6 366.1 41.4 401.9
007397 0.865 100.6 193.8 121.2 223.6
007397 0.751 281.5 309.8 299.0 337.0
007407 0.986 116.1 138.6 378.8 238.2
007426 0.998 151.4 57.6 470.5 315.5
007462 0.984 4.9 147.7 42.7 207.6
007476 0.995 257.1 22.9 375.4 126.6
007505 0.967 176.8 161.9 297.6 341.9
007512 0.996 70.6 157.4 231.0 229.3
007512 0.884 294.9 120.3 376.1 292.4
007539 0.986 35.0 66.4 467.6 303.7
007545 0.751 241.2 234.6 300.1 296.9
007557 0.995 162.6 83.1 208.2 168.0
007604 1.000 167.2 97.3 469.7 237.6
007608 0.930 246.1 128.3 295.0 244.3
007630 0.993 53.1 50.4 360.3 417.9
007641 0.998 260.2 194.6 310.3 223.7
007641 0.998 115.2 218.1 173.1 276.5
007641 0.995 96.2 58.2 197.5 157.0
007641 0.993 90.7 265.0 149.2 316.6
007641 0.970 100.5 117.6 155.6 168.0
007681 0.997 41.8 110.2 390.0 316.0
007707 0.993 29.3 154.6 136.3 291.7
007707 0.974 180.9 204.7 287.8 338.8
007707 0.853 127.0 165.0 199.7 285.9
007716 0.739 353.5 94.9 405.4 119.5
007730 0.999 17.6 81.8 207.9 301.7
007741 0.990 304.6 201.5 412.9 252.4
007741 0.975 352.6 150.3 394.0 179.2
007741 0.949 47.6 252.9 64.6 289.2
007741 0.946 90.1 125.8 121.9 147.3
007741 0.937 151.2 147.1 194.8 190.6
007741 0.928 21.3 253.9 65.7 282.0
007741 0.927 243.1 181.1 312.6 222.1
007741 0.901 236.7 68.0 294.9 104.8
007741 0.900 218.4 173.9 263.5 228.4
007741 0.860 276.0 142.8 295.8 160.7
007741 0.848 211.5 70.1 231.7 94.9
007741 0.810 256.3 177.6 295.4 193.1
007741 0.761 249.3 175.4 265.6 195.5
007879 0.877 109.4 139.9 144.7 224.8
007893 0.998 378.0 281.7 430.0 341.4
007922 0.995 194.9 241.7 286.1 313.6
007922 0.908 224.0 200.1 252.5 253.7
007934 0.999 21.0 163.0 328.1 413.8
007936 0.999 40.6 48.0 481.1 436.4
008000 0.947 152.2 99.5 168.7 148.9
008015 0.995 196.4 96.0 306.1 273.9
008028 0.994 76.4 113.2 245.1 238.3
008038 0.948 391.6 279.7 488.6 348.1
008066 0.994 266.9 6.4 381.0 218.2
008097 0.998 163.4 57.9 357.3 312.9
008118 0.998 292.3 178.0 487.6 287.8
008118 0.997 114.5 165.4 287.6 264.4
008148 0.999 123.0 38.5 369.8 365.9
008193 0.958 181.3 104.3 355.6 210.7
008214 1.000 108.4 119.9 342.0 308.9
008243 0.909 1.6 17.3 310.0 476.3
008305 0.999 139.8 85.4 448.4 365.7
008348 0.998 140.1 38.7 319.1 222.3
008371 1.000 13.2 35.1 424.5 294.6
008393 0.985 199.0 93.5 500.5 352.9
008393 0.750 9.0 2.1 279.8 110.1
008480 0.984 118.7 75.4 201.6 130.5
008508 0.999 39.8 54.7 341.5 497.2
008565 0.999 62.4 131.9 177.8 456.8
008589 1.000 175.6 93.7 353.8 196.0
008631 0.998 319.6 151.8 375.1 202.1
008640 0.959 32.7 36.6 194.5 226.5
008662 0.990 155.0 64.3 270.8 263.1
008746 0.998 52.2 58.5 113.9 255.9
008746 0.996 145.7 71.1 196.6 222.2
008746 0.988 125.8 219.9 306.3 339.9
008746 0.983 228.1 84.7 399.2 240.3
008780 0.897 388.8 118.5 420.2 186.1
008832 0.996 206.0 160.2 285.6 234.5
008842 0.999 205.4 107.5 261.5 163.8
008870 0.817 126.1 139.3 316.9 319.0
008870 0.756 240.7 138.2 402.7 247.6
008934 0.997 34.1 77.6 214.7 343.7
008937 0.998 199.3 77.4 311.4 317.1
008956 0.995 137.0 15.5 369.2 318.6
008956 0.774 112.2 101.3 271.0 325.6
008959 0.835 114.5 75.6 365.9 365.3
008981 0.999 133.5 97.0 358.3 318.1
008984 0.998 150.0 220.8 196.3 292.0
008984 0.964 239.7 458.8 293.7 499.7
009026 0.933 419.6 128.5 500.5 157.2
009054 0.999 93.4 300.1 183.2 384.9
009102 0.997 310.1 156.4 364.2 203.8
009104 0.994 222.3 154.7 296.0 256.6
009146 0.999 148.0 79.2 358.7 332.1
009158 0.999 57.2 57.6 298.6 347.9
009232 0.999 195.0 74.2 431.8 311.8
009266 0.967 97.9 3.1 429.1 375.5
009300 0.998 66.8 143.5 172.5 375.0
009300 0.975 175.1 86.7 285.5 304.2
009300 0.897 76.0 285.3 112.0 369.9
009390 0.996 55.2 16.1 427.3 317.0
009395 0.999 86.0 160.9 191.2 243.4
009453 0.999 16.0 148.1 358.9 365.9
009467 0.997 88.3 41.7 182.7 150.8
009467 0.996 93.0 208.9 297.8 353.1
009467 0.950 13.3 39.5 93.6 140.4
009607 0.995 150.0 214.1 461.6 351.9
009607 0.974 109.5 128.3 393.7 252.1
009608 0.998 159.9 68.9 273.2 218.1
009608 0.743 168.3 73.6 267.1 138.1
009616 0.981 141.7 99.8 365.9 284.6
009716 0.999 67.5 119.0 309.1 318.1
009731 0.995 89.9 69.0 336.9 254.9
009759 0.995 4.9 68.1 434.6 327.6
009775 0.998 30.3 67.1 187.5 415.0
009817 1.000 135.4 143.7 452.2 362.2
009893 0.937 209.4 130.2 254.6 188.4
009893 0.867 118.4 130.7 168.2 196.7
009934 0.994 211.6 98.5 283.9 243.9
