000069 0.989 6.7 67.6 453.9 198.4
000080 0.995 181.9 200.1 210.7 286.6
000080 0.992 390.2 226.7 424.2 303.6
000080 0.991 68.6 237.6 112.3 271.8
000080 0.990 243.4 198.6 267.2 281.5
000080 0.977 186.1 249.6 210.1 286.4
000080 0.969 1.0 186.7 33.9 295.5
000080 0.958 189.4 247.0 208.7 263.2
000080 0.757 1.0 260.1 39.4 301.6
000087 0.798 125.6 169.8 251.4 199.4
000105 0.991 30.8 4.7 312.2 310.3
000179 0.995 84.9 15.8 294.8 500.5
000179 0.971 1.0 410.4 83.0 472.3
000179 0.843 303.5 438.0 353.5 456.5
000179 0.829 296.4 445.2 341.4 462.2
000179 0.826 296.2 414.4 348.8 462.6
000295 0.995 366.2 189.0 401.0 247.2
000350 0.990 102.2 152.0 186.0 190.8
000350 0.967 100.8 145.7 121.5 170.5
000350 0.799 175.0 165.7 231.8 185.4
000371 0.873 242.6 175.5 403.9 243.9
000375 0.962 10.2 31.8 485.1 314.2
000444 0.962 4.6 6.8 332.5 318.8
000444 0.777 9.2 282.4 330.8 329.0
000449 0.984 4.3 1.0 487.8 305.3
000449 0.763 305.1 283.6 500.5 375.5
000481 0.945 4.1 162.0 167.3 255.2
000481 0.941 305.1 73.0 500.5 302.9
000481 0.932 122.4 31.6 339.4 281.9
000481 0.854 33.8 218.2 500.5 349.0
000481 0.761 136.4 169.1 328.7 289.3
000538 0.901 420.0 184.1 483.9 220.2
000538 0.736 63.9 55.5 429.1 288.8
000558 0.994 171.0 113.1 228.0 212.6
000558 0.976 116.5 127.2 166.9 207.2
000558 0.763 32.1 172.2 84.7 192.6
000576 0.999 256.2 105.6 470.0 307.0
000631 0.990 184.3 27.4 420.3 344.3
000631 0.984 68.4 63.6 267.0 340.5
000631 0.978 63.1 347.7 146.2 375.5
000792 0.988 171.2 31.7 284.6 467.7
000792 0.982 90.1 424.1 136.6 454.5
000811 0.999 147.3 131.6 326.2 275.5
000837 0.986 260.1 138.7 366.2 155.9
000837 0.985 248.8 67.6 370.3 155.0
000869 0.922 44.9 233.1 189.0 435.1
000907 0.986 58.0 209.6 406.1 323.2
000914 0.992 49.2 25.8 375.2 430.5
000995 0.998 3.5 79.2 253.9 311.6
000995 0.991 403.6 119.4 500.5 323.0
001049 0.998 113.0 77.2 254.7 162.9
001059 0.930 289.0 272.3 372.5 290.2
001059 0.913 131.5 259.5 261.5 284.3
001076 0.920 34.9 102.3 200.0 141.7
001076 0.805 5.5 57.2 486.3 368.1
001076 0.753 408.6 87.2 500.3 111.0
001141 0.958 259.4 161.1 408.6 370.4
001141 0.926 359.4 81.1 406.3 104.7
001155 0.990 23.4 1.0 355.6 333.5
001155 0.899 346.9 239.1 500.4 375.5
001188 0.987 59.7 110.7 134.0 157.7
001188 0.982 131.0 102.0 166.8 133.1
001188 0.973 287.8 95.6 314.8 122.2
001188 0.971 453.7 136.0 499.5 160.8
001188 0.949 343.6 65.0 372.8 82.4
001188 0.949 180.4 190.9 247.5 259.2
001188 0.937 162.6 82.0 245.5 257.4
001188 0.931 328.1 100.7 357.5 117.4
001188 0.922 468.1 82.4 500.4 117.7
001188 0.919 404.7 20.4 438.5 85.7
001188 0.862 403.7 60.6 441.0 79.0
001188 0.826 471.7 66.2 500.5 82.2
001188 0.812 471.9 5.9 500.5 114.1
001188 0.707 374.9 102.7 408.7 123.2
001227 0.963 10.2 9.9 370.9 432.5
001227 0.734 10.4 306.6 372.0 433.4
001342 0.955 193.7 59.0 268.2 155.8
001342 0.953 201.0 122.2 265.6 154.5
001342 0.756 175.0 39.1 212.7 102.0
001355 0.986 71.8 2.1 500.5 260.1
001355 0.926 1.0 179.0 44.6 213.1
001394 0.979 46.7 96.2 114.2 132.6
001410 0.994 194.1 44.6 335.1 263.6
001410 0.989 33.6 5.9 91.5 95.5
001410 0.896 157.5 2.5 192.2 80.3
001410 0.891 442.0 20.0 498.8 62.9
001410 0.875 298.3 62.0 360.5 81.8
001410 0.863 300.1 74.0 362.6 92.2
001410 0.755 358.9 47.5 420.1 75.8
001474 0.954 114.6 101.6 457.1 134.1
001487 0.942 227.6 113.0 274.2 149.5
001527 0.992 228.3 134.0 280.2 166.2
001527 0.990 100.3 129.0 168.3 161.9
001527 0.984 321.6 138.9 433.7 166.8
001591 0.998 15.9 45.4 492.8 225.1
001634 0.997 25.2 72.5 425.3 344.0
001634 0.911 336.0 264.2 400.3 289.4
001634 0.801 337.0 153.8 475.1 294.2
001646 0.998 296.2 124.7 414.3 320.9
001646 0.993 139.0 77.0 279.5 305.5
001698 0.992 47.5 100.7 409.0 232.6
001705 0.989 12.3 44.8 487.9 359.6
001770 0.995 310.4 235.4 498.1 364.5
001815 0.996 86.7 127.2 313.2 281.3
001822 0.987 136.8 193.7 420.8 254.9
001895 0.988 361.4 198.7 449.2 241.3
001895 0.912 276.1 211.3 328.3 228.2
001895 0.854 56.5 209.1 113.4 251.4
001895 0.817 48.9 243.0 81.7 262.5
001895 0.703 249.2 218.0 362.4 234.9
001974 0.972 54.0 178.2 283.1 248.7
001974 0.890 252.3 153.2 383.2 179.1
002029 1.000 9.5 51.4 281.5 478.3
002085 0.997 169.5 218.1 247.5 280.7
002175 0.983 3.2 213.0 78.5 243.3
002175 0.920 2.7 130.8 78.4 260.7
002175 0.915 482.5 186.1 500.5 209.7
002225 0.990 78.5 32.2 429.8 340.4
002225 0.779 85.6 233.9 301.2 352.2
002274 0.998 61.6 77.0 277.7 406.2
002274 0.959 18.2 283.4 57.1 371.8
002274 0.830 70.7 341.8 269.8 399.2
002390 0.993 164.3 56.6 362.6 277.8
002390 0.969 155.5 217.0 365.1 270.9
002390 0.897 103.8 248.2 160.1 269.4
002390 0.728 95.4 218.8 167.5 264.4
002395 0.988 114.6 2.1 482.1 286.8
002449 0.906 276.8 216.2 336.1 234.1
002474 0.985 63.1 90.1 198.2 291.0
002474 0.922 65.8 250.7 200.7 288.2
002474 0.812 161.3 105.4 229.2 277.2
002474 0.784 201.9 241.4 250.3 260.4
002580 0.950 14.6 215.2 318.7 329.5
002628 0.990 59.1 172.4 114.9 267.4
002628 0.977 177.0 80.1 260.0 277.6
002628 0.974 231.0 268.7 345.9 308.9
002628 0.973 226.1 60.1 345.5 308.9
002628 0.717 172.8 252.3 261.4 277.5
002719 0.893 45.2 93.1 421.6 266.2
002764 0.997 45.0 98.8 212.7 364.6
002764 0.888 46.5 321.9 210.6 353.9
002811 0.999 122.9 79.6 311.8 458.0
002811 0.992 25.4 160.8 140.9 365.5
002821 0.992 237.9 177.3 429.5 296.7
002821 0.917 217.4 188.0 350.5 255.7
002948 0.999 30.4 7.4 276.7 287.7
002983 0.990 3.1 106.1 438.5 215.8
003012 0.849 23.3 1.0 500.5 368.6
003012 0.815 1.0 196.1 303.8 374.9
003073 0.988 1.7 1.0 226.3 246.3
003073 0.786 7.9 176.2 230.7 242.9
003111 0.975 398.9 175.8 498.1 240.1
003111 0.970 159.8 36.2 452.5 261.1
003111 0.915 325.3 161.3 415.4 243.3
003131 0.999 336.8 211.0 413.9 331.4
003409 0.779 6.2 169.2 72.2 208.5
003409 0.739 28.0 155.7 376.1 216.9
003498 0.991 23.1 174.1 493.0 367.8
003543 0.991 208.2 65.6 371.0 190.9
003543 0.964 356.6 145.2 399.7 180.6
003543 0.954 159.9 59.3 178.6 76.0
003543 0.896 8.7 76.5 159.7 346.4
003543 0.727 184.4 199.8 202.3 217.7
003571 0.997 267.7 216.7 484.1 333.5
003652 0.969 326.7 216.3 482.5 260.0
003652 0.969 162.8 308.0 486.0 372.2
003652 0.852 337.4 210.2 474.2 229.6
003652 0.780 331.2 181.7 470.1 223.9
003799 0.969 21.9 1.0 349.0 471.3
003836 0.951 36.8 74.3 452.3 290.7
003836 0.701 163.8 269.6 261.7 287.0
003892 0.985 3.5 16.3 327.6 128.5
003900 0.993 85.5 47.7 458.1 280.2
003900 0.879 4.7 102.3 161.1 251.4
003910 0.930 42.7 189.5 372.4 238.1
003929 0.920 27.7 91.2 52.5 109.3
003929 0.760 8.4 78.3 105.4 109.9
003952 0.954 289.8 241.8 319.0 267.1
003952 0.859 159.1 52.2 199.8 256.9
003952 0.707 149.5 243.8 193.3 263.0
004084 0.758 1.0 124.0 43.4 165.2
004123 0.998 139.9 1.0 360.0 271.6
004123 0.888 186.8 190.3 243.0 213.7
004160 0.999 152.5 81.0 345.1 199.5
004160 0.775 432.7 93.0 500.5 193.2
004225 0.989 6.9 1.0 248.3 293.7
004225 0.890 140.6 8.1 326.3 131.1
004225 0.821 5.3 242.0 280.9 300.3
004225 0.708 177.3 57.2 319.1 109.8
004299 0.979 159.3 11.0 246.8 46.4
004299 0.868 460.3 20.1 486.9 39.9
004299 0.759 428.5 14.6 491.0 37.7
004374 0.999 175.8 168.8 271.6 223.1
004382 0.999 134.0 143.9 392.2 212.5
004443 0.880 39.3 93.0 90.9 127.1
004443 0.826 371.6 60.3 440.8 77.9
004443 0.781 46.8 62.3 97.5 88.2
004573 0.970 190.6 147.5 292.3 169.2
004613 0.935 251.2 160.0 271.5 194.0
004665 0.991 97.0 104.2 266.9 198.1
004665 0.983 202.9 219.4 257.6 238.0
004665 0.784 88.2 157.5 275.5 190.7
004665 0.780 55.8 157.4 93.6 175.0
004795 0.951 177.5 185.4 357.8 336.3
004843 0.963 81.2 154.2 479.5 225.4
004843 0.919 1.0 172.8 106.4 219.6
004843 0.773 444.0 189.5 500.1 223.6
004899 0.921 119.4 1.0 500.5 296.5
004914 0.999 77.2 22.6 379.7 338.4
004937 0.992 102.5 62.7 426.7 355.5
004937 0.898 342.5 121.1 382.0 165.4
004937 0.879 357.8 121.3 414.4 219.7
004937 0.782 1.0 230.6 76.1 273.0
004942 0.769 320.9 124.2 380.0 144.3
005022 0.993 208.5 106.8 272.5 138.7
005074 0.976 51.2 164.6 384.5 293.5
005098 0.967 47.0 106.7 375.5 219.4
005098 0.900 66.0 44.8 216.2 101.5
005098 0.856 1.0 76.8 64.5 118.5
005098 0.843 1.0 7.7 76.6 118.9
005098 0.819 226.1 47.0 261.2 63.2
005112 0.979 139.0 262.5 253.1 283.9
005112 0.953 97.4 167.4 167.8 193.1
005112 0.935 295.0 144.8 403.6 196.5
005112 0.912 32.7 161.5 79.9 178.7
005112 0.852 299.7 182.5 400.5 199.9
005112 0.787 381.3 135.8 427.7 151.7
005162 0.758 1.0 274.3 137.2 474.0
005167 0.931 174.2 174.3 285.3 374.0
005213 0.984 57.4 85.5 475.1 310.4
005213 0.783 161.2 81.7 466.0 145.0
005243 0.995 138.1 37.4 458.4 220.9
005243 0.726 471.7 178.5 496.9 196.7
005272 0.996 71.1 4.1 239.5 227.8
005272 0.985 93.8 199.2 227.2 231.4
005272 0.798 192.6 6.6 477.6 196.9
005329 0.937 180.8 135.3 249.1 262.9
005329 0.932 9.2 239.4 150.9 285.7
005329 0.902 174.1 243.8 254.1 263.3
005329 0.882 180.1 237.9 240.0 255.3
005329 0.857 185.8 230.7 223.2 247.1
005329 0.838 278.1 239.7 346.4 258.7
005329 0.712 1.6 189.2 45.8 243.2
005382 0.997 204.5 123.9 231.6 201.5
005427 0.955 79.0 115.3 332.3 257.3
005427 0.775 89.3 54.8 459.2 331.5
005427 0.762 80.4 118.7 130.0 214.8
005604 0.989 18.0 22.4 328.3 446.7
005604 0.895 306.2 419.8 374.2 448.7
005616 0.951 393.7 112.3 499.5 139.6
005616 0.948 95.0 76.4 376.9 172.0
005720 0.999 70.4 1.0 302.0 448.3
005720 0.743 30.4 431.6 145.2 465.2
005771 0.995 190.7 99.4 206.9 124.1
005771 0.982 334.3 98.5 377.1 154.1
005771 0.957 413.2 100.0 433.7 126.7
005771 0.759 328.9 137.9 382.4 156.4
005771 0.717 83.8 98.7 99.6 125.2
005771 0.714 252.6 105.4 270.3 130.6
005771 0.711 236.6 212.3 263.4 229.3
005950 0.983 222.5 119.3 440.1 213.1
005950 0.947 73.1 82.4 426.8 216.5
005950 0.815 17.5 172.1 68.2 195.5
005950 0.796 6.0 130.7 133.5 185.2
005950 0.726 438.1 145.9 500.5 208.8
005978 0.963 9.3 109.6 209.9 234.3
006014 0.998 179.5 14.6 322.5 451.8
006014 0.969 178.5 376.2 278.5 455.4
006048 0.994 18.0 13.2 324.1 390.2
006110 0.998 335.8 222.4 380.6 255.7
006110 0.880 328.6 113.2 359.9 159.7
006110 0.783 333.0 138.0 355.7 157.6
006160 0.995 156.6 167.0 233.1 266.9
006164 0.985 96.1 399.7 306.9 443.5
006164 0.838 236.0 406.2 323.4 433.4
006178 0.778 67.5 232.6 482.5 323.5
006205 0.999 252.7 191.7 321.6 300.9
006205 0.984 395.0 249.8 417.0 289.0
006205 0.917 86.2 252.4 103.9 289.7
006205 0.900 6.3 251.5 25.1 289.5
006232 0.834 101.3 154.2 464.2 246.6
006302 0.997 151.5 105.2 235.6 272.0
006302 0.989 26.4 166.5 78.8 263.6
006302 0.973 414.3 95.0 499.9 260.0
006302 0.936 271.1 240.0 286.8 259.7
006302 0.886 127.1 252.7 245.1 269.5
006302 0.715 6.1 167.4 45.8 264.6
006332 0.987 14.1 1.0 369.5 272.6
006347 0.722 41.1 101.1 343.9 207.6
006408 0.992 163.2 151.2 195.3 251.4
006490 0.963 146.0 7.2 268.1 71.5
006528 0.989 158.6 17.4 495.5 224.3
006531 0.800 168.0 251.1 263.9 280.9
006604 0.990 22.7 135.5 104.7 216.1
006604 0.980 373.4 148.7 421.1 217.5
006604 0.948 281.6 197.7 327.2 216.9
006604 0.883 244.7 177.9 265.4 214.1
006659 0.985 175.3 101.2 228.5 324.9
006659 0.841 176.6 262.4 229.4 302.5
006804 0.714 12.8 214.7 340.8 489.4
006889 0.990 359.1 190.6 475.4 209.4
006977 0.999 87.6 31.3 245.4 374.9
006977 0.920 1.0 5.8 91.0 290.7
006997 0.987 76.7 22.9 485.4 281.7
006997 0.975 84.2 205.3 469.7 279.2
007066 0.999 253.6 197.6 396.7 269.0
007091 0.979 143.6 245.0 200.1 263.8
007173 0.993 73.6 32.7 404.3 361.0
007233 0.999 20.5 5.6 471.8 265.7
007357 0.974 260.0 156.0 353.2 179.6
007357 0.956 222.1 141.2 294.7 168.6
007357 0.785 237.8 143.4 356.1 171.6
007357 0.784 113.3 141.2 166.7 174.0
007367 0.740 13.0 226.9 35.7 248.4
007377 0.993 157.2 195.0 440.5 291.5
007400 0.997 65.7 352.6 211.7 443.0
007415 0.991 32.1 127.9 462.2 280.3
007455 0.994 165.6 173.2 327.6 234.6
007464 0.980 163.6 224.7 252.3 252.2
007464 0.974 263.5 278.6 482.0 311.6
007464 0.967 163.9 115.7 250.2 253.2
007464 0.874 347.4 280.3 484.0 301.2
007464 0.838 195.3 270.7 495.2 336.7
007464 0.724 195.4 284.1 335.1 344.5
007635 0.993 323.9 21.7 490.3 207.9
007635 0.876 318.7 147.0 497.8 215.1
007660 0.984 115.1 125.1 458.8 253.3
007660 0.781 72.4 202.5 461.0 249.4
007788 0.995 18.6 9.7 500.5 329.6
007850 0.997 91.6 21.7 467.5 259.4
007952 0.994 216.8 109.2 336.4 295.3
007952 0.881 226.3 275.6 322.4 306.5
007990 1.000 3.2 64.6 460.5 298.2
008066 0.896 146.1 157.8 183.2 245.3
008099 0.995 146.6 12.6 224.9 275.9
008099 0.983 46.3 114.7 94.4 242.0
008099 0.947 140.5 256.6 213.2 277.1
008145 0.964 36.1 145.9 382.0 335.6
008145 0.814 18.5 193.6 316.1 287.6
008217 0.988 59.5 121.5 339.0 318.6
008217 0.981 162.9 242.6 343.1 326.3
008217 0.770 50.7 150.1 135.3 206.8
008219 0.992 1.5 2.1 109.1 60.8
008249 0.996 29.1 101.7 447.7 212.6
008278 0.997 100.8 92.8 211.9 294.9
008278 0.973 90.8 275.3 232.0 291.1
008278 0.930 303.0 211.6 332.5 286.9
008278 0.897 3.4 175.8 38.5 239.3
008278 0.748 256.1 206.2 271.8 236.1
008369 0.985 325.7 229.2 369.3 260.0
008373 0.976 296.3 139.0 351.9 165.9
008373 0.964 143.1 114.6 219.3 164.8
008373 0.751 185.3 118.4 223.7 167.3
008373 0.724 331.1 143.6 350.1 161.6
008545 0.998 96.7 16.1 296.9 376.9
008545 0.956 277.2 243.1 343.5 344.0
008545 0.842 284.1 323.2 343.4 339.0
008571 0.962 55.7 5.9 162.5 182.0
008578 0.998 105.9 139.9 438.0 256.4
008590 0.995 328.6 264.9 419.8 327.9
008590 0.960 202.3 225.1 219.7 243.7
008590 0.918 316.9 227.2 357.2 260.8
008590 0.901 424.2 230.4 472.4 280.0
008590 0.797 247.7 212.5 304.9 236.9
008590 0.746 335.5 212.6 364.3 242.3
008643 0.995 167.2 71.8 456.5 226.5
008643 0.937 4.1 142.3 190.2 229.4
008704 0.899 235.7 138.9 296.5 181.3
008820 0.786 85.3 67.4 270.9 209.6
008868 0.979 232.1 128.4 467.6 218.4
008868 0.917 17.6 135.4 376.9 281.4
008869 0.998 169.8 1.0 470.0 319.6
008869 0.915 12.9 140.1 82.0 288.6
008869 0.724 5.0 290.4 157.0 373.4
008998 0.997 408.1 223.6 455.4 290.5
008998 0.993 245.1 244.9 266.3 279.4
008998 0.988 6.7 242.5 25.9 267.0
008998 0.980 64.4 201.7 97.4 281.7
008998 0.978 113.6 198.1 147.3 294.6
008998 0.910 297.8 236.4 313.5 269.6
009001 0.999 95.4 66.6 196.0 421.9
009001 0.731 97.3 366.1 192.5 421.6
009026 0.977 22.8 305.3 167.0 364.7
009026 0.937 287.1 253.5 306.2 269.7
009026 0.854 215.8 248.9 280.6 270.8
009026 0.796 304.8 252.4 339.4 269.5
009026 0.704 384.4 285.9 500.5 375.5
009102 0.929 40.2 192.9 500.5 373.9
009120 0.980 272.5 128.7 348.9 153.3
009137 0.987 372.0 122.3 411.6 145.0
009137 0.980 216.2 147.0 265.3 171.3
009137 0.979 45.6 150.9 111.3 172.1
009137 0.970 76.2 135.2 151.3 167.2
009137 0.802 268.3 124.0 318.1 146.2
009137 0.702 207.0 129.6 278.8 169.7
009137 0.701 250.1 138.8 291.3 156.8
009235 0.965 20.8 359.1 116.6 398.2
009235 0.813 4.3 416.6 73.4 440.4
009235 0.740 1.6 385.4 72.8 448.7
009240 0.992 232.1 93.2 323.8 176.4
009423 0.998 136.8 7.7 343.3 309.3
009423 0.971 405.7 204.3 454.5 232.5
009423 0.896 422.3 207.6 448.4 226.6
009423 0.887 190.9 278.2 344.8 311.7
009538 0.957 141.8 28.0 500.5 310.9
009538 0.912 158.9 227.5 497.9 305.5
009538 0.873 1.2 258.7 68.0 306.8
009728 0.996 213.7 47.9 248.4 181.4
009793 0.999 58.7 43.8 429.8 353.3
009811 0.993 19.9 50.8 364.8 191.7
009864 0.718 281.8 268.6 406.6 312.9
009885 0.982 3.3 5.0 484.0 375.5
009885 0.978 32.6 227.0 476.3 372.5
009885 0.874 1.0 93.7 244.9 375.5
