35 7.0 68.0 447.0 130.0 988.000
42 182.0 200.0 29.0 87.0 995.000
42 390.0 227.0 34.0 77.0 991.000
42 69.0 238.0 43.0 34.0 990.000
42 243.0 199.0 24.0 82.0 990.000
42 186.0 250.0 24.0 36.0 976.000
42 1.0 187.0 33.0 108.0 968.000
42 189.0 247.0 20.0 16.0 958.000
42 1.0 260.0 38.0 42.0 756.000
47 126.0 170.0 125.0 29.0 797.000
57 31.0 5.0 281.0 305.0 991.000
89 85.0 16.0 210.0 484.0 994.000
89 1.0 410.0 82.0 62.0 970.000
89 303.0 438.0 50.0 18.0 842.000
89 296.0 445.0 45.0 17.0 829.000
89 296.0 414.0 53.0 49.0 826.000
149 366.0 189.0 35.0 58.0 995.000
173 102.0 152.0 84.0 39.0 990.000
173 101.0 146.0 21.0 25.0 966.000
173 175.0 166.0 57.0 19.0 799.000
187 243.0 175.0 161.0 69.0 873.000
188 10.0 32.0 475.0 282.0 962.000
227 5.0 7.0 328.0 312.0 961.000
227 9.0 282.0 322.0 47.0 777.000
230 4.0 1.0 484.0 304.0 984.000
230 305.0 284.0 195.0 91.0 762.000
247 4.0 162.0 163.0 93.0 945.000
247 305.0 73.0 195.0 230.0 941.000
247 122.0 32.0 217.0 250.0 932.000
247 34.0 218.0 466.0 131.0 854.000
247 136.0 169.0 193.0 120.0 760.000
271 420.0 184.0 64.0 36.0 901.000
271 64.0 55.0 365.0 234.0 735.000
281 171.0 113.0 57.0 100.0 993.000
281 117.0 127.0 50.0 80.0 976.000
281 32.0 172.0 53.0 21.0 763.000
295 256.0 106.0 214.0 201.0 999.000
324 184.0 27.0 236.0 317.0 990.000
324 68.0 64.0 199.0 277.0 983.000
324 63.0 348.0 83.0 27.0 977.000
407 171.0 32.0 114.0 436.0 988.000
407 90.0 424.0 47.0 30.0 981.000
414 147.0 132.0 179.0 144.0 999.000
424 260.0 139.0 106.0 17.0 986.000
424 249.0 68.0 121.0 87.0 985.000
438 45.0 233.0 144.0 202.0 921.000
454 58.0 210.0 348.0 113.0 986.000
458 49.0 26.0 326.0 404.0 991.000
501 3.0 79.0 251.0 233.0 998.000
501 404.0 119.0 96.0 204.0 990.000
532 113.0 77.0 142.0 86.0 997.000
537 289.0 272.0 84.0 18.0 930.000
537 131.0 260.0 130.0 24.0 913.000
543 35.0 102.0 165.0 40.0 920.000
543 5.0 57.0 481.0 311.0 804.000
543 409.0 87.0 91.0 24.0 752.000
579 259.0 161.0 150.0 209.0 957.000
579 359.0 81.0 47.0 24.0 925.000
583 23.0 1.0 333.0 332.0 989.000
583 347.0 239.0 153.0 136.0 898.000
598 60.0 111.0 74.0 47.0 987.000
598 131.0 102.0 36.0 31.0 981.000
598 288.0 96.0 27.0 26.0 972.000
598 454.0 136.0 45.0 25.0 971.000
598 344.0 65.0 29.0 17.0 949.000
598 180.0 191.0 67.0 68.0 948.000
598 163.0 82.0 82.0 175.0 937.000
598 328.0 101.0 29.0 16.0 931.000
598 468.0 82.0 32.0 36.0 921.000
598 405.0 20.0 33.0 66.0 919.000
598 404.0 61.0 37.0 18.0 861.000
598 472.0 66.0 28.0 16.0 825.000
598 472.0 6.0 28.0 108.0 811.000
598 375.0 103.0 34.0 20.0 706.000
617 10.0 10.0 361.0 422.0 962.000
617 10.0 307.0 362.0 126.0 733.000
673 194.0 59.0 74.0 97.0 955.000
673 201.0 122.0 65.0 32.0 952.000
673 175.0 39.0 38.0 63.0 755.000
680 72.0 2.0 428.0 258.0 985.000
680 1.0 179.0 44.0 34.0 926.000
703 47.0 96.0 67.0 37.0 979.000
710 194.0 45.0 141.0 219.0 993.000
710 34.0 6.0 57.0 89.0 989.000
710 157.0 2.0 35.0 78.0 895.000
710 442.0 20.0 57.0 43.0 890.000
710 298.0 62.0 62.0 20.0 874.000
710 300.0 74.0 63.0 18.0 863.000
710 359.0 48.0 61.0 28.0 755.000
743 115.0 102.0 342.0 32.0 954.000
748 228.0 113.0 46.0 36.0 941.000
767 228.0 134.0 52.0 32.0 991.000
767 100.0 129.0 68.0 33.0 989.000
767 322.0 139.0 112.0 28.0 983.000
801 16.0 45.0 477.0 180.0 997.000
823 25.0 72.0 400.0 272.0 996.000
823 336.0 264.0 64.0 25.0 911.000
823 337.0 154.0 138.0 140.0 800.000
830 296.0 125.0 118.0 196.0 997.000
830 139.0 77.0 141.0 228.0 993.000
857 47.0 101.0 362.0 132.0 992.000
863 12.0 45.0 476.0 315.0 988.000
893 310.0 235.0 188.0 130.0 995.000
917 87.0 127.0 226.0 154.0 996.000
921 137.0 194.0 284.0 61.0 986.000
959 361.0 199.0 88.0 42.0 988.000
959 276.0 211.0 52.0 17.0 911.000
959 56.0 209.0 57.0 42.0 853.000
959 49.0 243.0 33.0 20.0 816.000
959 249.0 218.0 113.0 17.0 703.000
998 54.0 178.0 229.0 71.0 971.000
998 252.0 153.0 131.0 26.0 890.000
1027 9.0 51.0 273.0 427.0 999.000
1059 170.0 218.0 78.0 63.0 997.000
1103 3.0 213.0 75.0 30.0 982.000
1103 3.0 131.0 75.0 130.0 920.000
1103 482.0 186.0 18.0 24.0 915.000
1122 78.0 32.0 352.0 308.0 989.000
1122 86.0 234.0 215.0 118.0 779.000
1144 62.0 77.0 216.0 329.0 998.000
1144 18.0 283.0 39.0 89.0 959.000
1144 71.0 342.0 199.0 57.0 830.000
1195 164.0 57.0 199.0 221.0 993.000
1195 155.0 217.0 210.0 54.0 968.000
1195 104.0 248.0 56.0 21.0 896.000
1195 95.0 219.0 72.0 45.0 727.000
1197 115.0 2.0 367.0 285.0 987.000
1225 277.0 216.0 59.0 18.0 905.000
1235 63.0 90.0 135.0 201.0 985.000
1235 66.0 251.0 135.0 37.0 921.000
1235 161.0 105.0 68.0 172.0 812.000
1235 202.0 241.0 48.0 19.0 784.000
1285 15.0 215.0 304.0 114.0 950.000
1311 59.0 172.0 56.0 95.0 990.000
1311 177.0 80.0 83.0 198.0 976.000
1311 231.0 269.0 115.0 40.0 974.000
1311 226.0 60.0 119.0 249.0 973.000
1311 173.0 252.0 88.0 25.0 716.000
1353 45.0 93.0 377.0 173.0 892.000
1376 45.0 99.0 168.0 266.0 997.000
1376 47.0 322.0 164.0 32.0 887.000
1398 123.0 80.0 189.0 378.0 998.000
1398 25.0 161.0 116.0 204.0 992.000
1403 238.0 177.0 192.0 120.0 992.000
1403 217.0 188.0 134.0 68.0 917.000
1469 30.0 7.0 247.0 281.0 999.000
1487 3.0 106.0 436.0 110.0 990.000
1498 23.0 1.0 477.0 368.0 848.000
1498 1.0 196.0 303.0 179.0 814.000
1530 2.0 1.0 224.0 245.0 987.000
1530 8.0 176.0 223.0 67.0 786.000
1546 399.0 176.0 99.0 64.0 974.000
1546 160.0 36.0 293.0 225.0 969.000
1546 325.0 161.0 90.0 82.0 914.000
1555 337.0 211.0 77.0 120.0 999.000
1690 6.0 169.0 66.0 39.0 779.000
1690 28.0 156.0 348.0 61.0 739.000
1734 23.0 174.0 470.0 194.0 990.000
1759 208.0 66.0 163.0 125.0 991.000
1759 357.0 145.0 43.0 36.0 964.000
1759 160.0 59.0 19.0 17.0 954.000
1759 9.0 76.0 151.0 270.0 895.000
1759 184.0 200.0 18.0 18.0 726.000
1775 268.0 217.0 216.0 117.0 997.000
1812 327.0 216.0 156.0 44.0 969.000
1812 163.0 308.0 323.0 64.0 968.000
1812 337.0 210.0 137.0 20.0 851.000
1812 331.0 182.0 139.0 42.0 780.000
1883 22.0 1.0 327.0 470.0 969.000
1902 37.0 74.0 415.0 217.0 951.000
1902 164.0 270.0 98.0 17.0 700.000
1927 3.0 16.0 325.0 113.0 985.000
1932 86.0 48.0 372.0 232.0 993.000
1932 5.0 102.0 156.0 149.0 879.000
1940 43.0 189.0 329.0 49.0 929.000
1949 28.0 91.0 24.0 18.0 920.000
1949 8.0 78.0 97.0 32.0 760.000
1961 290.0 242.0 29.0 25.0 954.000
1961 159.0 52.0 41.0 205.0 858.000
1961 149.0 244.0 44.0 19.0 706.000
2027 1.0 124.0 42.0 41.0 757.000
2047 140.0 1.0 220.0 271.0 998.000
2047 187.0 190.0 56.0 24.0 887.000
2066 153.0 81.0 192.0 119.0 999.000
2066 433.0 93.0 67.0 100.0 774.000
2101 7.0 1.0 241.0 293.0 989.000
2101 141.0 8.0 185.0 123.0 889.000
2101 5.0 242.0 276.0 58.0 820.000
2101 177.0 57.0 142.0 53.0 708.000
2134 159.0 11.0 88.0 35.0 978.000
2134 460.0 20.0 27.0 20.0 867.000
2134 428.0 15.0 63.0 23.0 758.000
2170 176.0 169.0 96.0 54.0 998.000
2175 134.0 144.0 258.0 69.0 999.000
2210 39.0 93.0 52.0 34.0 879.000
2210 372.0 60.0 69.0 18.0 826.000
2210 47.0 62.0 51.0 26.0 780.000
2278 191.0 148.0 101.0 21.0 970.000
2297 251.0 160.0 20.0 34.0 934.000
2324 97.0 104.0 170.0 94.0 990.000
2324 203.0 219.0 55.0 19.0 982.000
2324 88.0 158.0 187.0 33.0 783.000
2324 56.0 157.0 38.0 18.0 779.000
2393 177.0 185.0 181.0 151.0 951.000
2416 81.0 154.0 399.0 71.0 962.000
2416 1.0 173.0 105.0 47.0 919.000
2416 444.0 189.0 56.0 35.0 772.000
2446 119.0 1.0 382.0 295.0 921.000
2453 77.0 23.0 303.0 315.0 999.000
2469 102.0 63.0 325.0 293.0 991.000
2469 342.0 121.0 40.0 44.0 897.000
2469 358.0 121.0 56.0 99.0 879.000
2469 1.0 231.0 75.0 42.0 781.000
2472 321.0 124.0 59.0 20.0 769.000
2507 209.0 107.0 63.0 32.0 992.000
2529 51.0 165.0 334.0 128.0 975.000
2542 47.0 107.0 328.0 112.0 966.000
2542 66.0 45.0 150.0 57.0 899.000
2542 1.0 77.0 63.0 42.0 855.000
2542 1.0 8.0 76.0 111.0 843.000
2542 226.0 47.0 35.0 16.0 819.000
2549 139.0 262.0 114.0 22.0 978.000
2549 97.0 167.0 71.0 26.0 952.000
2549 295.0 145.0 109.0 51.0 934.000
2549 33.0 162.0 47.0 17.0 911.000
2549 300.0 183.0 100.0 17.0 851.000
2549 381.0 136.0 47.0 16.0 786.000
2576 1.0 274.0 136.0 200.0 758.000
2581 174.0 174.0 111.0 200.0 931.000
2604 57.0 85.0 418.0 225.0 983.000
2604 161.0 82.0 305.0 63.0 782.000
2620 138.0 37.0 320.0 184.0 994.000
2620 472.0 178.0 25.0 19.0 726.000
2632 71.0 4.0 169.0 224.0 996.000
2632 94.0 199.0 133.0 32.0 985.000
2632 193.0 7.0 285.0 190.0 797.000
2660 181.0 135.0 68.0 128.0 936.000
2660 9.0 239.0 142.0 47.0 931.000
2660 174.0 244.0 80.0 19.0 902.000
2660 180.0 238.0 60.0 17.0 881.000
2660 186.0 231.0 37.0 16.0 857.000
2660 278.0 240.0 68.0 19.0 838.000
2660 2.0 189.0 44.0 54.0 711.000
2684 204.0 124.0 28.0 77.0 997.000
2701 79.0 115.0 253.0 142.0 954.000
2701 89.0 55.0 370.0 276.0 775.000
2701 80.0 119.0 50.0 96.0 761.000
2792 18.0 22.0 310.0 425.0 989.000
2792 306.0 420.0 68.0 29.0 895.000
2796 394.0 112.0 106.0 28.0 951.000
2796 95.0 76.0 282.0 96.0 947.000
2847 70.0 1.0 232.0 447.0 999.000
2847 30.0 432.0 115.0 33.0 742.000
2872 191.0 99.0 16.0 25.0 994.000
2872 334.0 98.0 43.0 56.0 982.000
2872 413.0 100.0 21.0 27.0 956.000
2872 329.0 138.0 53.0 18.0 758.000
2872 84.0 99.0 16.0 26.0 716.000
2872 253.0 105.0 17.0 26.0 713.000
2872 237.0 212.0 26.0 17.0 710.000
2960 222.0 119.0 218.0 94.0 983.000
2960 73.0 82.0 354.0 135.0 947.000
2960 17.0 172.0 51.0 24.0 815.000
2960 6.0 131.0 128.0 54.0 795.000
2960 438.0 146.0 62.0 63.0 726.000
2976 9.0 110.0 201.0 124.0 963.000
2991 179.0 15.0 143.0 437.0 997.000
2991 179.0 376.0 100.0 79.0 969.000
3008 18.0 13.0 306.0 377.0 993.000
3042 336.0 222.0 45.0 34.0 997.000
3042 329.0 113.0 31.0 47.0 880.000
3042 333.0 138.0 23.0 20.0 783.000
3067 157.0 167.0 76.0 100.0 994.000
3068 96.0 400.0 211.0 43.0 985.000
3068 236.0 406.0 87.0 27.0 838.000
3074 67.0 233.0 415.0 91.0 777.000
3086 253.0 192.0 69.0 109.0 999.000
3086 395.0 250.0 22.0 39.0 983.000
3086 86.0 252.0 18.0 38.0 916.000
3086 6.0 251.0 19.0 39.0 900.000
3095 101.0 154.0 363.0 93.0 834.000
3124 151.0 105.0 85.0 167.0 997.000
3124 26.0 166.0 53.0 98.0 989.000
3124 414.0 95.0 86.0 165.0 972.000
3124 271.0 240.0 16.0 20.0 935.000
3124 127.0 253.0 118.0 16.0 886.000
3124 6.0 167.0 40.0 98.0 715.000
3141 14.0 1.0 356.0 272.0 987.000
3149 41.0 101.0 303.0 107.0 721.000
3182 163.0 151.0 32.0 100.0 992.000
3217 146.0 7.0 122.0 64.0 962.000
3240 159.0 17.0 336.0 207.0 988.000
3241 168.0 251.0 96.0 30.0 799.000
3280 23.0 136.0 82.0 80.0 989.000
3280 373.0 149.0 48.0 68.0 980.000
3280 282.0 198.0 45.0 19.0 948.000
3280 245.0 178.0 20.0 36.0 883.000
3306 175.0 101.0 54.0 224.0 985.000
3306 177.0 262.0 52.0 40.0 841.000
3376 13.0 215.0 328.0 274.0 713.000
3413 359.0 191.0 116.0 18.0 989.000
3455 88.0 31.0 157.0 344.0 999.000
3455 1.0 6.0 90.0 285.0 919.000
3467 77.0 23.0 408.0 259.0 987.000
3467 84.0 205.0 386.0 74.0 974.000
3499 254.0 198.0 143.0 71.0 998.000
3508 144.0 245.0 56.0 19.0 978.000
3547 74.0 33.0 330.0 328.0 992.000
3577 21.0 6.0 451.0 260.0 999.000
3646 260.0 156.0 93.0 24.0 974.000
3646 222.0 141.0 73.0 28.0 955.000
3646 238.0 143.0 118.0 29.0 784.000
3646 113.0 141.0 54.0 33.0 783.000
3652 13.0 227.0 23.0 21.0 739.000
3655 157.0 195.0 284.0 97.0 992.000
3669 66.0 353.0 146.0 90.0 997.000
3679 32.0 128.0 430.0 152.0 990.000
3696 166.0 173.0 162.0 62.0 994.000
3701 164.0 225.0 88.0 27.0 980.000
3701 263.0 279.0 219.0 33.0 974.000
3701 164.0 116.0 86.0 137.0 967.000
3701 347.0 280.0 137.0 21.0 873.000
3701 195.0 271.0 300.0 66.0 838.000
3701 195.0 284.0 140.0 60.0 724.000
3789 324.0 22.0 166.0 186.0 992.000
3789 319.0 147.0 179.0 68.0 875.000
3802 115.0 125.0 344.0 128.0 984.000
3802 72.0 203.0 389.0 46.0 780.000
3861 19.0 10.0 481.0 320.0 995.000
3895 92.0 22.0 376.0 237.0 997.000
3943 217.0 109.0 119.0 186.0 994.000
3943 226.0 276.0 96.0 31.0 881.000
3965 3.0 65.0 458.0 233.0 999.000
4004 146.0 158.0 37.0 87.0 896.000
4019 147.0 13.0 78.0 263.0 994.000
4019 46.0 115.0 48.0 127.0 983.000
4019 141.0 257.0 72.0 20.0 946.000
4041 36.0 146.0 346.0 190.0 963.000
4041 18.0 194.0 298.0 94.0 813.000
4082 59.0 121.0 280.0 198.0 987.000
4082 163.0 243.0 180.0 83.0 980.000
4082 51.0 150.0 84.0 57.0 769.000
4083 2.0 2.0 107.0 59.0 991.000
4100 29.0 102.0 419.0 111.0 995.000
4115 101.0 93.0 111.0 202.0 997.000
4115 91.0 275.0 141.0 16.0 972.000
4115 303.0 212.0 30.0 75.0 930.000
4115 3.0 176.0 36.0 63.0 897.000
4115 256.0 206.0 16.0 30.0 748.000
4157 326.0 229.0 43.0 31.0 984.000
4159 296.0 139.0 56.0 27.0 975.000
4159 143.0 115.0 76.0 50.0 963.000
4159 185.0 118.0 39.0 49.0 751.000
4159 331.0 144.0 19.0 18.0 723.000
4248 97.0 16.0 200.0 361.0 998.000
4248 277.0 243.0 67.0 101.0 955.000
4248 284.0 323.0 59.0 16.0 842.000
4264 56.0 6.0 107.0 176.0 962.000
4268 106.0 140.0 332.0 116.0 998.000
4273 329.0 265.0 91.0 63.0 994.000
4273 202.0 225.0 18.0 19.0 960.000
4273 317.0 227.0 40.0 34.0 917.000
4273 424.0 230.0 48.0 50.0 900.000
4273 248.0 212.0 57.0 25.0 797.000
4273 335.0 213.0 29.0 29.0 745.000
4303 167.0 72.0 289.0 154.0 994.000
4303 4.0 142.0 186.0 87.0 937.000
4341 236.0 139.0 61.0 42.0 898.000
4396 85.0 67.0 186.0 143.0 785.000
4422 232.0 128.0 236.0 90.0 978.000
4422 18.0 135.0 359.0 146.0 916.000
4423 170.0 1.0 300.0 319.0 998.000
4423 13.0 140.0 69.0 149.0 914.000
4423 5.0 290.0 152.0 83.0 723.000
4483 408.0 224.0 47.0 67.0 997.000
4483 245.0 245.0 21.0 34.0 992.000
4483 7.0 243.0 19.0 24.0 988.000
4483 64.0 202.0 33.0 80.0 980.000
4483 114.0 198.0 33.0 97.0 978.000
4483 298.0 236.0 16.0 34.0 910.000
4484 95.0 67.0 101.0 355.0 998.000
4484 97.0 366.0 95.0 56.0 730.000
4497 23.0 305.0 144.0 60.0 976.000
4497 287.0 254.0 19.0 16.0 936.000
4497 216.0 249.0 65.0 22.0 853.000
4497 305.0 252.0 34.0 17.0 795.000
4497 384.0 286.0 116.0 89.0 704.000
4538 40.0 193.0 460.0 181.0 929.000
4548 272.0 129.0 77.0 24.0 979.000
4557 372.0 122.0 40.0 23.0 986.000
4557 216.0 147.0 49.0 24.0 980.000
4557 46.0 151.0 65.0 21.0 978.000
4557 76.0 135.0 75.0 32.0 969.000
4557 268.0 124.0 50.0 22.0 801.000
4557 207.0 130.0 72.0 40.0 701.000
4557 250.0 139.0 41.0 18.0 700.000
4604 21.0 359.0 96.0 39.0 965.000
4604 4.0 417.0 69.0 23.0 812.000
4604 2.0 385.0 71.0 64.0 740.000
4606 232.0 93.0 92.0 83.0 991.000
4691 137.0 8.0 206.0 301.0 997.000
4691 406.0 204.0 48.0 28.0 971.000
4691 422.0 208.0 26.0 19.0 895.000
4691 191.0 278.0 154.0 34.0 886.000
4743 142.0 28.0 359.0 283.0 956.000
4743 159.0 228.0 339.0 77.0 911.000
4743 1.0 259.0 67.0 48.0 873.000
4835 214.0 48.0 34.0 133.0 995.000
4867 59.0 44.0 371.0 309.0 998.000
4875 20.0 51.0 345.0 141.0 992.000
4902 282.0 269.0 125.0 44.0 717.000
4909 3.0 5.0 481.0 370.0 981.000
4909 33.0 227.0 443.0 146.0 977.000
4909 1.0 94.0 244.0 281.0 873.000
