23 347.0 226.0 20.0 59.0 715.000
70 355.0 30.0 19.0 40.0 838.000
73 221.0 181.0 27.0 97.0 926.000
73 246.0 157.0 19.0 68.0 836.000
77 188.0 154.0 180.0 104.0 991.000
88 239.0 84.0 49.0 174.0 963.000
88 202.0 85.0 40.0 153.0 954.000
88 329.0 59.0 26.0 111.0 873.000
88 171.0 63.0 34.0 119.0 861.000
88 141.0 78.0 30.0 149.0 732.000
102 419.0 132.0 77.0 220.0 987.000
109 139.0 135.0 18.0 41.0 736.000
139 483.0 119.0 17.0 50.0 880.000
139 452.0 146.0 26.0 72.0 785.000
163 305.0 32.0 22.0 93.0 974.000
166 15.0 92.0 326.0 255.0 708.000
171 136.0 108.0 93.0 232.0 983.000
186 176.0 259.0 45.0 116.0 795.000
229 228.0 154.0 52.0 165.0 994.000
246 22.0 431.0 49.0 58.0 784.000
301 361.0 256.0 62.0 114.0 913.000
310 418.0 205.0 43.0 93.0 971.000
312 119.0 71.0 61.0 230.0 999.000
392 30.0 146.0 94.0 229.0 987.000
420 239.0 141.0 46.0 48.0 806.000
449 87.0 146.0 22.0 60.0 931.000
449 56.0 221.0 20.0 40.0 880.000
449 89.0 219.0 17.0 34.0 856.000
449 77.0 223.0 17.0 36.0 855.000
449 71.0 164.0 17.0 41.0 801.000
449 52.0 156.0 18.0 51.0 734.000
507 410.0 6.0 90.0 241.0 907.000
545 336.0 171.0 23.0 47.0 701.000
547 304.0 227.0 59.0 148.0 992.000
559 122.0 173.0 20.0 77.0 961.000
559 84.0 190.0 29.0 66.0 951.000
589 1.0 80.0 52.0 246.0 944.000
592 14.0 112.0 73.0 255.0 998.000
607 39.0 246.0 170.0 111.0 732.000
624 248.0 122.0 16.0 57.0 836.000
624 456.0 24.0 32.0 70.0 747.000
647 66.0 3.0 254.0 471.0 999.000
675 247.0 262.0 33.0 59.0 986.000
676 87.0 323.0 49.0 51.0 914.000
679 96.0 203.0 26.0 70.0 830.000
701 400.0 269.0 22.0 60.0 865.000
722 461.0 75.0 37.0 112.0 968.000
722 422.0 112.0 46.0 116.0 947.000
723 15.0 132.0 65.0 153.0 875.000
735 40.0 60.0 72.0 266.0 995.000
735 118.0 81.0 65.0 250.0 992.000
749 325.0 62.0 19.0 66.0 790.000
749 182.0 159.0 23.0 83.0 703.000
788 6.0 286.0 34.0 105.0 977.000
788 275.0 200.0 89.0 282.0 720.000
798 118.0 187.0 19.0 44.0 744.000
807 245.0 20.0 107.0 332.0 993.000
822 74.0 1.0 126.0 499.0 999.000
822 341.0 246.0 34.0 139.0 960.000
832 208.0 291.0 87.0 205.0 978.000
832 44.0 273.0 90.0 208.0 939.000
848 198.0 131.0 18.0 44.0 724.000
864 175.0 103.0 20.0 76.0 848.000
864 192.0 220.0 16.0 42.0 739.000
871 106.0 209.0 24.0 83.0 981.000
872 205.0 337.0 26.0 38.0 833.000
897 484.0 352.0 16.0 23.0 845.000
914 410.0 259.0 18.0 36.0 793.000
925 49.0 376.0 59.0 124.0 998.000
975 76.0 4.0 102.0 228.0 995.000
975 167.0 6.0 113.0 237.0 994.000
975 264.0 1.0 113.0 260.0 994.000
975 366.0 1.0 116.0 271.0 989.000
975 1.0 2.0 81.0 211.0 985.000
975 451.0 4.0 50.0 300.0 900.000
975 169.0 213.0 78.0 118.0 894.000
975 257.0 224.0 76.0 109.0 834.000
975 135.0 257.0 79.0 77.0 789.000
984 310.0 266.0 17.0 40.0 794.000
984 296.0 271.0 16.0 42.0 776.000
999 198.0 53.0 15.0 27.0 895.000
1025 403.0 291.0 27.0 71.0 953.000
1025 325.0 132.0 19.0 34.0 834.000
1063 329.0 36.0 37.0 133.0 877.000
1106 286.0 9.0 36.0 111.0 817.000
1115 422.0 163.0 33.0 72.0 716.000
1126 258.0 1.0 96.0 182.0 940.000
1128 453.0 113.0 18.0 40.0 785.000
1131 289.0 241.0 53.0 89.0 951.000
1136 74.0 258.0 16.0 37.0 822.000
1146 214.0 70.0 22.0 51.0 740.000
1246 226.0 163.0 26.0 63.0 775.000
1265 246.0 119.0 18.0 73.0 975.000
1266 204.0 225.0 24.0 105.0 838.000
1276 9.0 16.0 153.0 387.0 984.000
1282 418.0 283.0 26.0 77.0 946.000
1282 433.0 304.0 28.0 75.0 946.000
1282 315.0 314.0 44.0 66.0 933.000
1347 327.0 289.0 39.0 86.0 983.000
1350 1.0 238.0 68.0 137.0 987.000
1351 241.0 214.0 48.0 161.0 990.000
1366 449.0 88.0 50.0 119.0 963.000
1366 95.0 221.0 71.0 115.0 782.000
1381 84.0 223.0 30.0 76.0 946.000
1381 13.0 227.0 31.0 92.0 943.000
1381 42.0 131.0 27.0 76.0 902.000
1381 7.0 20.0 27.0 87.0 892.000
1381 50.0 315.0 25.0 60.0 875.000
1381 62.0 135.0 20.0 74.0 873.000
1381 474.0 218.0 17.0 61.0 870.000
1381 453.0 209.0 20.0 69.0 804.000
1381 67.0 320.0 22.0 55.0 793.000
1381 184.0 82.0 21.0 68.0 776.000
1381 78.0 53.0 19.0 64.0 767.000
1381 146.0 76.0 18.0 53.0 744.000
1381 128.0 144.0 19.0 46.0 725.000
1424 34.0 171.0 81.0 226.0 991.000
1450 270.0 217.0 53.0 157.0 974.000
1450 360.0 224.0 51.0 150.0 963.000
1468 333.0 296.0 46.0 79.0 938.000
1471 116.0 251.0 114.0 244.0 966.000
1471 102.0 6.0 134.0 415.0 812.000
1472 448.0 193.0 25.0 79.0 945.000
1480 156.0 327.0 82.0 67.0 932.000
1486 267.0 273.0 81.0 221.0 995.000
1497 399.0 35.0 58.0 149.0 993.000
1497 53.0 37.0 58.0 159.0 987.000
1497 104.0 45.0 55.0 153.0 980.000
1525 126.0 73.0 77.0 200.0 993.000
1525 68.0 70.0 64.0 191.0 988.000
1525 222.0 71.0 71.0 201.0 987.000
1525 305.0 58.0 73.0 221.0 980.000
1529 179.0 32.0 119.0 432.0 999.000
1532 118.0 42.0 29.0 103.0 981.000
1532 148.0 43.0 34.0 106.0 977.000
1532 182.0 45.0 32.0 110.0 973.000
1532 152.0 212.0 28.0 68.0 954.000
1532 119.0 209.0 31.0 69.0 939.000
1532 211.0 303.0 33.0 68.0 933.000
1532 310.0 49.0 36.0 99.0 932.000
1532 60.0 216.0 25.0 63.0 929.000
1532 271.0 301.0 30.0 63.0 925.000
1532 248.0 309.0 23.0 52.0 920.000
1532 83.0 46.0 33.0 105.0 918.000
1532 216.0 49.0 31.0 110.0 904.000
1532 245.0 209.0 30.0 74.0 899.000
1532 184.0 309.0 26.0 61.0 899.000
1532 281.0 220.0 23.0 58.0 876.000
1532 250.0 51.0 34.0 104.0 874.000
1532 280.0 45.0 35.0 112.0 860.000
1532 180.0 209.0 31.0 74.0 834.000
1532 55.0 51.0 32.0 97.0 817.000
1532 152.0 313.0 31.0 55.0 788.000
1532 216.0 216.0 21.0 66.0 786.000
1554 126.0 287.0 30.0 57.0 902.000
1559 190.0 210.0 24.0 47.0 702.000
1612 14.0 7.0 156.0 365.0 999.000
1612 166.0 4.0 124.0 365.0 998.000
1612 314.0 1.0 153.0 360.0 998.000
1625 19.0 283.0 59.0 92.0 966.000
1640 387.0 250.0 44.0 120.0 982.000
1698 59.0 210.0 70.0 265.0 997.000
1706 171.0 169.0 52.0 156.0 979.000
1706 252.0 184.0 41.0 149.0 959.000
1712 303.0 201.0 22.0 79.0 988.000
1728 482.0 330.0 18.0 45.0 747.000
1730 30.0 235.0 16.0 52.0 923.000
1785 195.0 194.0 17.0 69.0 961.000
1785 257.0 219.0 17.0 37.0 795.000
1808 237.0 268.0 40.0 191.0 711.000
1810 274.0 210.0 19.0 73.0 817.000
1831 207.0 162.0 119.0 210.0 980.000
1831 63.0 135.0 61.0 78.0 822.000
1831 67.0 118.0 157.0 239.0 764.000
1831 293.0 110.0 89.0 141.0 734.000
1844 207.0 87.0 32.0 118.0 968.000
1851 149.0 187.0 50.0 82.0 973.000
1868 450.0 238.0 34.0 111.0 776.000
1886 482.0 237.0 18.0 90.0 812.000
1886 238.0 35.0 33.0 83.0 783.000
1906 44.0 2.0 158.0 499.0 999.000
1946 6.0 154.0 135.0 89.0 764.000
1948 120.0 6.0 130.0 457.0 996.000
1956 20.0 153.0 23.0 84.0 862.000
1958 132.0 194.0 34.0 99.0 795.000
2000 286.0 13.0 66.0 220.0 888.000
2009 207.0 350.0 56.0 146.0 987.000
2009 297.0 387.0 68.0 113.0 979.000
2010 157.0 213.0 41.0 99.0 980.000
2010 254.0 202.0 35.0 105.0 812.000
2017 302.0 170.0 40.0 162.0 992.000
2017 243.0 172.0 69.0 178.0 920.000
2020 234.0 205.0 26.0 58.0 944.000
2045 224.0 258.0 26.0 76.0 955.000
2055 101.0 6.0 48.0 106.0 952.000
2055 318.0 239.0 86.0 154.0 912.000
2055 238.0 4.0 39.0 86.0 897.000
2055 212.0 1.0 29.0 90.0 801.000
2055 144.0 3.0 25.0 100.0 759.000
2055 187.0 3.0 30.0 88.0 758.000
2055 166.0 4.0 35.0 98.0 717.000
2107 298.0 142.0 77.0 192.0 993.000
2107 209.0 131.0 73.0 203.0 984.000
2107 137.0 118.0 64.0 196.0 976.000
2107 81.0 170.0 82.0 157.0 912.000
2107 192.0 48.0 34.0 105.0 831.000
2107 155.0 42.0 32.0 69.0 782.000
2123 146.0 132.0 44.0 165.0 984.000
2141 256.0 168.0 18.0 38.0 918.000
2141 271.0 158.0 18.0 43.0 820.000
2141 354.0 401.0 27.0 90.0 714.000
2141 224.0 148.0 18.0 60.0 707.000
2146 224.0 133.0 56.0 95.0 940.000
2160 444.0 51.0 56.0 141.0 909.000
2160 405.0 48.0 56.0 128.0 764.000
2163 231.0 199.0 48.0 155.0 965.000
2163 182.0 184.0 44.0 146.0 964.000
2163 67.0 310.0 41.0 65.0 742.000
2200 31.0 208.0 98.0 98.0 886.000
2201 232.0 78.0 45.0 146.0 896.000
2201 77.0 272.0 32.0 81.0 706.000
2207 402.0 314.0 21.0 19.0 921.000
2210 33.0 164.0 15.0 41.0 777.000
2226 159.0 321.0 24.0 53.0 744.000
2230 335.0 5.0 76.0 179.0 932.000
2230 20.0 231.0 32.0 101.0 932.000
2230 328.0 49.0 80.0 265.0 742.000
2264 49.0 158.0 102.0 215.0 970.000
2264 156.0 197.0 60.0 177.0 954.000
2274 309.0 263.0 19.0 48.0 909.000
2292 130.0 16.0 102.0 445.0 999.000
2292 293.0 97.0 46.0 165.0 797.000
2312 240.0 142.0 22.0 71.0 870.000
2312 189.0 112.0 16.0 58.0 737.000
2312 213.0 134.0 18.0 70.0 720.000
2349 231.0 174.0 16.0 59.0 930.000
2349 242.0 173.0 16.0 55.0 924.000
2351 157.0 241.0 30.0 94.0 941.000
2366 198.0 113.0 22.0 55.0 818.000
2406 181.0 290.0 21.0 65.0 918.000
2406 243.0 314.0 24.0 66.0 848.000
2435 398.0 210.0 19.0 76.0 982.000
2435 213.0 192.0 17.0 66.0 923.000
2457 300.0 28.0 130.0 238.0 998.000
2460 259.0 131.0 102.0 61.0 982.000
2460 211.0 134.0 107.0 37.0 786.000
2461 43.0 187.0 21.0 51.0 928.000
2494 177.0 255.0 43.0 50.0 976.000
2494 219.0 253.0 18.0 54.0 937.000
2495 152.0 106.0 113.0 388.0 991.000
2495 117.0 55.0 72.0 214.0 944.000
2495 240.0 24.0 93.0 468.0 826.000
2498 84.0 16.0 69.0 289.0 944.000
2498 183.0 185.0 69.0 112.0 785.000
2541 7.0 3.0 145.0 272.0 996.000
2577 1.0 70.0 61.0 254.0 705.000
2605 200.0 46.0 112.0 306.0 999.000
2609 357.0 196.0 37.0 123.0 977.000
2609 332.0 209.0 33.0 98.0 896.000
2613 284.0 203.0 23.0 78.0 974.000
2613 294.0 216.0 18.0 58.0 771.000
2634 469.0 273.0 17.0 41.0 906.000
2644 130.0 17.0 339.0 355.0 994.000
2653 150.0 143.0 18.0 41.0 884.000
2693 129.0 121.0 183.0 81.0 901.000
2702 17.0 14.0 194.0 350.0 945.000
2706 427.0 123.0 46.0 116.0 954.000
2719 225.0 68.0 54.0 151.0 921.000
2728 380.0 150.0 19.0 89.0 749.000
2733 284.0 171.0 67.0 204.0 993.000
2777 312.0 168.0 41.0 141.0 934.000
2784 83.0 156.0 16.0 44.0 824.000
2800 221.0 230.0 23.0 67.0 706.000
2808 4.0 102.0 135.0 261.0 992.000
2808 186.0 142.0 126.0 210.0 979.000
2808 108.0 199.0 90.0 171.0 920.000
2808 292.0 49.0 76.0 275.0 888.000
2808 211.0 61.0 90.0 206.0 826.000
2848 206.0 224.0 21.0 64.0 970.000
2848 328.0 255.0 19.0 69.0 848.000
2889 290.0 56.0 20.0 68.0 833.000
2942 2.0 262.0 27.0 51.0 831.000
2950 246.0 154.0 237.0 88.0 988.000
2962 174.0 140.0 87.0 110.0 856.000
2985 200.0 68.0 138.0 305.0 996.000
2985 57.0 64.0 119.0 318.0 984.000
2985 3.0 7.0 74.0 157.0 713.000
3015 287.0 86.0 29.0 99.0 977.000
3015 180.0 86.0 28.0 91.0 943.000
3022 233.0 23.0 71.0 298.0 985.000
3031 113.0 81.0 52.0 193.0 994.000
3035 195.0 194.0 89.0 88.0 746.000
3081 60.0 359.0 22.0 63.0 737.000
3081 31.0 368.0 17.0 49.0 723.000
3102 2.0 267.0 30.0 66.0 819.000
3104 360.0 3.0 98.0 205.0 854.000
3153 221.0 43.0 24.0 85.0 979.000
3153 194.0 42.0 24.0 87.0 974.000
3154 224.0 239.0 30.0 120.0 919.000
3165 258.0 108.0 20.0 73.0 847.000
3171 1.0 249.0 49.0 110.0 871.000
3171 28.0 226.0 152.0 146.0 719.000
3177 28.0 74.0 37.0 84.0 974.000
3177 69.0 84.0 35.0 81.0 848.000
3194 332.0 229.0 24.0 112.0 981.000
3194 174.0 260.0 28.0 88.0 977.000
3200 31.0 290.0 27.0 88.0 952.000
3223 327.0 86.0 41.0 126.0 966.000
3223 231.0 217.0 42.0 97.0 964.000
3223 251.0 81.0 40.0 123.0 955.000
3223 35.0 150.0 35.0 108.0 937.000
3223 64.0 152.0 43.0 115.0 935.000
3223 288.0 209.0 43.0 114.0 930.000
3223 295.0 1.0 45.0 116.0 928.000
3223 185.0 204.0 39.0 91.0 926.000
3223 148.0 150.0 47.0 139.0 924.000
3223 290.0 94.0 38.0 106.0 923.000
3223 216.0 4.0 33.0 102.0 908.000
3223 34.0 22.0 30.0 96.0 903.000
3223 340.0 1.0 40.0 119.0 902.000
3223 105.0 21.0 26.0 95.0 897.000
3223 251.0 2.0 34.0 117.0 892.000
3223 109.0 145.0 36.0 127.0 872.000
3223 47.0 99.0 19.0 63.0 863.000
3223 194.0 90.0 30.0 104.0 853.000
3223 184.0 4.0 26.0 95.0 837.000
3223 227.0 90.0 27.0 98.0 824.000
3223 141.0 94.0 27.0 93.0 819.000
3223 149.0 11.0 26.0 100.0 811.000
3223 127.0 17.0 23.0 100.0 797.000
3223 84.0 10.0 26.0 91.0 792.000
3223 64.0 101.0 24.0 75.0 776.000
3223 88.0 99.0 24.0 76.0 727.000
3223 208.0 161.0 43.0 116.0 710.000
3223 112.0 96.0 29.0 87.0 703.000
3250 152.0 238.0 18.0 42.0 822.000
3250 299.0 189.0 23.0 57.0 756.000
3298 465.0 208.0 15.0 31.0 801.000
3307 312.0 187.0 38.0 129.0 985.000
3338 378.0 5.0 87.0 118.0 836.000
3358 315.0 177.0 19.0 40.0 750.000
3423 4.0 3.0 120.0 267.0 709.000
3571 95.0 170.0 39.0 130.0 995.000
3571 121.0 150.0 26.0 122.0 946.000
3571 376.0 180.0 49.0 126.0 899.000
3697 312.0 35.0 115.0 231.0 950.000
3697 158.0 77.0 83.0 226.0 928.000
3697 6.0 160.0 109.0 150.0 922.000
3697 243.0 50.0 219.0 314.0 774.000
3697 279.0 28.0 48.0 110.0 721.000
3703 167.0 255.0 16.0 58.0 824.000
3712 13.0 158.0 73.0 203.0 997.000
3716 39.0 243.0 67.0 151.0 994.000
3719 95.0 1.0 290.0 370.0 844.000
3734 298.0 121.0 38.0 115.0 835.000
3734 285.0 154.0 22.0 85.0 716.000
3751 115.0 45.0 18.0 109.0 737.000
3797 228.0 214.0 18.0 44.0 772.000
3799 269.0 226.0 109.0 77.0 967.000
3816 201.0 3.0 71.0 207.0 968.000
3837 166.0 197.0 55.0 167.0 955.000
3839 375.0 143.0 66.0 171.0 986.000
3839 439.0 158.0 50.0 148.0 984.000
3839 306.0 138.0 48.0 170.0 982.000
3839 174.0 153.0 45.0 153.0 976.000
3839 34.0 170.0 46.0 135.0 969.000
3839 240.0 121.0 44.0 194.0 960.000
3839 90.0 144.0 48.0 177.0 941.000
3839 141.0 165.0 39.0 132.0 922.000
3839 280.0 150.0 30.0 146.0 895.000
3839 340.0 156.0 34.0 130.0 858.000
3839 3.0 170.0 35.0 123.0 855.000
3839 1.0 190.0 20.0 136.0 788.000
3854 262.0 98.0 185.0 93.0 968.000
3905 23.0 334.0 48.0 41.0 764.000
3934 371.0 232.0 16.0 37.0 881.000
4037 420.0 191.0 47.0 125.0 983.000
4037 371.0 193.0 47.0 120.0 982.000
4037 20.0 193.0 45.0 122.0 968.000
4037 322.0 195.0 45.0 117.0 967.000
4037 72.0 196.0 44.0 119.0 957.000
4037 167.0 205.0 40.0 112.0 951.000
4037 270.0 187.0 45.0 122.0 946.000
4037 122.0 198.0 40.0 116.0 928.000
4037 222.0 199.0 40.0 115.0 927.000
4037 224.0 15.0 43.0 122.0 915.000
4037 20.0 3.0 50.0 144.0 907.000
4037 425.0 20.0 49.0 127.0 875.000
4037 73.0 10.0 48.0 121.0 848.000
4037 323.0 25.0 46.0 102.0 806.000
4037 173.0 11.0 42.0 133.0 803.000
4037 122.0 18.0 44.0 127.0 788.000
4037 279.0 29.0 42.0 118.0 763.000
4037 362.0 196.0 25.0 102.0 745.000
4063 112.0 86.0 22.0 51.0 861.000
4063 125.0 88.0 21.0 54.0 827.000
4118 278.0 210.0 74.0 165.0 991.000
4120 139.0 89.0 286.0 248.0 933.000
4134 1.0 278.0 53.0 189.0 935.000
4163 327.0 12.0 128.0 307.0 999.000
4178 156.0 123.0 17.0 48.0 847.000
4184 415.0 105.0 23.0 59.0 832.000
4184 447.0 90.0 22.0 60.0 802.000
4184 388.0 80.0 28.0 78.0 768.000
4204 22.0 342.0 23.0 33.0 940.000
4234 132.0 183.0 19.0 29.0 859.000
4235 268.0 200.0 69.0 53.0 865.000
4236 288.0 221.0 35.0 103.0 906.000
4236 256.0 111.0 16.0 74.0 847.000
4244 413.0 23.0 86.0 158.0 890.000
4255 275.0 387.0 23.0 65.0 937.000
4271 411.0 160.0 20.0 76.0 967.000
4271 340.0 163.0 18.0 67.0 859.000
4271 358.0 176.0 29.0 64.0 856.000
4274 8.0 174.0 79.0 230.0 990.000
4274 249.0 1.0 43.0 106.0 954.000
4274 99.0 9.0 38.0 112.0 931.000
4292 178.0 260.0 16.0 48.0 865.000
4293 230.0 164.0 46.0 154.0 994.000
4333 234.0 144.0 60.0 178.0 987.000
4333 211.0 312.0 62.0 63.0 821.000
4333 1.0 242.0 26.0 124.0 764.000
4338 207.0 109.0 102.0 384.0 994.000
4372 366.0 2.0 58.0 140.0 987.000
4432 230.0 71.0 158.0 429.0 999.000
4439 124.0 271.0 24.0 56.0 857.000
4452 191.0 52.0 70.0 258.0 996.000
4452 295.0 47.0 59.0 268.0 994.000
4452 155.0 70.0 33.0 176.0 992.000
4452 75.0 36.0 85.0 277.0 992.000
4452 377.0 40.0 103.0 274.0 990.000
4452 20.0 29.0 59.0 254.0 941.000
4452 1.0 25.0 43.0 278.0 912.000
4452 358.0 61.0 48.0 210.0 884.000
4452 411.0 46.0 46.0 121.0 722.000
4467 474.0 310.0 26.0 65.0 728.000
4485 2.0 136.0 169.0 101.0 969.000
4490 120.0 18.0 158.0 479.0 999.000
4490 290.0 31.0 74.0 187.0 994.000
4523 331.0 221.0 46.0 130.0 972.000
4523 97.0 239.0 37.0 90.0 847.000
4569 185.0 314.0 28.0 79.0 943.000
4612 128.0 1.0 84.0 208.0 997.000
4612 288.0 91.0 35.0 78.0 953.000
4629 96.0 147.0 168.0 302.0 772.000
4631 403.0 167.0 25.0 83.0 894.000
4631 327.0 152.0 28.0 102.0 874.000
4631 373.0 134.0 20.0 74.0 802.000
4666 16.0 1.0 148.0 462.0 978.000
4666 135.0 6.0 193.0 450.0 844.000
4697 1.0 109.0 118.0 391.0 925.000
4745 408.0 69.0 61.0 123.0 973.000
4745 333.0 3.0 35.0 58.0 727.000
4746 114.0 204.0 59.0 228.0 994.000
4746 1.0 189.0 47.0 197.0 993.000
4746 245.0 305.0 82.0 195.0 985.000
4758 71.0 97.0 43.0 115.0 758.000
4764 406.0 179.0 89.0 165.0 787.000
4776 229.0 445.0 37.0 55.0 748.000
4782 444.0 264.0 18.0 38.0 716.000
4785 348.0 318.0 27.0 57.0 892.000
4786 447.0 189.0 17.0 41.0 784.000
4787 48.0 143.0 22.0 69.0 910.000
4796 30.0 76.0 87.0 225.0 971.000
4796 130.0 21.0 69.0 229.0 966.000
4796 225.0 21.0 59.0 238.0 907.000
4796 192.0 180.0 85.0 142.0 893.000
4796 103.0 178.0 82.0 138.0 845.000
4796 271.0 35.0 168.0 305.0 807.000
4860 414.0 234.0 25.0 72.0 904.000
4860 329.0 258.0 26.0 70.0 851.000
4869 167.0 205.0 23.0 81.0 774.000
4876 260.0 279.0 50.0 86.0 783.000
4890 1.0 208.0 29.0 151.0 867.000
4904 375.0 23.0 27.0 60.0 919.000
4904 397.0 16.0 16.0 63.0 700.000
4913 22.0 7.0 99.0 228.0 968.000
