000045 0.716 346.7 225.7 367.5 284.9
000136 0.838 354.9 30.1 374.2 69.7
000144 0.927 221.3 181.1 247.6 278.3
000144 0.836 246.1 156.5 265.0 225.3
000151 0.992 187.9 154.4 367.6 258.0
000178 0.963 238.6 84.1 287.7 258.5
000178 0.954 201.7 85.4 242.3 238.1
000178 0.874 328.6 58.6 355.1 170.0
000178 0.861 171.2 63.4 204.8 181.9
000178 0.732 141.4 77.7 171.5 226.8
000202 0.988 418.9 132.3 496.2 352.4
000217 0.737 139.0 134.8 157.0 176.2
000280 0.881 483.0 119.2 500.5 168.8
000280 0.786 451.8 146.3 477.7 218.2
000327 0.974 305.1 31.6 327.4 125.0
000335 0.709 14.7 91.5 340.9 346.9
000346 0.984 136.5 108.4 228.9 339.6
000369 0.795 176.5 258.5 221.3 375.5
000447 0.995 228.1 154.4 279.8 319.2
000479 0.784 22.4 430.8 71.0 488.8
000587 0.913 360.9 255.5 423.3 369.9
000606 0.972 417.9 204.5 461.3 298.4
000611 0.999 118.9 71.1 180.0 301.1
000762 0.987 30.1 146.4 124.0 374.6
000825 0.807 238.7 140.9 285.2 188.6
000893 0.932 87.1 145.5 109.0 206.3
000893 0.881 55.9 221.2 75.5 260.9
000893 0.857 89.5 218.6 105.6 252.9
000893 0.856 76.9 222.8 93.7 258.8
000893 0.802 70.7 164.0 87.6 205.2
000893 0.735 51.9 155.5 69.5 207.2
001007 0.908 410.0 5.6 500.5 246.6
001081 0.702 335.5 170.7 358.6 218.5
001086 0.992 303.7 227.0 363.2 375.5
001105 0.962 121.7 173.2 142.2 249.9
001105 0.951 83.7 189.7 112.6 255.7
001167 0.944 1.0 79.7 52.6 325.7
001177 0.999 13.7 112.3 86.8 367.0
001208 0.733 38.7 246.5 209.2 356.7
001244 0.837 248.2 122.0 263.7 179.4
001244 0.747 456.1 23.7 488.4 93.9
001295 1.000 66.2 3.4 320.4 474.0
001347 0.987 247.1 262.3 279.9 321.0
001349 0.914 86.8 322.5 135.5 374.2
001354 0.830 96.3 202.9 122.2 272.8
001391 0.865 399.8 269.5 421.6 328.8
001429 0.969 460.5 74.6 498.4 187.0
001429 0.947 422.2 112.2 467.6 227.9
001431 0.876 15.3 132.2 79.9 284.8
001456 0.995 39.8 60.4 112.1 325.6
001456 0.992 117.7 81.5 183.5 330.8
001489 0.790 325.5 62.0 343.6 127.8
001489 0.704 182.4 159.5 204.7 241.9
001569 0.977 6.2 286.0 39.9 391.3
001569 0.721 275.3 199.5 364.3 482.2
001585 0.744 117.9 187.0 136.9 231.1
001602 0.994 245.1 19.8 351.5 352.0
001631 1.000 73.7 1.2 200.3 500.2
001631 0.960 341.1 246.4 375.1 384.9
001652 0.978 207.6 291.2 294.9 496.0
001652 0.940 43.5 272.8 133.9 481.2
001674 0.724 198.0 130.5 216.4 174.6
001706 0.848 175.5 103.1 194.5 179.2
001706 0.739 192.1 220.2 207.7 262.4
001720 0.982 105.6 209.0 130.4 291.7
001722 0.834 205.3 336.7 230.6 375.5
001779 0.845 483.8 351.5 500.5 375.5
001812 0.793 410.3 259.2 428.2 295.3
001829 0.999 48.7 376.5 108.2 500.5
001925 0.996 75.6 3.7 178.1 231.8
001925 0.995 167.0 5.7 279.6 243.0
001925 0.994 264.1 1.0 376.6 261.0
001925 0.990 365.9 1.0 482.1 271.7
001925 0.986 1.0 1.9 82.3 213.2
001925 0.901 451.0 3.9 500.5 303.9
001925 0.894 168.6 213.0 247.4 331.2
001925 0.834 257.0 224.3 332.9 333.2
001925 0.789 135.3 256.8 214.0 333.5
001949 0.795 309.6 265.6 326.7 306.4
001949 0.777 296.2 271.0 312.0 312.6
001975 0.895 197.5 53.3 213.4 79.7
002026 0.953 403.0 290.7 430.3 361.5
002026 0.835 324.6 132.2 343.9 165.6
002093 0.877 329.1 36.0 365.8 168.6
002188 0.817 285.5 9.2 322.3 120.4
002207 0.717 422.4 163.1 455.4 234.8
002231 0.941 258.2 1.0 353.6 182.7
002235 0.785 453.3 113.3 470.6 153.1
002240 0.952 289.0 241.1 342.2 329.9
002250 0.822 73.6 258.3 90.2 294.7
002282 0.741 214.3 70.2 235.8 121.0
002499 0.775 225.6 163.1 252.5 226.4
002536 0.975 246.3 118.8 263.5 191.6
002538 0.839 203.6 225.2 228.4 330.2
002560 0.984 9.0 15.7 161.8 403.0
002575 0.947 418.1 283.2 444.5 360.0
002575 0.947 432.8 303.6 460.6 378.6
002575 0.934 315.0 314.2 358.6 380.5
002705 0.983 326.8 288.7 365.7 375.5
002711 0.988 1.2 238.4 69.2 375.5
002712 0.991 240.9 213.8 288.5 374.8
002743 0.964 449.0 88.3 498.7 207.1
002743 0.783 95.3 220.9 165.6 335.8
002773 0.947 83.5 222.9 114.2 298.8
002773 0.944 13.4 227.3 44.2 319.2
002773 0.903 42.2 130.5 68.9 206.7
002773 0.893 6.6 20.4 33.8 107.1
002773 0.875 49.9 315.2 74.6 375.5
002773 0.874 61.8 134.7 81.6 209.3
002773 0.871 474.5 217.7 491.3 278.7
002773 0.805 453.4 209.4 472.6 278.0
002773 0.793 67.4 320.2 88.8 375.5
002773 0.776 183.5 82.5 205.3 149.6
002773 0.767 78.3 52.5 96.5 117.3
002773 0.744 146.1 75.9 164.1 128.5
002773 0.726 128.2 144.1 146.8 190.2
002857 0.991 33.8 170.5 115.3 397.3
002904 0.974 269.7 217.1 323.3 374.1
002904 0.964 360.0 223.9 411.3 374.5
002945 0.939 333.2 295.5 378.7 375.5
002950 0.967 115.7 251.3 229.8 494.7
002950 0.812 101.6 6.3 236.1 421.2
002951 0.946 447.8 193.2 473.4 271.8
002972 0.932 155.8 327.3 237.7 394.4
002982 0.995 267.2 272.9 348.1 494.0
003010 0.994 398.7 34.9 456.6 184.0
003010 0.987 53.2 37.0 110.9 196.2
003010 0.981 103.7 44.7 159.2 198.4
003067 0.993 126.4 73.1 203.5 272.8
003067 0.988 68.0 70.1 131.8 260.6
003067 0.988 222.1 71.3 293.3 271.9
003067 0.981 305.5 58.1 378.3 279.3
003071 0.999 178.9 32.3 298.3 463.7
003076 0.981 118.1 42.1 147.0 144.6
003076 0.978 148.4 43.4 182.1 149.3
003076 0.974 182.2 44.8 214.4 154.7
003076 0.954 151.7 212.1 180.4 279.6
003076 0.940 118.5 208.7 149.7 278.5
003076 0.934 211.3 302.6 243.9 371.2
003076 0.932 310.1 49.1 345.7 148.1
003076 0.929 60.0 215.7 84.5 279.1
003076 0.926 270.8 301.2 301.2 363.7
003076 0.920 247.7 308.9 270.5 361.2
003076 0.919 82.9 46.4 115.7 151.1
003076 0.904 215.7 49.3 246.6 158.9
003076 0.900 245.1 209.4 275.3 283.2
003076 0.899 184.2 308.7 210.0 369.9
003076 0.876 281.4 219.8 304.4 277.9
003076 0.874 250.2 50.7 284.4 154.9
003076 0.861 280.4 45.0 314.8 156.7
003076 0.835 180.5 209.1 210.7 283.0
003076 0.817 55.2 50.8 87.5 147.8
003076 0.789 152.3 313.1 183.2 368.2
003076 0.787 216.0 216.0 237.2 282.0
003130 0.903 125.7 286.6 155.9 344.1
003141 0.703 189.9 210.4 214.0 257.2
003249 0.999 14.4 7.1 169.6 372.2
003249 0.999 165.5 3.7 290.1 369.0
003249 0.998 314.3 1.0 466.8 361.1
003278 0.967 19.5 283.3 78.5 375.5
003309 0.983 387.5 249.7 431.1 370.4
003431 0.998 58.5 209.9 129.0 474.8
003446 0.979 170.9 168.6 223.0 325.2
003446 0.960 252.4 184.5 292.5 332.7
003459 0.988 302.7 201.2 324.6 280.2
003485 0.747 482.3 329.8 500.5 375.5
003488 0.924 29.6 234.8 45.7 286.6
003590 0.961 194.8 193.8 212.3 263.0
003590 0.796 257.0 218.8 273.7 255.7
003643 0.712 236.7 268.4 277.0 459.1
003649 0.818 274.0 210.0 293.3 282.6
003697 0.980 206.5 161.7 325.8 372.2
003697 0.823 62.7 135.3 124.3 212.8
003697 0.765 66.8 117.5 223.7 357.3
003697 0.735 292.9 110.1 382.4 250.5
003725 0.969 207.1 86.7 239.1 205.2
003736 0.974 148.7 186.9 199.2 269.2
003766 0.777 449.5 237.5 483.8 348.9
003802 0.813 482.5 237.2 500.5 327.4
003802 0.784 238.4 35.2 271.0 118.3
003842 1.000 44.1 1.7 202.5 500.6
003925 0.765 6.4 153.9 141.3 242.7
003928 0.996 119.6 6.2 249.5 463.3
003942 0.862 19.8 152.5 42.7 237.4
003944 0.795 131.5 194.3 166.4 292.8
004042 0.888 285.7 13.3 351.8 232.7
004055 0.988 207.4 349.7 262.9 496.2
004055 0.979 297.0 386.9 364.9 500.5
004056 0.981 156.6 213.3 197.9 312.4
004056 0.812 254.1 201.8 289.0 306.9
004068 0.993 302.5 169.9 341.6 331.9
004068 0.920 243.4 172.0 312.1 349.8
004072 0.944 234.0 205.5 260.0 263.0
004118 0.955 224.1 257.9 249.8 333.6
004134 0.952 100.8 5.9 149.1 112.1
004134 0.913 318.3 239.1 403.9 393.1
004134 0.898 237.7 3.7 276.9 89.6
004134 0.801 212.2 1.0 240.6 90.9
004134 0.760 143.6 3.1 169.4 102.7
004134 0.759 186.9 2.6 216.7 91.4
004134 0.718 166.4 3.9 200.6 101.7
004236 0.993 298.3 141.5 375.4 333.5
004236 0.984 209.1 131.4 282.0 333.5
004236 0.977 137.1 118.1 201.5 313.8
004236 0.913 81.3 170.0 162.7 326.8
004236 0.832 191.5 47.8 226.2 153.1
004236 0.783 154.6 42.5 186.5 110.6
004268 0.984 145.6 132.2 190.5 296.9
004311 0.919 256.3 168.3 273.7 205.7
004311 0.821 270.6 158.0 289.3 201.4
004311 0.715 353.8 400.7 380.9 491.3
004311 0.708 223.7 148.5 242.3 207.7
004319 0.940 223.6 132.6 279.8 227.7
004348 0.909 443.8 50.8 500.5 192.5
004348 0.764 405.5 47.6 461.0 175.8
004355 0.966 231.4 198.9 279.2 354.3
004355 0.964 181.6 183.7 226.5 329.9
004355 0.743 66.7 310.1 108.4 375.5
004420 0.887 30.9 208.5 129.1 306.0
004422 0.897 232.3 77.5 277.0 224.1
004422 0.706 76.9 272.2 109.0 352.6
004435 0.921 402.1 314.5 423.4 333.4
004443 0.777 32.6 164.2 48.1 205.3
004469 0.744 159.1 320.9 182.9 374.0
004476 0.933 335.0 4.8 411.5 183.5
004476 0.933 20.2 231.2 51.7 331.7
004476 0.743 328.4 49.5 408.1 313.6
004546 0.971 48.9 158.0 151.2 372.6
004546 0.955 156.1 197.4 216.3 373.6
004567 0.909 309.2 263.2 327.7 311.1
004599 0.999 129.6 16.2 232.3 461.2
004599 0.798 292.5 97.0 339.4 261.7
004640 0.871 239.7 142.3 261.6 213.1
004640 0.737 188.8 111.9 205.4 170.2
004640 0.721 213.3 134.3 230.7 204.4
004717 0.931 230.6 173.8 247.2 233.0
004717 0.924 241.9 173.5 258.0 227.7
004721 0.941 157.0 241.3 187.4 334.5
004744 0.819 197.6 113.4 219.5 167.8
004819 0.919 181.0 290.1 202.4 355.3
004819 0.849 243.1 314.1 267.4 379.7
004880 0.982 398.3 210.4 417.2 285.9
004880 0.923 213.5 192.3 230.0 257.6
004919 0.998 300.4 28.3 429.6 266.0
004922 0.982 259.0 131.0 361.2 191.9
004922 0.787 211.2 133.8 317.7 170.8
004923 0.929 43.4 186.6 63.9 238.4
005000 0.976 176.7 255.3 220.1 305.3
005000 0.937 219.2 252.5 237.1 306.6
005002 0.991 152.0 105.9 265.1 494.2
005002 0.945 116.8 55.3 188.5 268.8
005002 0.826 240.0 24.0 333.1 492.5
005009 0.944 84.1 16.4 153.0 304.5
005009 0.786 182.7 185.3 251.8 296.8
005096 0.996 6.5 3.3 152.1 274.6
005163 0.705 1.4 70.0 61.6 324.2
005216 1.000 200.3 46.3 312.2 352.3
005226 0.978 356.5 195.5 394.4 319.4
005226 0.897 332.0 208.5 365.3 306.7
005233 0.974 283.7 203.0 307.3 280.8
005233 0.771 293.8 215.6 312.0 273.5
005276 0.906 469.0 272.6 486.2 314.1
005294 0.994 129.7 16.9 469.2 371.7
005313 0.885 150.3 143.3 168.2 183.7
005403 0.901 128.9 121.1 312.2 202.2
005428 0.945 17.2 13.7 211.1 364.5
005442 0.954 426.7 123.1 473.4 239.1
005464 0.922 225.2 67.5 279.4 219.1
005480 0.749 380.0 150.4 399.0 238.6
005491 0.993 283.7 171.1 350.6 374.8
005570 0.934 312.1 168.1 352.9 309.1
005587 0.825 83.1 156.2 98.8 199.9
005622 0.706 221.1 229.7 244.0 297.4
005635 0.993 3.6 102.2 139.3 362.9
005635 0.979 185.9 142.2 312.4 351.7
005635 0.921 107.7 198.8 198.1 370.4
005635 0.889 292.1 49.2 368.5 324.2
005635 0.826 210.9 61.2 301.4 267.2
005721 0.970 206.0 223.7 226.7 287.6
005721 0.848 328.5 255.3 347.3 323.5
005804 0.833 289.6 55.7 310.2 123.6
005926 0.832 2.4 262.1 29.0 313.4
005936 0.988 245.9 154.4 483.2 241.8
005955 0.857 174.4 140.1 260.8 250.4
006003 0.997 200.1 68.2 338.1 372.8
006003 0.984 57.3 63.8 176.2 382.1
006003 0.714 3.1 7.0 76.9 164.2
006056 0.977 286.8 86.3 316.0 185.3
006056 0.943 180.1 86.2 208.4 177.3
006072 0.985 233.5 23.5 303.8 321.2
006086 0.994 113.0 80.8 165.4 273.9
006093 0.747 194.6 193.8 284.0 281.7
006195 0.737 60.0 359.5 81.6 422.2
006195 0.724 30.6 367.7 47.8 417.5
006248 0.820 2.1 267.3 31.6 333.0
006255 0.854 359.9 3.1 458.3 207.5
006359 0.979 221.1 43.3 244.7 127.8
006359 0.975 194.1 42.5 217.5 129.2
006360 0.920 224.0 239.4 254.1 358.5
006380 0.847 258.3 107.9 278.3 181.5
006390 0.872 1.0 248.7 49.5 358.8
006390 0.720 27.6 226.1 180.0 372.2
006402 0.975 27.6 74.2 65.1 158.5
006402 0.848 69.5 84.4 104.5 165.0
006432 0.981 331.8 228.7 356.0 341.1
006432 0.978 174.1 259.7 201.7 348.1
006452 0.953 30.7 290.2 58.4 377.8
006500 0.966 327.3 85.9 367.6 211.9
006500 0.964 230.8 216.6 273.0 313.5
006500 0.956 250.8 80.7 291.0 204.3
006500 0.937 35.3 150.4 70.3 258.1
006500 0.936 64.1 152.4 106.8 267.0
006500 0.930 287.8 208.7 330.6 323.4
006500 0.929 295.0 1.0 339.6 117.4
006500 0.926 184.9 203.7 223.6 295.2
006500 0.924 148.1 150.1 194.6 288.7
006500 0.923 290.4 94.3 328.3 200.3
006500 0.908 216.4 3.6 248.5 106.3
006500 0.903 34.3 21.7 64.1 117.7
006500 0.902 340.1 1.0 380.5 119.9
006500 0.897 104.8 21.2 131.1 116.2
006500 0.892 251.2 2.2 285.4 118.6
006500 0.873 108.8 144.7 144.7 272.2
006500 0.864 46.7 99.4 65.8 162.1
006500 0.853 193.7 89.9 224.0 194.2
006500 0.838 184.5 3.6 210.1 99.0
006500 0.825 226.7 89.7 254.2 187.8
006500 0.820 141.1 94.1 168.1 187.1
006500 0.811 149.2 11.0 174.5 111.3
006500 0.797 127.4 16.9 150.2 116.6
006500 0.793 84.2 10.4 109.6 100.7
006500 0.776 64.2 101.4 87.5 175.9
006500 0.727 87.7 99.0 112.4 174.8
006500 0.710 207.8 161.1 251.2 276.8
006500 0.703 111.5 95.5 140.7 183.0
006546 0.823 152.3 238.1 170.1 280.4
006546 0.756 299.0 189.1 321.9 245.9
006644 0.802 464.9 208.0 480.4 238.6
006662 0.986 312.1 186.6 349.6 316.0
006732 0.837 378.3 5.0 464.5 123.2
006771 0.750 314.9 176.9 334.3 217.4
006905 0.709 4.5 2.7 123.6 269.6
007225 0.995 95.5 169.6 134.1 299.8
007225 0.947 120.7 150.0 147.5 272.0
007225 0.899 376.1 180.0 424.6 306.4
007456 0.951 312.3 35.2 426.9 265.8
007456 0.928 158.1 77.4 240.9 303.0
007456 0.923 5.5 159.5 114.7 309.7
007456 0.774 243.3 49.7 461.7 363.7
007456 0.721 278.6 28.5 326.8 138.5
007471 0.824 166.8 254.9 183.0 313.2
007494 0.997 13.0 157.8 86.0 360.8
007500 0.995 39.2 243.4 106.4 394.5
007504 0.844 95.2 1.0 384.9 371.5
007532 0.835 298.4 121.3 336.4 235.9
007532 0.717 285.4 154.2 307.4 238.7
007564 0.737 114.7 45.2 132.9 154.0
007648 0.773 228.2 213.9 245.8 257.5
007652 0.967 269.2 225.7 378.3 303.3
007700 0.968 200.5 3.5 272.1 210.1
007739 0.955 166.0 196.6 221.2 364.3
007744 0.987 374.8 143.4 441.3 314.3
007744 0.984 439.1 158.0 488.8 306.2
007744 0.983 305.7 137.6 353.8 308.2
007744 0.977 173.6 152.8 218.9 306.1
007744 0.969 33.8 169.8 80.0 305.0
007744 0.960 240.2 121.1 283.9 314.7
007744 0.942 90.0 144.0 138.3 321.4
007744 0.922 140.9 164.6 180.2 296.9
007744 0.895 279.6 149.9 309.7 296.0
007744 0.858 340.2 155.6 374.4 285.9
007744 0.855 2.6 170.3 38.2 292.5
007744 0.788 1.0 190.0 21.2 325.8
007778 0.968 262.2 98.1 447.0 190.5
007871 0.764 22.9 334.0 71.1 375.3
007937 0.882 370.8 231.9 387.1 269.4
008134 0.983 420.3 190.6 466.8 316.2
008134 0.983 371.0 192.7 417.6 312.6
008134 0.969 19.9 192.8 64.9 315.1
008134 0.967 321.6 194.6 367.0 312.1
008134 0.957 72.3 195.7 116.2 315.1
008134 0.952 167.4 205.3 207.1 317.3
008134 0.947 270.0 186.9 314.6 309.1
008134 0.929 121.6 197.8 162.1 314.2
008134 0.927 221.9 199.5 261.9 313.8
008134 0.916 223.5 15.0 267.5 137.0
008134 0.907 19.5 2.5 70.5 147.1
008134 0.875 424.8 20.0 474.0 147.4
008134 0.848 73.2 10.0 120.8 131.3
008134 0.807 322.6 25.4 369.4 127.1
008134 0.803 173.3 10.5 215.1 144.2
008134 0.789 122.4 18.1 166.1 144.8
008134 0.764 278.8 28.9 321.0 146.9
008134 0.745 362.2 196.3 386.7 298.3
008182 0.862 112.3 85.5 134.2 137.5
008182 0.828 125.1 87.8 145.8 142.4
008287 0.991 278.1 210.5 352.3 375.1
008289 0.933 138.6 88.5 425.1 336.7
008330 0.936 1.0 278.2 54.0 467.3
008379 0.999 327.0 12.5 454.8 319.1
008405 0.847 155.9 122.6 173.1 170.6
008414 0.832 415.2 105.2 438.2 164.5
008414 0.802 447.1 90.3 468.8 150.1
008414 0.768 388.0 79.8 416.3 158.0
008458 0.940 21.9 342.4 44.9 375.5
008515 0.860 132.4 182.5 151.1 211.7
008516 0.866 267.6 199.7 336.8 252.8
008520 0.907 288.1 221.0 322.7 324.2
008520 0.848 255.7 110.6 272.2 185.4
008539 0.891 413.0 22.9 498.6 180.8
008555 0.938 274.6 386.7 298.4 451.5
008583 0.967 411.3 160.3 430.5 235.7
008583 0.860 340.2 163.5 358.3 229.8
008583 0.856 357.9 176.1 387.3 240.0
008591 0.990 7.6 174.0 87.1 403.9
008591 0.955 249.2 1.0 291.6 107.0
008591 0.931 98.8 9.5 137.2 121.2
008626 0.866 177.6 259.7 194.2 307.8
008627 0.995 230.0 164.2 275.5 317.8
008686 0.987 234.1 144.0 294.0 321.8
008686 0.821 211.1 312.3 272.8 375.5
008686 0.765 1.0 241.9 27.1 365.7
008697 0.995 206.7 108.9 309.4 493.3
008778 0.987 366.0 1.8 423.5 141.5
008894 1.000 230.1 70.7 387.7 500.3
008902 0.857 124.4 271.3 148.4 327.1
008925 0.996 191.4 51.9 260.5 310.0
008925 0.994 294.7 46.8 353.9 314.6
008925 0.992 155.2 70.0 188.2 246.4
008925 0.992 75.3 36.0 160.0 312.6
008925 0.990 377.5 39.5 480.0 314.0
008925 0.942 20.2 29.0 79.3 283.2
008925 0.913 1.0 24.5 43.9 303.1
008925 0.885 358.0 60.7 406.2 270.9
008925 0.723 410.6 46.4 456.8 167.5
008957 0.728 473.7 309.9 500.5 375.5
009003 0.969 2.2 135.5 171.2 237.0
009012 1.000 120.1 17.5 278.1 497.3
009012 0.995 290.2 31.0 364.3 217.8
009075 0.973 331.0 221.1 376.5 351.0
009075 0.847 96.7 239.4 134.2 329.1
009164 0.943 185.2 314.0 212.9 393.3
009257 0.998 128.4 1.4 211.5 209.3
009257 0.953 288.5 90.7 323.0 168.7
009293 0.773 96.3 147.3 263.6 448.6
009297 0.895 403.3 166.8 428.0 250.4
009297 0.874 327.5 152.4 355.1 253.5
009297 0.803 372.7 133.7 393.3 207.8
009366 0.978 16.2 1.0 164.4 462.6
009366 0.844 134.6 6.0 327.5 456.4
009431 0.925 1.3 108.6 118.8 500.5
009544 0.974 407.8 69.2 468.9 191.9
009544 0.727 333.5 2.6 367.7 61.2
009547 0.995 113.8 204.0 172.9 431.6
009547 0.994 1.3 189.5 48.1 386.5
009547 0.986 244.6 304.6 327.1 500.0
009570 0.759 71.2 96.9 114.1 212.4
009582 0.787 406.4 178.8 495.0 344.5
009606 0.749 228.8 444.7 266.3 500.5
009622 0.717 443.6 264.5 462.4 302.0
009626 0.892 347.8 318.4 375.3 375.5
009628 0.785 446.8 189.1 464.3 229.6
009630 0.911 47.5 143.4 69.5 211.7
009645 0.972 29.9 75.9 117.4 300.7
009645 0.967 129.8 20.8 199.0 250.3
009645 0.907 224.9 21.0 283.9 258.5
009645 0.893 192.2 180.5 277.0 322.3
009645 0.845 102.8 178.5 184.7 315.7
009645 0.807 271.5 35.4 438.9 340.3
009782 0.904 414.2 233.6 438.7 305.9
009782 0.852 329.5 258.4 355.1 327.6
009798 0.774 167.0 204.8 189.9 286.1
009812 0.784 260.3 279.4 310.5 365.0
009840 0.867 1.0 208.2 29.9 358.7
009871 0.919 375.4 23.4 401.6 83.2
009871 0.701 396.7 16.4 412.9 79.3
009891 0.968 22.2 7.3 121.4 235.5
