000014 0.976 72.1 168.6 275.7 230.6
000054 1.000 27.4 56.7 462.8 293.6
000087 0.709 254.3 179.6 289.6 198.4
000188 0.999 90.5 83.2 498.5 204.5
000195 1.000 35.9 23.3 489.7 359.8
000231 0.999 92.4 105.9 267.9 207.5
000239 1.000 72.7 27.2 487.5 227.9
000252 0.997 144.4 57.1 284.8 225.2
000341 0.999 311.9 112.2 396.4 198.1
000456 1.000 88.4 46.8 445.0 302.5
000471 0.942 42.8 70.0 461.5 329.9
000512 1.000 23.2 73.9 425.9 359.6
000536 1.000 35.0 80.8 485.1 325.8
000696 0.898 206.0 285.8 301.6 324.9
000719 0.996 24.9 87.6 193.3 256.9
000719 0.899 1.1 132.0 27.1 186.7
000723 1.000 106.2 126.7 466.2 255.8
000727 0.998 79.5 321.1 273.7 428.1
000732 0.725 2.4 287.6 67.4 386.4
000833 1.000 25.4 15.5 457.2 379.7
000858 1.000 292.6 148.6 407.3 247.5
000864 1.000 14.6 73.3 483.9 241.6
000866 0.958 282.6 55.6 482.0 247.4
000916 1.000 104.1 26.8 500.5 335.9
000922 0.768 208.0 110.8 244.5 164.1
000924 0.999 22.5 132.6 158.8 266.7
000924 0.995 151.2 128.7 265.5 267.1
000924 0.995 281.7 132.6 392.3 269.0
000924 0.976 1.8 150.3 38.4 234.7
001080 0.935 133.2 209.6 191.1 261.8
001115 0.839 425.6 107.9 500.4 255.6
001218 1.000 20.9 72.8 465.3 278.2
001318 1.000 207.6 176.4 369.7 257.9
001335 0.946 160.3 56.2 445.3 270.4
001424 0.997 263.4 315.7 323.3 399.5
001626 1.000 89.8 13.2 395.7 278.4
001644 0.996 16.1 14.0 500.5 282.0
001659 0.719 52.7 122.9 298.1 376.4
001736 1.000 128.1 175.6 464.5 294.6
001808 0.900 356.7 6.6 499.5 138.0
001808 0.775 9.6 6.6 334.0 162.4
001817 0.999 1.0 1.0 333.5 258.0
001844 1.000 139.8 112.1 286.1 211.1
001884 0.995 166.7 203.6 417.9 252.9
001897 1.000 13.1 69.4 500.5 233.1
001916 0.919 260.5 10.5 485.3 102.6
001983 1.000 64.8 119.8 351.6 224.0
002032 0.923 9.4 1.5 393.6 340.1
002177 0.999 102.1 111.6 344.8 235.5
002177 0.995 1.1 114.6 95.8 198.1
002216 0.999 72.9 104.6 401.8 324.5
002216 0.956 376.5 119.3 497.4 301.5
002223 0.998 1.0 1.9 213.6 449.2
002229 1.000 28.2 92.8 443.6 300.9
002242 0.994 165.5 76.2 385.4 178.5
002245 1.000 126.1 42.4 438.2 272.8
002289 0.879 215.6 146.4 324.2 200.0
002317 0.999 108.8 2.1 495.3 273.8
002383 1.000 91.9 35.7 332.3 257.4
002530 1.000 110.7 107.7 389.6 289.8
002530 0.999 4.5 168.3 127.8 286.3
002679 1.000 97.2 33.5 439.6 361.3
002679 0.713 82.1 159.9 100.9 199.7
002700 0.998 1.1 57.1 128.8 104.4
002716 0.993 71.5 58.1 395.5 204.5
002716 0.968 25.7 108.5 324.2 250.4
002716 0.958 1.0 159.9 243.1 296.3
002748 0.989 157.2 42.7 478.2 357.6
002748 0.982 450.1 88.5 500.5 290.4
002865 0.997 32.2 2.9 408.1 371.5
002865 0.996 390.8 213.7 500.5 257.1
002865 0.940 326.8 196.0 370.9 240.0
002865 0.928 1.0 1.0 54.6 375.5
002920 0.969 1.5 123.2 245.4 236.5
002955 0.998 121.5 1.0 466.0 275.4
003006 0.999 19.5 136.5 122.1 251.2
003006 0.998 266.1 119.1 440.5 222.0
003006 0.985 430.0 94.5 500.5 199.7
003006 0.738 194.9 166.5 263.6 204.0
003016 1.000 68.5 77.5 491.4 312.6
003101 0.999 288.8 5.3 500.5 267.1
003101 0.999 6.4 1.0 211.2 302.3
003101 0.963 202.5 56.4 256.7 205.8
003289 0.999 242.4 185.6 405.8 238.9
003302 1.000 156.5 158.4 307.3 322.2
003358 0.994 3.0 34.8 263.6 476.6
003399 0.999 31.5 63.5 245.4 216.4
003475 0.931 108.6 52.6 467.9 243.3
003481 0.924 358.7 224.9 415.5 279.3
003503 1.000 96.4 79.1 358.0 263.4
003517 0.997 1.0 97.3 45.7 211.9
003517 0.899 401.6 152.0 500.5 234.3
003715 1.000 33.0 61.0 491.4 345.8
003715 0.983 1.0 134.5 56.6 273.2
003864 0.999 1.0 1.0 461.6 374.0
004001 0.955 418.6 132.0 482.5 187.2
004006 0.783 89.2 64.4 178.0 109.0
004026 0.901 342.0 137.6 405.3 214.8
004030 1.000 135.4 63.1 451.4 295.1
004065 0.998 33.6 81.1 416.5 297.2
004094 1.000 26.4 30.3 480.4 301.4
004099 0.998 57.6 169.4 329.6 417.1
004104 0.999 13.6 225.0 168.7 327.5
004144 0.706 5.9 334.0 56.1 391.3
004156 0.992 2.1 109.2 418.4 375.5
004167 0.998 32.6 44.8 494.8 337.2
004167 0.780 2.7 27.9 220.8 362.7
004302 0.999 6.9 139.2 227.0 264.7
004302 0.996 291.8 134.5 496.5 264.5
004302 0.901 67.7 120.2 490.1 271.3
004305 1.000 82.4 179.9 285.7 340.9
004402 1.000 152.0 18.5 500.5 287.2
004431 0.928 44.1 262.6 259.9 413.3
004442 0.703 332.2 227.2 404.5 266.1
004541 1.000 238.3 57.5 491.4 303.3
004541 1.000 9.5 60.1 225.1 308.7
004578 0.995 167.1 107.2 306.6 269.0
004594 0.998 97.0 86.8 323.8 265.9
004594 0.947 223.4 26.8 329.7 77.9
004666 0.999 26.2 122.7 337.7 269.3
004724 1.000 84.8 88.1 438.2 248.6
004762 1.000 66.3 56.6 472.1 254.3
004802 1.000 13.4 91.0 420.3 205.3
004883 0.994 8.9 78.2 489.4 209.6
004924 1.000 26.9 1.0 500.5 375.5
004924 0.826 1.0 145.0 32.4 271.9
004933 0.911 439.0 1.0 500.5 329.0
004944 0.986 1.4 37.1 190.4 363.5
004989 1.000 57.6 180.9 462.9 299.6
005046 1.000 47.5 98.3 500.5 311.9
005066 1.000 108.9 57.1 401.8 342.9
005066 0.997 446.3 104.7 500.5 314.6
005163 0.725 391.8 214.9 480.8 266.8
005265 1.000 55.8 65.9 500.5 296.8
005265 0.918 11.8 130.3 71.1 230.0
005271 1.000 97.5 76.9 382.2 297.4
005381 0.994 22.6 299.7 274.6 496.4
005598 1.000 67.8 28.6 418.8 250.9
005627 0.922 55.1 66.5 106.7 94.4
005663 0.995 1.0 158.6 78.1 195.1
005670 1.000 58.2 79.6 487.8 298.5
005737 0.907 11.2 5.0 500.5 229.7
005739 0.997 21.7 9.5 432.7 364.5
005739 0.868 420.9 123.0 493.6 183.5
005746 0.999 256.3 65.2 498.2 239.6
005809 1.000 121.3 93.0 440.2 272.0
005870 1.000 33.6 103.8 496.8 257.2
006013 0.876 304.9 292.2 491.6 374.6
006082 1.000 1.0 11.5 374.1 366.0
006113 0.986 399.8 144.9 500.5 298.2
006113 0.837 202.9 143.3 328.7 293.0
006197 1.000 97.7 16.4 436.1 364.6
006298 0.996 61.7 17.0 422.2 361.6
006317 0.999 1.0 1.0 462.3 240.2
006327 0.999 50.3 61.4 232.4 340.8
006334 0.999 66.1 166.6 214.4 238.6
006388 1.000 12.6 187.1 445.9 343.4
006405 0.982 34.5 214.3 245.6 406.6
006407 1.000 61.1 89.2 382.5 339.1
006601 1.000 127.7 101.7 360.8 289.6
006723 1.000 25.9 52.7 454.5 205.0
006804 0.909 39.1 16.4 359.9 468.1
006913 1.000 35.9 119.0 429.4 232.0
006986 0.961 51.2 35.6 321.3 110.8
006986 0.943 239.2 27.9 333.5 114.4
006986 0.874 43.5 42.6 104.6 102.5
006992 1.000 243.5 137.8 500.5 265.0
006992 0.998 20.3 155.4 149.1 268.4
006992 0.990 132.2 145.6 258.6 262.7
006992 0.835 16.4 164.0 85.0 252.9
007111 1.000 137.5 142.0 441.8 219.7
007164 0.901 427.4 199.7 500.5 230.0
007242 1.000 62.9 1.0 499.0 367.0
007367 0.999 129.0 166.1 279.4 238.5
007405 0.999 165.9 124.2 386.4 227.0
007405 0.985 373.8 101.2 500.2 252.9
007405 0.941 85.9 150.7 145.9 193.1
007495 1.000 141.1 57.1 406.6 343.0
007507 0.960 273.5 176.4 314.6 217.1
007510 1.000 15.9 39.1 445.2 372.5
007510 0.980 1.0 164.2 62.8 341.3
007573 0.990 80.9 169.6 131.5 252.4
007573 0.988 102.7 137.7 339.2 325.0
007573 0.752 77.1 181.7 102.7 254.1
007591 0.999 15.1 79.9 312.8 414.0
007591 0.843 1.0 111.6 48.9 447.8
007674 1.000 6.4 69.3 487.8 275.0
007674 0.836 480.0 150.4 497.8 240.9
007690 1.000 64.3 10.5 411.9 243.6
007690 0.804 414.3 65.6 494.2 151.0
007784 0.853 458.5 40.5 500.6 158.1
007818 0.819 324.3 125.3 371.2 166.6
007858 0.985 374.6 49.4 479.4 159.3
007912 1.000 77.9 68.5 488.2 290.5
007944 1.000 11.4 26.2 500.6 190.9
007949 0.999 273.9 174.6 397.0 296.0
007949 0.999 179.0 171.1 292.5 304.6
007949 0.997 1.1 153.6 193.2 348.3
007949 0.984 378.9 184.5 490.1 275.1
007949 0.943 469.0 189.9 500.4 236.6
007951 1.000 2.6 18.1 478.8 271.1
008035 0.990 96.3 306.0 320.9 370.3
008088 1.000 53.9 3.9 500.5 358.4
008195 0.747 199.7 13.8 278.1 72.0
008212 0.862 156.0 206.9 239.2 244.2
008237 0.810 17.6 67.1 313.6 292.7
008246 1.000 301.7 62.7 424.1 151.9
008246 0.999 3.8 46.3 181.0 210.3
008246 0.999 165.1 57.9 309.9 176.5
008264 1.000 55.5 75.2 488.4 336.1
008337 1.000 1.0 29.7 489.3 368.5
008357 1.000 60.0 74.8 422.2 218.5
008357 0.970 3.0 127.5 66.4 176.7
008366 1.000 59.9 9.7 463.9 335.2
008406 1.000 138.8 263.5 326.0 337.3
008448 0.997 330.0 248.5 446.7 328.8
008463 0.765 1.0 1.5 500.5 354.4
008464 0.985 148.8 269.3 184.6 291.7
008488 1.000 219.1 93.1 353.6 224.3
008546 1.000 3.3 7.2 468.5 366.7
008630 0.990 104.2 73.2 436.4 329.3
008642 0.999 15.5 117.5 470.3 285.1
008694 0.857 31.7 154.4 189.5 274.5
008736 1.000 350.4 77.3 500.5 287.4
008782 1.000 135.0 125.2 376.2 265.6
008788 1.000 46.8 171.6 410.1 379.7
008798 0.997 247.6 89.2 492.7 362.5
008798 0.994 205.7 178.4 259.8 266.2
008798 0.974 198.0 193.0 219.7 245.4
008866 0.997 403.9 256.5 491.4 356.6
008895 0.993 1.0 119.1 194.8 298.0
008895 0.825 271.6 160.5 321.6 206.4
008915 1.000 31.3 106.1 272.1 387.2
009021 1.000 26.4 44.4 283.8 452.9
009038 1.000 121.6 71.9 367.5 243.0
009062 0.999 93.7 129.5 395.1 222.6
009062 0.968 88.0 124.2 224.2 212.7
009092 1.000 214.3 112.9 366.2 227.5
009092 0.995 361.8 150.2 402.5 207.5
009111 1.000 140.1 62.6 437.2 270.7
009122 0.999 287.6 267.1 500.5 353.2
009122 0.866 2.5 258.0 23.5 312.2
009122 0.839 19.8 230.7 184.2 323.7
009122 0.742 6.5 233.2 85.9 322.8
009188 1.000 29.4 47.7 493.7 280.9
009265 0.992 13.2 1.6 489.2 324.5
009298 1.000 5.3 18.6 356.9 359.7
009304 1.000 264.2 36.0 500.5 365.8
009304 0.971 162.8 120.0 292.8 263.7
009314 0.959 179.5 194.9 310.6 322.2
009322 0.995 201.9 183.0 231.5 217.0
009387 0.936 220.2 237.8 336.9 275.5
009498 1.000 104.3 63.8 359.3 295.2
009510 1.000 92.9 144.7 380.9 280.9
009530 0.999 185.1 246.2 272.9 276.3
009538 0.707 39.3 223.5 87.9 242.8
009555 0.999 385.0 96.3 489.6 124.5
009643 0.996 209.3 196.1 299.0 251.2
009683 1.000 94.1 111.7 428.8 269.3
009704 0.997 47.0 125.1 266.1 248.3
009704 0.864 186.9 135.6 267.0 248.9
009806 1.000 182.9 46.3 402.0 301.1
009821 0.841 1.0 2.9 456.5 194.5
009829 0.939 1.0 230.6 241.2 373.8
009936 0.999 216.4 72.6 419.7 259.6
