10 72.0 169.0 204.0 62.0 976.000
26 27.0 57.0 436.0 237.0 999.000
47 254.0 180.0 36.0 18.0 708.000
95 90.0 83.0 408.0 122.0 999.000
97 36.0 23.0 454.0 337.0 999.000
114 92.0 106.0 176.0 102.0 998.000
118 73.0 27.0 414.0 201.0 999.000
123 144.0 57.0 141.0 168.0 996.000
168 312.0 112.0 84.0 86.0 999.000
235 88.0 47.0 357.0 255.0 999.000
241 43.0 70.0 418.0 260.0 941.000
262 23.0 74.0 403.0 286.0 999.000
270 35.0 81.0 450.0 245.0 999.000
359 206.0 286.0 96.0 39.0 897.000
370 25.0 88.0 168.0 169.0 995.000
370 1.0 132.0 26.0 55.0 898.000
373 106.0 127.0 360.0 129.0 999.000
376 79.0 321.0 195.0 107.0 998.000
377 2.0 288.0 65.0 98.0 724.000
421 25.0 15.0 432.0 365.0 999.000
434 293.0 149.0 114.0 99.0 999.000
436 15.0 73.0 469.0 169.0 999.000
437 283.0 56.0 199.0 191.0 958.000
459 104.0 27.0 396.0 309.0 999.000
460 208.0 111.0 37.0 53.0 768.000
461 23.0 133.0 136.0 134.0 998.000
461 151.0 129.0 114.0 138.0 995.000
461 282.0 133.0 110.0 136.0 994.000
461 2.0 150.0 36.0 85.0 976.000
544 133.0 210.0 58.0 52.0 934.000
563 426.0 108.0 74.0 148.0 839.000
612 21.0 73.0 444.0 205.0 999.000
660 208.0 176.0 162.0 82.0 999.000
668 160.0 56.0 285.0 214.0 946.000
719 263.0 316.0 60.0 84.0 997.000
820 90.0 13.0 306.0 265.0 999.000
828 16.0 14.0 485.0 268.0 995.000
837 53.0 123.0 245.0 253.0 718.000
876 128.0 176.0 337.0 119.0 999.000
912 357.0 7.0 143.0 131.0 900.000
912 10.0 7.0 324.0 155.0 775.000
918 1.0 1.0 333.0 257.0 998.000
930 140.0 112.0 146.0 99.0 999.000
952 167.0 204.0 251.0 49.0 994.000
960 13.0 69.0 487.0 164.0 999.000
969 261.0 11.0 224.0 92.0 919.000
1001 65.0 120.0 287.0 104.0 999.000
1029 9.0 1.0 385.0 339.0 923.000
1104 102.0 112.0 243.0 123.0 999.000
1104 1.0 115.0 95.0 83.0 994.000
1118 73.0 105.0 329.0 220.0 998.000
1118 377.0 119.0 120.0 182.0 955.000
1121 1.0 2.0 213.0 447.0 997.000
1124 28.0 93.0 416.0 208.0 999.000
1132 165.0 76.0 220.0 102.0 993.000
1134 126.0 42.0 312.0 231.0 999.000
1149 216.0 146.0 108.0 54.0 878.000
1165 109.0 2.0 386.0 272.0 999.000
1191 92.0 36.0 240.0 221.0 999.000
1261 111.0 108.0 279.0 182.0 999.000
1261 5.0 168.0 123.0 118.0 998.000
1335 97.0 33.0 343.0 328.0 999.000
1335 82.0 160.0 19.0 40.0 713.000
1344 1.0 57.0 128.0 47.0 997.000
1352 71.0 58.0 325.0 146.0 992.000
1352 26.0 108.0 298.0 142.0 967.000
1352 1.0 160.0 242.0 136.0 958.000
1368 157.0 43.0 321.0 315.0 988.000
1368 450.0 89.0 50.0 201.0 982.000
1429 32.0 3.0 376.0 369.0 996.000
1429 391.0 214.0 109.0 43.0 996.000
1429 327.0 196.0 44.0 44.0 940.000
1429 1.0 1.0 54.0 374.0 927.000
1457 2.0 123.0 243.0 114.0 968.000
1473 122.0 1.0 344.0 274.0 998.000
1496 19.0 136.0 103.0 115.0 999.000
1496 266.0 119.0 174.0 103.0 998.000
1496 430.0 95.0 70.0 105.0 985.000
1496 195.0 167.0 69.0 37.0 738.000
1500 69.0 77.0 422.0 236.0 999.000
1543 289.0 5.0 212.0 262.0 999.000
1543 6.0 1.0 205.0 301.0 998.000
1543 203.0 56.0 54.0 150.0 963.000
1631 242.0 186.0 164.0 53.0 998.000
1636 156.0 158.0 151.0 164.0 999.000
1668 3.0 35.0 261.0 442.0 994.000
1686 31.0 63.0 214.0 153.0 999.000
1720 109.0 53.0 359.0 190.0 930.000
1725 359.0 225.0 56.0 54.0 924.000
1737 96.0 79.0 262.0 184.0 999.000
1745 1.0 97.0 45.0 115.0 996.000
1745 402.0 152.0 98.0 82.0 898.000
1837 33.0 61.0 458.0 285.0 999.000
1837 1.0 135.0 56.0 138.0 982.000
1915 1.0 1.0 461.0 373.0 999.000
1982 419.0 132.0 64.0 55.0 955.000
1985 89.0 64.0 89.0 45.0 783.000
1991 342.0 138.0 63.0 77.0 901.000
1994 135.0 63.0 316.0 232.0 999.000
2016 34.0 81.0 382.0 216.0 998.000
2031 26.0 30.0 454.0 271.0 999.000
2035 58.0 169.0 272.0 248.0 998.000
2038 14.0 225.0 155.0 103.0 999.000
2057 6.0 334.0 50.0 57.0 706.000
2063 2.0 109.0 416.0 266.0 992.000
2071 33.0 45.0 462.0 292.0 997.000
2071 3.0 28.0 218.0 335.0 779.000
2136 7.0 139.0 220.0 126.0 998.000
2136 292.0 135.0 205.0 129.0 996.000
2136 68.0 120.0 422.0 151.0 901.000
2137 82.0 180.0 204.0 161.0 999.000
2186 152.0 19.0 349.0 268.0 999.000
2206 44.0 263.0 216.0 150.0 927.000
2209 332.0 227.0 73.0 39.0 702.000
2261 238.0 58.0 253.0 245.0 999.000
2261 9.0 60.0 216.0 249.0 999.000
2281 167.0 107.0 140.0 162.0 994.000
2289 97.0 87.0 227.0 179.0 997.000
2289 223.0 27.0 107.0 51.0 946.000
2325 26.0 123.0 312.0 146.0 999.000
2352 85.0 88.0 353.0 161.0 999.000
2376 66.0 57.0 406.0 197.0 999.000
2396 13.0 91.0 407.0 114.0 999.000
2437 9.0 78.0 480.0 132.0 993.000
2462 27.0 1.0 473.0 374.0 999.000
2462 1.0 145.0 31.0 127.0 825.000
2467 439.0 1.0 61.0 328.0 911.000
2473 1.0 37.0 189.0 327.0 986.000
2491 58.0 181.0 405.0 119.0 999.000
2518 47.0 98.0 453.0 214.0 999.000
2526 109.0 57.0 293.0 286.0 999.000
2526 446.0 105.0 54.0 210.0 997.000
2577 392.0 215.0 89.0 52.0 724.000
2629 56.0 66.0 444.0 231.0 999.000
2629 12.0 130.0 59.0 100.0 917.000
2631 98.0 77.0 284.0 220.0 999.000
2683 23.0 300.0 252.0 196.0 994.000
2790 68.0 29.0 351.0 222.0 999.000
2803 55.0 67.0 52.0 27.0 922.000
2819 1.0 159.0 77.0 36.0 994.000
2823 58.0 80.0 430.0 218.0 999.000
2856 11.0 5.0 489.0 225.0 907.000
2857 22.0 9.0 411.0 356.0 996.000
2857 421.0 123.0 73.0 60.0 868.000
2860 256.0 65.0 242.0 175.0 999.000
2892 121.0 93.0 319.0 179.0 999.000
2917 34.0 104.0 463.0 153.0 999.000
2990 305.0 292.0 187.0 83.0 875.000
3028 1.0 12.0 373.0 354.0 999.000
3044 400.0 145.0 101.0 153.0 985.000
3044 203.0 143.0 126.0 150.0 837.000
3082 98.0 16.0 338.0 349.0 999.000
3123 62.0 17.0 360.0 345.0 995.000
3134 1.0 1.0 461.0 239.0 999.000
3138 50.0 61.0 182.0 280.0 999.000
3143 66.0 167.0 148.0 72.0 999.000
3169 13.0 187.0 433.0 156.0 999.000
3179 34.0 214.0 212.0 193.0 981.000
3181 61.0 89.0 322.0 250.0 999.000
3279 128.0 102.0 233.0 188.0 999.000
3334 26.0 53.0 429.0 152.0 999.000
3376 39.0 16.0 321.0 452.0 908.000
3426 36.0 119.0 393.0 113.0 999.000
3462 51.0 36.0 270.0 75.0 960.000
3462 239.0 28.0 95.0 86.0 943.000
3462 44.0 43.0 61.0 60.0 873.000
3464 243.0 138.0 257.0 127.0 999.000
3464 20.0 155.0 129.0 113.0 997.000
3464 132.0 146.0 127.0 117.0 989.000
3464 16.0 164.0 69.0 89.0 835.000
3518 138.0 142.0 304.0 78.0 999.000
3543 427.0 200.0 74.0 30.0 901.000
3583 63.0 1.0 436.0 366.0 999.000
3652 129.0 166.0 150.0 72.0 998.000
3674 166.0 124.0 220.0 103.0 999.000
3674 374.0 101.0 126.0 152.0 984.000
3674 86.0 151.0 60.0 42.0 940.000
3713 141.0 57.0 266.0 286.0 999.000
3721 274.0 176.0 41.0 41.0 960.000
3724 16.0 39.0 429.0 334.0 999.000
3724 1.0 164.0 62.0 177.0 980.000
3754 81.0 170.0 51.0 82.0 989.000
3754 103.0 138.0 236.0 187.0 988.000
3754 77.0 182.0 26.0 72.0 752.000
3765 15.0 80.0 298.0 334.0 999.000
3765 1.0 112.0 48.0 336.0 843.000
3806 6.0 69.0 482.0 206.0 999.000
3806 480.0 150.0 18.0 91.0 836.000
3812 64.0 11.0 348.0 233.0 999.000
3812 414.0 66.0 80.0 85.0 803.000
3858 459.0 40.0 42.0 118.0 853.000
3878 324.0 125.0 47.0 42.0 819.000
3898 375.0 49.0 104.0 110.0 985.000
3924 78.0 68.0 410.0 222.0 999.000
3938 11.0 26.0 490.0 165.0 999.000
3941 274.0 175.0 123.0 121.0 999.000
3941 179.0 171.0 113.0 134.0 998.000
3941 1.0 154.0 192.0 194.0 996.000
3941 379.0 185.0 111.0 90.0 984.000
3941 469.0 190.0 31.0 47.0 942.000
3942 3.0 18.0 476.0 253.0 999.000
3989 96.0 306.0 225.0 64.0 989.000
4013 54.0 4.0 446.0 354.0 999.000
4071 200.0 14.0 78.0 58.0 747.000
4079 156.0 207.0 83.0 37.0 862.000
4091 18.0 67.0 296.0 226.0 810.000
4098 302.0 63.0 122.0 89.0 999.000
4098 4.0 46.0 177.0 164.0 999.000
4098 165.0 58.0 145.0 119.0 998.000
4105 56.0 75.0 432.0 261.0 999.000
4138 1.0 30.0 488.0 338.0 999.000
4150 60.0 75.0 362.0 143.0 999.000
4150 3.0 128.0 63.0 49.0 970.000
4155 60.0 10.0 404.0 325.0 999.000
4179 139.0 264.0 187.0 73.0 999.000
4200 330.0 249.0 117.0 80.0 997.000
4207 1.0 1.0 499.0 353.0 765.000
4208 149.0 269.0 36.0 23.0 984.000
4219 219.0 93.0 135.0 131.0 999.000
4249 3.0 7.0 465.0 360.0 999.000
4295 104.0 73.0 332.0 256.0 989.000
4302 15.0 118.0 455.0 167.0 999.000
4336 32.0 154.0 158.0 121.0 857.000
4356 350.0 77.0 151.0 210.0 999.000
4376 135.0 125.0 241.0 141.0 999.000
4380 47.0 172.0 363.0 208.0 999.000
4386 248.0 89.0 245.0 273.0 997.000
4386 206.0 178.0 54.0 88.0 993.000
4386 198.0 193.0 22.0 52.0 973.000
4421 404.0 256.0 87.0 101.0 996.000
4433 1.0 119.0 194.0 179.0 992.000
4433 272.0 160.0 50.0 46.0 825.000
4447 31.0 106.0 241.0 281.0 999.000
4494 26.0 44.0 258.0 409.0 999.000
4502 122.0 72.0 246.0 171.0 999.000
4516 94.0 130.0 301.0 93.0 998.000
4516 88.0 124.0 136.0 89.0 968.000
4532 214.0 113.0 152.0 114.0 999.000
4532 362.0 150.0 40.0 57.0 994.000
4544 140.0 63.0 297.0 208.0 999.000
4549 288.0 267.0 212.0 86.0 998.000
4549 2.0 258.0 21.0 54.0 866.000
4549 20.0 231.0 164.0 93.0 839.000
4549 7.0 233.0 79.0 90.0 742.000
4579 29.0 48.0 465.0 233.0 999.000
4619 13.0 2.0 476.0 323.0 992.000
4632 5.0 19.0 352.0 341.0 999.000
4636 264.0 36.0 236.0 330.0 999.000
4636 163.0 120.0 130.0 144.0 971.000
4641 179.0 195.0 132.0 127.0 959.000
4646 202.0 183.0 30.0 34.0 995.000
4678 220.0 238.0 117.0 38.0 935.000
4725 104.0 64.0 255.0 231.0 999.000
4731 93.0 145.0 288.0 136.0 999.000
4739 185.0 246.0 88.0 30.0 999.000
4743 39.0 223.0 49.0 20.0 707.000
4751 385.0 96.0 105.0 29.0 999.000
4795 209.0 196.0 90.0 55.0 996.000
4816 94.0 112.0 335.0 157.0 999.000
4824 47.0 125.0 219.0 123.0 997.000
4824 187.0 136.0 80.0 113.0 864.000
4874 183.0 46.0 219.0 255.0 999.000
4882 1.0 3.0 456.0 191.0 840.000
4886 1.0 231.0 240.0 143.0 938.000
4940 216.0 73.0 204.0 187.0 999.000
