000004 1.000 365.5 327.7 495.6 390.7
000004 0.997 234.0 333.0 331.1 374.7
000004 0.997 20.5 309.7 85.3 365.7
000004 0.996 174.4 328.2 244.2 364.1
000004 0.983 137.8 324.7 190.4 357.1
000004 0.975 85.2 328.2 113.0 349.9
000004 0.941 114.0 328.8 136.8 351.4
000004 0.871 2.7 320.4 20.8 345.0
000014 0.999 195.9 180.6 500.4 312.8
000014 0.860 142.2 195.4 287.2 242.5
000014 0.834 410.0 182.2 500.0 225.4
000038 0.991 1.4 238.1 40.5 315.1
000071 1.000 68.8 91.7 454.9 277.0
000074 0.999 136.1 66.6 402.1 298.8
000074 0.978 59.6 65.5 178.0 203.3
000074 0.955 356.9 62.9 467.0 190.2
000082 1.000 10.2 84.3 489.7 300.8
000082 0.988 2.7 1.0 194.3 99.0
000103 0.996 1.5 242.4 46.7 276.9
000103 0.995 100.4 224.8 142.2 250.7
000103 0.954 36.0 235.7 77.6 266.1
000103 0.736 120.0 226.2 141.9 244.9
000135 0.999 204.2 192.5 333.8 258.0
000137 0.998 99.1 432.6 163.2 483.7
000152 0.999 125.3 67.3 409.9 297.5
000152 0.994 56.7 106.1 122.9 153.2
000152 0.992 308.1 95.8 420.6 140.7
000152 0.991 416.6 95.2 500.5 149.8
000152 0.748 46.0 101.5 68.7 137.7
000152 0.746 39.2 99.4 66.4 120.3
000172 1.000 28.6 63.7 459.3 319.5
000188 0.995 399.4 150.7 500.6 211.5
000188 0.986 7.2 143.9 144.1 194.3
000197 0.999 63.4 71.9 468.4 255.5
000240 0.999 60.8 152.8 141.4 221.2
000240 0.997 254.6 173.7 450.9 233.9
000240 0.939 373.4 152.5 414.6 180.7
000240 0.903 175.1 154.2 206.8 175.9
000240 0.707 238.9 166.4 313.1 213.3
000252 0.998 195.3 164.2 293.7 241.9
000254 0.999 203.5 244.3 468.3 333.5
000254 0.989 159.2 253.2 225.2 318.2
000254 0.978 1.0 204.8 182.5 333.5
000271 0.994 414.1 182.4 482.0 237.4
000284 0.999 207.8 76.7 438.1 264.3
000284 0.979 419.3 72.8 495.8 122.1
000284 0.948 474.0 67.3 500.5 98.5
000293 1.000 6.1 47.3 487.1 340.9
000293 0.737 69.5 59.2 121.8 97.5
000300 0.999 43.6 191.6 325.3 444.5
000301 1.000 7.1 293.0 372.6 482.8
000301 0.991 16.1 319.0 104.8 357.4
000301 0.921 1.0 331.5 35.3 363.1
000313 0.998 9.3 193.6 82.5 230.9
000313 0.997 281.7 197.2 331.6 241.2
000313 0.997 210.6 197.5 262.1 236.9
000313 0.996 140.4 198.0 199.0 237.4
000313 0.996 72.7 194.7 140.8 235.4
000313 0.995 423.3 205.4 488.5 246.3
000313 0.995 361.5 202.6 417.5 243.9
000341 0.999 382.8 194.9 499.4 297.8
000341 0.999 47.2 145.2 180.6 214.6
000341 0.998 1.2 202.1 103.2 330.1
000341 0.997 190.4 136.9 309.1 223.3
000351 0.999 26.0 29.8 302.4 156.9
000358 0.999 78.5 99.5 390.7 281.8
000361 0.999 218.9 188.0 284.8 232.3
000361 0.994 466.2 119.9 500.5 145.3
000390 1.000 3.9 49.5 500.4 387.0
000390 0.785 409.5 132.0 435.1 155.7
000392 0.839 461.5 172.5 500.5 196.8
000402 1.000 14.1 174.5 395.6 322.4
000402 0.992 2.7 165.7 121.7 227.7
000402 0.919 412.4 164.3 462.3 200.0
000415 1.000 17.9 97.9 492.1 276.9
000425 0.998 1.8 5.8 485.2 333.5
000440 1.000 38.6 85.5 458.2 302.9
000453 1.000 18.5 120.3 486.4 294.0
000465 0.999 10.1 123.7 495.3 313.6
000471 0.990 23.4 75.4 478.4 361.5
000488 1.000 31.4 96.4 463.7 323.9
000505 1.000 164.8 155.6 378.5 288.4
000505 0.992 220.1 75.9 400.0 222.6
000505 0.857 197.6 57.6 348.9 171.7
000507 0.976 18.4 161.3 495.1 363.6
000507 0.834 376.1 148.6 500.5 347.1
000529 0.888 84.2 284.2 493.5 375.5
000548 1.000 12.2 184.7 459.4 314.7
000580 0.999 271.8 140.9 390.4 213.3
000585 1.000 2.0 8.6 471.3 326.5
000585 0.978 2.8 4.2 160.5 111.0
000586 0.999 167.0 339.3 295.2 439.7
000586 0.818 162.5 337.9 212.0 400.7
000593 0.999 70.3 67.1 376.1 262.9
000593 0.999 248.2 59.4 499.9 225.0
000593 0.983 23.6 121.4 79.5 156.7
000602 0.836 29.8 106.7 273.3 321.0
000602 0.731 217.3 93.4 339.9 264.9
000607 0.996 1.1 147.9 68.3 300.8
000607 0.996 230.6 142.8 449.6 305.2
000624 0.994 72.2 45.2 496.6 318.9
000634 0.995 236.3 155.9 414.9 234.4
000646 0.999 71.3 35.1 444.8 363.9
000646 0.988 1.7 36.3 77.0 223.4
000646 0.979 399.0 46.6 499.2 228.7
000646 0.975 268.3 28.2 404.5 101.0
000649 0.999 17.8 196.7 261.0 341.0
000650 0.861 96.2 229.3 136.8 286.1
000669 0.999 405.8 199.3 500.0 334.4
000669 0.997 297.1 202.0 409.0 249.0
000669 0.922 277.2 203.2 318.6 232.8
000669 0.794 277.1 211.7 295.4 228.1
000679 1.000 107.9 121.0 459.8 278.5
000687 0.989 325.6 51.5 492.1 161.0
000687 0.980 370.1 36.7 491.5 77.3
000687 0.909 26.4 39.6 69.4 67.5
000687 0.856 280.4 33.3 334.0 68.5
000687 0.795 77.0 46.8 485.4 288.4
000693 0.998 289.5 175.7 497.0 288.7
000693 0.881 3.8 170.8 183.4 246.4
000693 0.798 427.0 174.5 492.6 215.9
000693 0.795 166.1 180.1 230.0 237.3
000693 0.748 135.2 170.7 174.0 244.3
000693 0.743 1.0 170.4 72.0 243.5
000715 0.999 17.6 84.7 481.5 350.5
000721 1.000 110.7 134.3 433.3 271.5
000724 1.000 49.6 71.4 499.0 343.3
000727 0.997 1.1 376.7 85.9 430.3
000727 0.971 271.8 365.2 319.2 386.4
000727 0.854 39.6 363.2 92.1 400.5
000727 0.844 271.1 365.9 289.3 387.2
000727 0.839 297.3 368.1 317.2 384.8
000736 1.000 8.6 37.7 500.5 328.7
000747 0.998 24.9 14.5 440.2 311.5
000757 1.000 47.1 24.8 476.0 332.5
000757 0.957 409.0 1.0 489.6 51.7
000778 1.000 93.5 114.9 442.9 241.2
000788 0.854 55.6 10.8 78.6 32.5
000801 1.000 52.9 135.4 240.6 222.0
000809 0.999 37.1 125.4 493.0 270.9
000809 0.997 1.0 124.9 130.2 206.5
000809 0.980 316.0 118.0 500.5 213.6
000844 1.000 71.9 70.3 397.7 283.1
000858 0.970 474.0 221.8 500.5 253.9
000881 1.000 246.7 155.9 430.1 255.8
000883 0.989 76.5 82.9 300.1 280.1
000894 0.880 83.6 96.6 264.9 314.0
000894 0.791 7.4 89.4 33.8 105.2
000924 0.980 479.2 210.9 500.5 244.8
000924 0.900 458.9 214.1 492.7 240.9
000932 1.000 41.5 103.6 492.9 304.7
000945 1.000 56.7 74.2 420.1 229.3
000961 0.984 347.0 131.7 375.5 194.3
000961 0.982 307.5 123.1 359.2 171.7
000961 0.966 293.8 131.9 312.8 156.0
000961 0.701 297.6 123.8 323.6 161.8
000984 0.995 1.0 324.8 37.0 359.5
000984 0.980 190.5 323.0 236.7 352.3
000984 0.888 231.2 298.6 324.0 349.2
000985 1.000 9.9 1.0 464.3 344.9
001003 0.998 116.1 96.3 362.3 271.1
001005 1.000 37.6 146.3 277.6 255.2
001022 1.000 21.6 138.0 480.2 289.5
001030 0.764 383.5 182.1 434.4 211.7
001034 1.000 195.7 202.4 450.4 324.3
001058 1.000 29.6 99.7 443.4 242.9
001085 0.999 87.8 11.1 440.5 323.3
001090 1.000 25.3 159.5 451.9 289.6
001111 0.998 383.5 245.6 422.6 267.0
001111 0.998 99.5 243.6 167.4 293.5
001111 0.986 87.3 247.9 118.5 281.8
001111 0.894 180.6 255.3 234.7 272.1
001134 0.999 334.3 135.1 498.4 347.8
001135 1.000 151.0 79.1 389.4 261.3
001155 0.748 363.0 241.6 500.5 375.5
001198 0.999 16.8 25.5 416.0 372.3
001198 0.820 419.9 124.2 489.3 196.7
001210 0.848 109.3 193.9 135.6 216.0
001222 0.999 110.5 186.6 441.1 322.4
001222 0.848 109.7 157.0 240.7 199.4
001252 1.000 62.7 85.5 425.7 349.0
001267 0.999 320.0 196.5 499.3 299.2
001267 0.971 132.0 206.8 184.3 241.1
001280 1.000 77.2 75.3 475.8 300.0
001283 0.999 236.8 149.8 375.2 200.1
001291 1.000 9.7 11.3 469.6 340.8
001308 1.000 105.0 87.8 489.5 373.4
001308 0.969 383.3 53.4 469.9 111.3
001308 0.797 413.3 47.7 463.2 69.0
001318 0.878 165.8 222.7 192.8 239.2
001321 0.996 1.0 78.1 403.3 330.7
001328 0.998 10.2 13.2 495.9 364.0
001331 0.995 441.7 126.4 500.5 226.0
001331 0.993 73.0 25.8 408.1 311.5
001331 0.799 362.6 137.0 454.0 202.9
001335 0.998 1.0 180.9 91.3 271.6
001356 1.000 26.7 64.3 478.1 293.5
001356 0.991 1.0 52.0 97.6 192.7
001356 0.969 9.3 59.9 249.8 195.8
001358 0.977 342.5 2.2 424.7 47.8
001369 1.000 9.5 60.7 332.5 435.5
001369 0.911 29.0 46.3 290.2 153.7
001376 0.996 384.8 236.7 423.6 274.2
001376 0.952 1.9 227.1 38.2 245.0
001379 1.000 26.4 26.5 460.9 340.7
001382 0.999 418.9 258.9 500.5 330.1
001382 0.998 290.5 261.3 429.3 331.7
001382 0.996 92.1 223.2 286.0 329.9
001382 0.966 341.0 225.2 467.4 276.3
001382 0.937 20.8 227.5 107.8 283.0
001382 0.920 277.6 247.7 329.0 283.0
001394 1.000 122.9 48.2 500.5 292.1
001396 0.706 66.6 206.9 117.3 239.9
001422 1.000 78.1 92.0 467.0 271.7
001428 0.985 239.8 144.7 404.4 223.3
001435 1.000 9.7 253.3 240.9 348.2
001435 0.998 401.8 173.1 489.2 210.7
001435 0.998 249.1 229.9 455.3 313.9
001435 0.992 16.0 174.9 99.3 210.5
001435 0.980 142.2 216.8 324.3 274.5
001435 0.938 309.7 175.1 370.8 206.0
001435 0.925 149.0 178.9 297.1 223.8
001435 0.889 464.5 180.0 492.5 210.3
001435 0.854 224.5 173.8 364.6 210.1
001435 0.842 6.9 186.7 25.9 220.9
001435 0.732 229.6 173.2 293.4 194.2
001476 0.836 328.9 105.6 391.7 127.5
001491 1.000 102.8 95.9 429.3 259.3
001491 0.998 1.2 97.7 201.8 229.1
001491 0.998 438.7 104.3 500.5 257.8
001511 1.000 23.8 24.6 452.8 275.8
001525 1.000 162.9 153.1 324.4 226.4
001535 0.999 226.2 141.4 398.4 229.3
001550 1.000 4.7 48.0 491.7 344.6
001552 1.000 19.7 35.2 487.3 372.9
001552 0.987 2.8 80.3 121.9 220.7
001560 1.000 61.1 92.1 430.1 345.5
001569 0.945 262.6 135.1 344.7 165.5
001572 1.000 5.6 100.1 439.1 346.7
001572 0.993 4.6 119.2 157.0 212.0
001605 0.989 206.0 233.4 232.9 254.6
001605 0.897 272.3 232.7 290.6 251.9
001616 0.978 50.8 200.7 136.8 260.1
001619 0.995 174.4 8.7 497.7 161.6
001623 0.998 30.4 106.5 328.4 381.9
001626 0.982 454.2 166.2 491.3 191.3
001652 0.930 189.7 185.9 220.3 214.5
001658 1.000 119.6 63.6 445.3 334.5
001658 0.998 381.4 41.1 500.5 175.3
001658 0.989 121.7 57.4 218.7 143.4
001658 0.948 215.5 17.6 376.7 84.7
001658 0.791 1.6 26.0 19.4 43.6
001659 0.987 40.9 115.4 294.5 381.5
001700 0.999 253.4 141.8 337.6 192.5
001705 0.751 26.4 192.8 128.3 210.9
001716 0.744 1.0 264.5 500.2 325.5
001770 0.972 98.7 331.3 128.3 350.6
001770 0.949 60.8 343.2 82.8 361.0
001776 0.963 11.5 88.2 330.0 290.1
001804 1.000 80.4 34.8 415.5 316.2
001820 1.000 111.5 63.6 434.9 320.2
001838 1.000 21.0 46.0 476.2 336.9
001846 0.996 44.5 135.1 342.8 330.2
001851 0.957 36.5 69.9 88.3 97.3
001851 0.873 9.2 68.6 36.1 85.6
001857 0.979 10.3 21.6 499.4 375.5
001863 1.000 165.8 77.1 411.3 289.9
001873 1.000 193.7 83.4 437.7 231.5
001883 1.000 95.4 46.9 418.9 291.4
001884 0.828 2.0 194.1 39.2 210.2
001884 0.791 38.2 193.9 60.2 210.0
001890 0.733 68.7 172.2 500.5 372.5
001891 1.000 65.7 30.8 436.3 367.1
001897 0.978 4.6 138.1 24.7 170.4
001908 0.998 125.8 43.7 337.9 243.0
001913 1.000 139.6 85.8 436.7 219.1
001913 0.984 1.0 127.9 71.6 231.1
001913 0.912 477.4 127.0 500.5 189.0
001919 0.998 204.1 86.7 348.0 216.0
001923 1.000 1.0 124.3 406.0 319.8
001923 0.861 239.1 108.9 292.9 139.3
001924 0.999 103.2 100.3 438.3 272.6
001924 0.987 393.9 96.9 500.5 263.9
001935 0.998 372.4 183.6 443.1 214.2
001942 0.999 67.5 23.1 479.1 311.5
001942 0.961 374.0 3.5 500.5 78.3
001951 1.000 16.2 29.5 487.8 306.4
001956 1.000 194.8 116.0 486.4 279.7
001965 1.000 32.9 8.3 488.9 409.4
001965 0.942 1.0 49.1 204.5 301.5
001968 0.988 24.7 12.4 474.0 374.9
001991 1.000 3.6 95.8 377.5 312.3
001991 0.997 333.3 73.2 500.5 203.2
001996 0.795 413.7 200.9 486.5 229.4
002040 1.000 80.8 41.0 426.3 338.8
002040 0.861 363.5 30.5 472.8 95.9
002041 0.998 42.7 164.0 208.0 291.8
002057 0.992 9.9 1.0 500.5 316.0
002066 0.712 218.6 282.4 238.7 302.6
002118 0.998 5.4 139.4 448.6 333.7
002118 0.989 89.8 101.1 471.8 231.6
002118 0.917 15.5 88.4 102.5 116.7
002118 0.762 7.3 107.4 221.6 177.5
002141 0.992 1.0 143.1 46.1 187.0
002141 0.984 238.8 126.3 320.7 171.1
002141 0.900 69.7 131.6 146.5 182.7
002141 0.832 295.4 134.6 333.5 172.9
002143 1.000 97.6 33.9 469.6 275.7
002149 1.000 93.4 171.5 446.7 281.5
002154 0.999 31.3 88.2 363.5 298.2
002154 0.988 324.5 101.2 430.6 168.7
002154 0.970 442.4 95.4 482.3 131.4
002154 0.919 3.7 87.7 189.2 221.7
002154 0.911 416.5 95.8 453.4 145.9
002154 0.805 368.7 92.9 452.1 146.5
002154 0.737 149.5 90.0 206.3 116.9
002154 0.722 1.0 94.3 40.6 128.3
002177 0.999 233.3 178.7 493.3 297.3
002177 0.993 6.0 176.3 141.6 319.7
002177 0.925 202.5 188.2 296.5 254.1
002185 0.856 299.0 20.9 389.3 72.5
002210 0.998 1.0 102.0 405.2 373.5
002210 0.971 243.3 244.7 500.5 371.8
002223 0.951 291.8 222.8 324.5 249.1
002223 0.930 211.3 226.9 243.8 256.2
002232 0.999 395.4 233.7 489.8 279.9
002232 0.808 336.8 218.7 401.7 238.5
002232 0.735 140.1 229.2 164.7 246.7
002232 0.713 364.9 220.1 390.7 239.6
002242 0.999 414.1 135.4 500.5 196.1
002242 0.994 1.0 123.8 278.0 329.9
002245 0.993 432.9 188.4 472.1 214.5
002245 0.986 1.0 207.5 58.1 254.8
002245 0.965 53.1 195.5 132.9 247.8
002271 1.000 130.8 94.7 363.6 203.5
002294 0.999 11.2 5.7 496.6 373.6
002296 0.717 282.1 209.0 334.4 235.3
002319 0.999 62.4 126.6 375.5 418.0
002319 0.791 22.1 92.9 333.2 276.4
002331 0.993 1.4 53.9 53.4 108.1
002331 0.966 18.3 47.1 64.4 85.9
002331 0.915 225.3 58.6 290.3 100.1
002331 0.897 69.3 46.6 128.8 100.4
002331 0.890 282.1 50.6 368.2 95.5
002331 0.842 68.4 50.6 296.1 105.1
002339 0.916 79.4 1.0 179.8 49.0
002339 0.734 104.4 3.1 278.4 44.6
002346 1.000 100.9 74.1 389.2 285.7
002349 1.000 158.7 160.8 304.2 248.6
002358 0.991 241.9 208.9 288.4 233.3
002370 0.980 387.8 187.3 428.0 204.9
002370 0.746 357.3 173.4 393.5 205.5
002383 0.998 338.2 179.2 377.2 208.5
002383 0.998 1.4 211.2 26.5 246.5
002383 0.977 377.4 177.9 404.9 197.8
002402 0.999 41.6 49.0 457.4 242.6
002402 0.998 399.2 5.0 500.3 78.6
002406 1.000 228.9 164.7 448.0 239.9
002416 0.998 165.0 131.7 494.8 320.3
002424 0.993 399.8 217.4 493.6 280.6
002424 0.968 136.1 217.3 181.0 246.0
002424 0.860 135.8 217.0 164.8 235.0
002446 0.995 10.3 150.7 152.1 235.1
002446 0.995 188.5 146.5 292.6 241.4
002446 0.990 319.5 153.7 437.9 235.1
002484 1.000 297.3 253.0 373.3 291.0
002484 0.999 200.2 251.8 277.7 288.1
002484 0.984 79.1 251.5 117.6 272.7
002484 0.984 142.0 255.5 175.8 275.0
002484 0.984 112.0 254.4 142.7 271.4
002511 0.738 392.1 271.8 433.4 302.3
002517 1.000 83.2 65.1 422.6 323.6
002522 0.999 10.1 14.8 500.2 289.8
002522 0.910 236.3 14.6 491.1 172.8
002526 1.000 88.3 113.9 381.6 234.3
002531 1.000 11.1 80.7 470.8 357.4
002531 0.980 364.7 36.8 500.5 196.3
002531 0.926 2.6 83.5 113.7 236.9
002532 0.998 108.6 177.2 155.7 203.7
002532 0.996 65.5 171.5 112.9 203.4
002543 0.996 1.0 249.3 257.1 333.4
002543 0.992 263.5 233.5 500.5 333.5
002543 0.963 240.5 256.8 306.9 309.2
002543 0.790 1.0 265.9 55.7 295.3
002548 0.999 374.9 115.1 500.3 217.9
002548 0.998 242.8 112.8 356.0 206.1
002548 0.998 31.9 70.2 242.4 225.3
002556 1.000 12.1 1.0 498.7 312.2
002562 0.986 41.3 74.7 458.0 287.4
002577 1.000 39.4 55.9 484.1 318.1
002580 0.807 10.5 213.6 323.0 325.6
002583 0.992 62.3 265.5 401.7 369.1
002602 0.963 152.7 1.0 485.3 61.2
002607 0.982 148.8 114.5 321.7 199.1
002610 0.967 5.6 235.8 203.8 336.9
002622 0.994 261.9 296.4 305.3 330.9
002622 0.974 189.8 302.9 228.2 330.9
002622 0.956 220.5 299.3 261.3 331.6
002622 0.947 154.9 310.9 189.3 331.8
002622 0.945 15.3 309.6 73.0 333.5
002650 0.986 321.0 41.7 381.8 84.3
002650 0.722 319.0 31.0 349.8 49.4
002665 0.855 169.0 183.0 248.9 231.6
002665 0.820 288.0 166.4 342.8 201.4
002681 1.000 4.6 167.1 328.8 461.9
002701 0.999 337.7 261.8 500.5 322.4
002701 0.996 135.3 268.1 303.5 321.0
002703 0.974 179.4 201.2 248.3 234.3
002703 0.704 211.3 209.2 253.9 227.4
002711 0.835 273.3 322.6 498.9 362.1
002729 0.994 17.3 48.1 461.3 294.1
002731 0.959 482.3 176.2 500.5 247.3
002733 1.000 46.8 31.9 476.4 270.5
002740 0.997 133.4 1.0 427.0 193.5
002746 0.996 40.3 88.4 353.8 175.4
002748 0.846 89.5 39.8 477.6 372.9
002750 0.970 477.1 119.3 500.5 183.2
002750 0.773 69.9 125.2 95.2 140.9
002752 0.981 227.7 142.9 349.0 191.0
002752 0.782 314.8 143.5 343.4 190.3
002758 0.987 370.5 204.8 500.5 373.6
002758 0.822 23.5 168.1 182.9 258.5
002790 0.909 66.2 251.8 126.1 313.5
002790 0.760 1.9 253.4 38.1 275.9
002793 0.991 4.0 255.2 147.9 297.1
002793 0.990 132.1 248.4 300.4 299.5
002808 0.986 237.7 106.4 331.2 245.9
002808 0.975 8.1 137.1 79.7 210.1
002808 0.711 77.1 71.0 283.3 388.7
002814 1.000 43.4 201.4 315.2 377.0
002829 1.000 11.3 50.2 446.4 311.9
002840 1.000 19.5 109.3 429.9 282.7
002871 0.998 1.0 225.8 77.3 283.1
002900 1.000 112.5 128.4 379.2 244.8
002927 1.000 25.8 18.1 497.0 342.5
002927 0.880 427.4 85.1 500.5 245.9
002955 0.975 1.9 160.7 35.6 232.5
002955 0.972 10.4 259.3 500.5 362.9
002961 1.000 20.6 1.0 500.5 319.5
002993 0.999 203.9 215.2 336.0 307.4
002993 0.788 13.9 1.3 65.6 24.4
003006 0.998 210.3 203.5 334.5 261.8
003006 0.995 375.2 184.0 500.5 283.4
003006 0.994 131.6 204.9 182.1 236.4
003006 0.991 179.7 207.4 238.5 248.2
003006 0.981 303.0 206.8 372.8 245.3
003006 0.912 121.5 204.3 139.7 230.2
003006 0.729 165.4 199.4 196.5 227.6
003014 0.773 481.0 242.0 500.5 263.0
003033 1.000 24.4 231.0 310.7 420.6
003043 0.828 255.8 298.5 288.3 325.7
003043 0.752 324.2 305.8 356.2 322.6
003043 0.748 319.7 303.4 372.3 330.5
003043 0.719 353.3 301.4 372.8 318.1
003046 1.000 4.6 66.5 486.2 327.9
003052 0.967 112.6 59.7 262.8 110.1
003052 0.806 40.4 55.0 222.3 163.7
003055 1.000 168.0 129.2 347.1 188.3
003070 0.999 119.3 173.5 375.1 349.8
003070 0.985 1.0 162.4 42.5 223.9
003070 0.985 88.7 168.9 207.0 225.3
003070 0.984 427.6 173.9 498.2 240.9
003101 0.970 256.0 165.1 286.4 191.4
003109 1.000 202.0 156.6 359.5 255.4
003128 0.908 1.0 96.9 493.5 369.4
003128 0.792 180.4 134.5 288.4 207.1
003143 1.000 39.8 65.5 475.0 249.3
003168 0.998 270.5 32.7 474.6 214.5
003179 0.997 22.2 201.8 301.5 307.1
003182 0.739 1.0 181.5 73.0 307.5
003217 0.812 121.8 82.9 463.8 274.8
003217 0.772 64.3 115.2 194.8 185.4
003220 0.996 245.2 244.9 303.0 280.3
003220 0.993 1.0 231.0 67.1 297.4
003220 0.991 293.7 249.9 344.5 278.0
003220 0.982 331.3 247.9 366.6 276.5
003220 0.977 403.6 238.4 442.3 270.0
003220 0.972 47.7 241.6 117.4 289.4
003220 0.950 159.8 231.8 243.8 284.5
003220 0.919 56.2 239.5 240.1 285.8
003220 0.850 76.8 244.0 129.1 279.7
003220 0.840 356.0 240.0 425.4 270.0
003220 0.735 394.5 243.6 412.7 267.1
003222 0.866 7.2 1.7 117.3 36.4
003257 1.000 39.0 12.4 473.6 229.2
003257 0.701 9.8 1.0 160.0 61.3
003265 0.969 160.3 243.5 326.2 372.3
003265 0.781 35.3 270.7 83.9 345.5
003276 1.000 30.9 97.1 487.5 356.6
003288 0.954 198.8 337.8 493.3 369.7
003289 0.997 387.6 208.8 455.5 251.9
003289 0.993 22.2 220.4 99.8 248.9
003289 0.856 449.1 209.1 500.5 244.6
003302 0.927 319.9 252.0 340.7 273.2
003302 0.710 307.8 252.0 323.5 272.6
003306 1.000 36.1 108.0 390.1 282.7
003321 0.986 297.6 165.7 355.9 191.2
003321 0.985 433.8 147.7 496.4 194.6
003321 0.960 2.4 179.8 23.3 196.8
003321 0.951 88.5 177.2 158.3 193.3
003321 0.908 244.7 167.0 272.4 189.8
003328 0.999 190.3 159.8 435.1 333.7
003334 0.999 13.7 62.8 472.2 290.7
003348 1.000 164.9 224.1 432.2 349.1
003348 0.986 1.4 261.3 81.6 306.4
003348 0.941 69.7 262.8 156.8 298.8
003348 0.794 118.5 265.2 162.9 295.0
003353 0.999 91.3 118.3 268.4 237.3
003357 1.000 27.4 52.5 490.1 269.4
003357 0.986 1.0 48.0 252.8 203.8
003357 0.984 433.1 45.3 492.4 179.4
003357 0.849 265.7 45.3 448.3 118.0
003357 0.702 164.2 58.3 278.8 119.1
003364 1.000 100.7 99.5 439.6 315.3
003375 1.000 89.5 106.5 392.1 284.4
003385 0.998 356.5 84.4 451.1 137.9
003385 0.995 1.0 81.6 198.5 327.7
003385 0.993 295.7 121.8 500.5 332.5
003385 0.805 153.2 79.6 231.7 141.6
003385 0.722 338.6 96.7 356.9 131.5
003387 1.000 60.4 107.9 432.4 249.3
003388 0.807 428.6 54.7 457.5 71.4
003405 1.000 45.2 119.1 275.5 244.5
003414 1.000 86.3 129.0 463.9 312.3
003414 0.993 105.2 129.2 237.7 183.0
003414 0.949 68.4 136.4 138.5 170.7
003434 0.942 23.4 171.5 56.3 193.8
003456 1.000 2.5 5.4 493.3 343.5
003460 1.000 107.5 132.5 500.5 293.5
003476 0.993 387.5 347.0 500.5 375.3
003476 0.979 10.8 335.5 182.2 375.5
003476 0.701 108.2 351.6 251.8 373.5
003481 0.997 241.5 287.4 298.4 326.1
003481 0.991 280.7 268.9 322.5 297.0
003481 0.962 305.8 251.5 336.5 270.8
003481 0.737 308.2 236.4 344.4 269.2
003483 0.954 39.5 155.8 500.5 332.0
003486 1.000 5.7 120.9 333.5 485.4
003486 0.987 27.6 102.0 197.8 191.6
003501 0.991 99.0 11.5 393.0 316.8
003503 0.994 454.5 185.5 500.5 233.0
003503 0.944 33.7 182.8 110.4 245.2
003503 0.777 388.3 170.0 427.2 186.2
003512 1.000 164.2 96.2 392.2 208.5
003515 0.996 73.3 60.2 471.3 357.2
003517 0.983 32.1 141.3 117.6 220.8
003517 0.727 403.3 147.7 500.5 236.2
003523 0.999 172.8 144.0 349.6 267.5
003527 0.999 210.6 279.9 372.0 416.4
003527 0.984 162.8 266.9 199.4 289.8
003545 1.000 111.3 13.3 386.4 245.1
003552 1.000 43.7 120.2 500.2 282.8
003553 1.000 24.2 120.1 492.8 332.0
003553 0.992 1.6 193.4 111.9 265.3
003559 1.000 37.9 197.2 362.6 329.5
003562 0.856 227.8 173.5 248.6 191.0
003569 0.989 370.0 161.2 392.4 195.5
003570 1.000 84.7 143.3 485.4 365.7
003578 0.996 2.5 179.9 219.2 295.2
003578 0.987 230.4 145.1 374.2 331.4
003578 0.853 8.9 163.9 86.3 189.6
003578 0.825 1.0 171.8 29.2 191.2
003578 0.801 35.8 169.3 78.8 186.6
003578 0.727 128.6 119.9 262.5 217.0
003607 0.995 2.4 17.0 354.8 500.5
003630 0.999 201.4 138.2 335.0 206.7
003631 0.998 1.0 82.5 405.4 341.5
003631 0.973 10.1 79.5 141.4 146.2
003631 0.838 1.3 77.0 62.2 140.1
003661 1.000 157.6 300.7 464.7 436.7
003666 1.000 35.2 52.4 482.1 287.2
003677 0.988 4.8 57.2 233.4 174.7
003683 1.000 5.4 5.4 496.1 312.8
003692 0.995 126.1 194.5 181.0 229.9
003692 0.990 46.5 189.0 103.6 230.1
003692 0.988 276.1 182.4 332.7 230.0
003692 0.985 408.9 189.5 500.6 229.9
003692 0.980 173.2 204.0 255.8 231.7
003692 0.939 328.6 200.6 368.5 230.7
003692 0.877 34.5 204.9 59.7 226.3
003692 0.876 2.4 206.1 40.2 224.8
003692 0.868 222.8 202.1 261.2 224.8
003692 0.867 334.9 198.4 459.5 227.2
003692 0.703 461.6 188.0 500.6 221.4
003701 0.999 43.9 265.0 152.9 334.0
003715 0.745 476.3 153.2 498.1 250.1
003718 0.999 8.6 9.0 493.3 333.5
003719 1.000 6.0 4.6 494.9 373.4
003733 0.988 221.8 106.0 443.5 259.2
003733 0.977 431.8 148.7 500.5 233.7
003733 0.912 54.6 118.6 211.3 259.9
003764 0.702 1.2 163.9 29.7 183.3
003769 0.999 19.7 122.4 305.1 354.6
003769 0.869 5.9 106.7 65.5 139.9
003769 0.823 11.1 100.2 124.7 151.0
003810 0.995 1.1 128.7 86.3 253.9
003815 1.000 183.3 107.4 429.5 211.4
003833 0.808 270.4 16.1 393.4 79.6
003833 0.732 112.4 16.4 340.9 81.3
003878 1.000 80.2 1.6 500.5 374.1
003893 0.999 28.6 129.2 345.7 270.5
003904 0.995 377.1 158.6 480.5 296.7
003916 0.999 53.6 68.2 275.4 250.9
003917 1.000 122.9 1.0 496.5 230.3
003940 1.000 79.3 86.5 411.9 183.4
003940 0.933 398.5 121.0 497.6 174.2
003940 0.750 439.4 117.0 481.5 134.8
003940 0.723 83.7 97.4 157.8 124.1
003962 0.998 12.3 3.7 411.4 318.1
003967 0.996 175.4 176.0 209.5 208.2
003967 0.992 362.6 203.2 396.0 234.0
003967 0.987 173.2 156.4 194.1 172.6
003967 0.975 262.4 128.0 306.3 146.2
003967 0.967 37.1 148.5 65.0 168.6
003967 0.940 92.8 119.2 111.0 134.8
003967 0.854 446.7 132.5 468.8 148.5
003967 0.817 167.8 139.1 187.4 156.3
003967 0.801 176.8 161.4 199.1 178.3
004001 0.914 461.5 167.2 500.5 198.8
004026 1.000 144.3 143.8 313.3 307.9
004026 0.905 38.3 133.4 115.3 180.1
004030 0.999 329.1 200.0 500.5 327.7
004043 0.998 159.3 110.6 378.5 262.9
004050 1.000 25.6 22.8 477.4 356.6
004071 1.000 25.4 33.0 490.1 333.1
004071 0.935 9.8 7.4 239.1 190.2
004080 1.000 124.2 102.7 392.9 239.0
004088 1.000 123.5 326.5 289.6 405.5
004097 0.998 401.0 149.4 500.5 205.5
004097 0.992 149.0 93.5 350.4 278.6
004104 0.920 1.2 327.2 31.9 412.8
004107 1.000 90.7 262.6 396.1 355.8
004115 1.000 145.5 186.5 338.6 312.0
004147 0.768 119.5 175.1 366.5 254.8
004154 0.990 2.7 211.7 117.6 297.2
004154 0.948 171.8 225.4 220.1 253.2
004154 0.714 250.6 215.8 292.9 243.1
004156 0.838 433.3 355.2 467.8 375.5
004172 0.999 218.2 291.7 265.7 325.6
004172 0.946 1.4 279.4 20.8 322.6
004183 0.994 1.0 74.1 63.0 125.6
004183 0.954 98.7 34.8 443.3 375.5
004187 0.996 333.6 333.9 487.4 375.5
004187 0.996 214.5 313.5 306.0 362.1
004187 0.780 296.5 325.9 351.1 369.3
004188 0.974 71.2 128.4 101.9 168.4
004188 0.929 134.4 179.6 158.1 212.3
004188 0.915 108.4 124.7 145.0 165.9
004216 0.994 309.7 197.4 383.1 254.6
004217 1.000 6.4 63.9 496.0 292.7
004240 0.999 67.0 370.8 268.0 464.3
004240 0.987 277.5 392.2 333.5 443.3
004240 0.811 194.6 438.6 333.5 500.5
004245 1.000 70.4 144.2 500.5 375.5
004245 0.913 1.8 123.6 295.7 334.5
004249 0.999 181.4 154.5 428.0 252.7
004249 0.846 296.7 112.0 343.5 130.0
004254 1.000 83.9 109.3 435.5 288.1
004254 0.999 2.3 109.8 109.1 207.7
004290 1.000 337.1 197.6 417.7 266.1
004290 0.998 1.0 202.5 57.7 290.0
004290 0.764 16.6 195.1 66.8 257.6
004305 0.996 340.5 275.4 395.8 310.8
004305 0.950 442.0 278.4 470.4 294.0
004313 1.000 10.7 174.9 475.8 416.4
004320 0.999 157.8 162.6 339.1 264.8
004320 0.974 18.2 174.1 45.1 214.0
004335 1.000 107.3 76.7 361.6 280.9
004337 0.998 353.5 179.9 500.1 242.9
004337 0.994 256.2 177.8 396.2 224.1
004337 0.960 17.2 165.2 102.0 189.2
004337 0.909 1.0 165.1 26.1 187.4
004337 0.895 202.6 172.7 297.0 215.0
004337 0.892 85.5 169.2 153.0 201.1
004337 0.847 123.1 170.0 184.2 201.8
004337 0.825 150.2 170.9 227.1 208.4
004337 0.746 47.7 171.0 113.4 198.3
004337 0.728 252.7 169.1 285.2 186.1
004378 0.965 227.3 99.5 375.5 241.7
004378 0.850 42.9 136.5 144.3 179.2
004426 1.000 30.5 25.9 434.6 320.6
004426 0.785 66.0 10.3 144.4 69.3
004442 0.995 390.4 242.7 486.5 305.2
004453 1.000 55.7 72.1 420.4 314.8
004456 0.998 70.9 75.7 458.3 288.4
004458 1.000 61.2 163.4 426.7 272.0
004478 0.993 132.2 31.9 250.2 79.7
004478 0.903 2.0 40.9 140.0 116.6
004478 0.877 32.8 43.1 435.9 327.6
004492 0.938 126.7 1.7 396.7 175.0
004521 0.984 242.0 195.9 272.0 212.4
004521 0.983 154.3 195.4 178.8 211.4
004521 0.793 397.0 198.5 493.3 255.8
004543 0.999 9.3 36.6 323.7 325.5
004543 0.996 231.6 40.0 494.7 231.0
004543 0.886 458.3 64.6 500.3 99.6
004545 0.998 1.6 102.5 133.9 196.1
004554 1.000 93.5 17.9 483.5 279.1
004560 0.999 20.6 95.9 477.4 248.6
004560 0.993 102.2 71.5 172.7 115.5
004560 0.992 1.0 59.4 84.2 115.4
004560 0.980 194.6 75.7 460.0 160.5
004578 0.992 422.0 183.7 499.8 225.4
004580 0.992 335.9 269.1 390.7 318.3
004580 0.989 172.8 245.9 241.1 330.4
004580 0.915 177.0 240.5 321.3 336.1
004580 0.858 148.8 258.3 179.7 329.9
004586 1.000 3.9 202.6 488.9 362.1
004594 0.818 26.2 14.8 147.0 77.1
004596 0.992 2.6 19.9 382.5 488.6
004602 1.000 65.2 136.5 487.1 267.7
004615 0.996 321.3 390.3 374.7 450.3
004635 0.765 425.4 123.5 499.5 153.5
004666 0.893 306.9 160.4 435.8 272.1
004667 0.997 1.0 90.0 261.1 292.6
004667 0.985 251.0 68.8 490.8 317.7
004684 0.997 140.4 81.2 473.5 306.2
004688 1.000 2.6 35.4 450.5 342.5
004697 0.999 76.0 12.1 422.6 291.7
004731 0.966 407.0 46.3 500.0 98.2
004734 0.997 39.8 45.3 409.9 233.6
004745 1.000 28.4 23.6 430.9 304.4
004755 0.997 157.6 165.1 450.0 247.9
004755 0.750 155.9 177.1 301.9 243.1
004762 0.900 459.5 145.0 490.6 165.8
004763 0.986 3.7 2.9 191.8 38.3
004764 0.999 66.7 237.2 184.6 327.6
004764 0.984 12.1 249.9 46.2 284.8
004764 0.927 258.2 243.4 282.9 264.3
004764 0.925 319.9 244.1 348.7 265.5
004780 0.984 156.2 378.7 259.3 451.3
004800 0.995 227.6 1.0 500.6 104.3
004804 0.819 205.6 35.3 267.4 110.0
004806 1.000 44.7 193.0 316.5 298.8
004810 0.998 20.3 236.7 177.4 343.4
004810 0.993 174.8 222.4 247.0 287.1
004810 0.873 235.8 219.3 283.0 261.6
004810 0.823 262.6 201.9 311.2 248.4
004821 1.000 50.1 370.7 246.3 453.8
004822 0.780 2.4 51.1 52.1 72.0
004844 0.999 2.9 390.0 167.7 477.8
004844 0.996 185.5 390.3 259.8 436.0
004844 0.980 148.4 383.6 204.4 419.8
004853 0.777 100.8 151.3 148.0 184.5
004860 0.999 15.0 60.3 361.4 409.2
004870 0.998 30.6 36.6 148.0 119.6
004870 0.997 403.4 22.4 500.2 122.4
004891 1.000 139.4 113.9 407.4 248.3
004927 0.999 66.3 21.7 421.1 319.5
004933 0.999 145.8 161.2 226.3 201.9
004940 1.000 31.2 137.9 485.0 311.9
004959 0.992 113.0 88.7 196.0 133.5
004959 0.936 292.8 114.4 498.3 324.4
004965 0.999 150.5 414.6 281.6 500.5
004965 0.996 45.7 403.0 154.3 468.2
004981 1.000 16.3 54.2 415.9 308.8
004988 0.735 5.8 281.3 70.0 297.8
004989 0.860 26.8 249.1 50.7 264.8
004996 1.000 49.3 91.0 487.5 354.0
005005 1.000 75.1 186.0 445.6 318.8
005021 1.000 30.9 104.8 475.8 258.0
005030 1.000 23.8 54.8 442.6 291.3
005030 0.959 1.0 85.5 33.5 186.5
005030 0.797 2.7 78.5 121.2 183.4
005035 1.000 17.0 29.7 471.2 298.0
005035 0.938 428.9 14.7 489.2 72.8
005035 0.726 1.0 27.8 55.8 100.3
005041 0.953 430.6 185.6 500.3 375.5
005041 0.881 441.0 178.8 495.9 222.0
005041 0.824 363.5 198.3 484.0 327.0
005041 0.815 322.6 164.3 384.2 204.6
005074 0.979 411.6 199.5 468.4 231.6
005074 0.975 21.5 197.0 67.4 225.1
005074 0.936 14.6 188.9 130.0 224.9
005074 0.914 340.4 198.3 424.6 234.3
005074 0.860 338.2 198.8 387.5 218.1
005074 0.806 83.1 194.5 145.5 219.0
005083 1.000 24.4 78.1 482.7 288.2
005087 0.902 94.8 1.0 214.5 53.3
005087 0.875 1.0 1.0 99.8 36.1
005091 0.999 63.2 70.8 200.2 149.4
005091 0.998 211.1 121.8 428.8 253.4
005091 0.983 266.3 97.5 436.5 177.3
005098 0.740 213.8 37.0 239.8 52.6
005099 1.000 2.7 206.3 320.8 467.7
005105 1.000 2.8 123.8 472.0 353.4
005105 0.996 1.7 112.2 98.9 212.2
005125 1.000 45.2 56.6 467.6 350.7
005125 0.755 115.6 66.2 439.3 213.3
005126 0.999 76.8 128.2 276.4 222.5
005142 0.999 4.8 64.1 441.1 322.7
005157 0.999 102.2 204.7 288.4 272.8
005157 0.921 11.3 157.5 60.6 201.3
005158 1.000 34.0 97.5 460.2 305.0
005163 0.790 1.0 1.0 76.0 90.5
005166 1.000 35.7 64.0 385.9 284.6
005192 0.998 52.4 88.5 482.0 307.1
005192 0.985 2.0 38.1 109.7 242.0
005192 0.971 275.8 42.7 500.5 147.9
005192 0.702 19.9 30.5 265.7 241.8
005204 1.000 139.5 137.9 364.8 216.3
005204 0.994 423.9 142.7 499.9 217.5
005275 1.000 29.1 129.4 466.5 323.8
005287 0.995 125.8 128.0 376.9 310.5
005296 0.961 169.9 264.4 499.0 368.9
005333 0.996 2.6 186.1 149.1 398.7
005357 1.000 13.5 206.3 415.3 375.5
005372 0.999 30.2 128.8 362.7 338.1
005401 1.000 57.2 76.9 388.6 314.8
005412 0.988 412.6 275.1 500.5 375.5
005426 0.778 164.6 1.0 192.3 16.7
005432 1.000 9.1 8.8 477.6 350.2
005437 1.000 11.2 111.9 477.2 345.9
005443 1.000 7.5 246.5 322.0 479.4
005447 0.959 255.8 117.2 292.1 149.8
005447 0.943 358.6 124.9 396.1 157.4
005447 0.891 371.3 131.5 464.6 166.7
005447 0.888 338.8 123.2 367.8 152.5
005468 0.998 1.0 94.5 150.8 201.2
005468 0.953 446.1 105.4 500.3 140.6
005468 0.813 387.7 93.5 496.0 237.4
005468 0.797 116.7 81.8 500.3 226.9
005484 0.995 134.6 66.7 326.2 272.5
005484 0.975 475.4 140.4 498.7 274.9
005484 0.929 409.9 183.4 452.7 205.3
005484 0.762 116.4 147.0 145.1 206.0
005493 1.000 33.8 52.0 483.2 255.6
005501 1.000 39.3 66.8 449.9 324.3
005520 1.000 4.5 31.1 289.5 460.1
005520 0.967 179.4 4.4 228.4 25.0
005520 0.961 91.5 5.6 133.7 24.0
005520 0.959 51.2 6.5 97.4 27.4
005520 0.935 21.2 7.4 54.6 28.4
005520 0.932 139.1 5.1 177.3 22.1
005520 0.930 224.3 2.8 272.4 22.5
005520 0.924 280.1 1.0 317.9 22.4
005520 0.860 1.0 6.9 23.9 26.6
005523 0.999 1.0 16.8 485.4 338.8
005534 0.997 444.9 106.3 500.5 194.4
005534 0.858 415.7 135.3 446.6 178.4
005546 0.992 260.3 322.4 333.5 488.8
005556 0.992 416.7 202.0 482.3 232.7
005558 0.999 99.6 10.2 440.4 320.4
005571 0.922 102.5 1.0 185.6 18.6
005627 0.998 260.6 90.6 489.0 222.2
005627 0.991 74.1 86.1 326.5 194.3
005627 0.982 1.0 91.0 68.6 154.9
005627 0.971 19.4 84.2 181.8 169.4
005627 0.967 447.3 74.6 500.6 121.1
005627 0.915 282.2 71.2 351.8 108.2
005627 0.807 371.6 78.9 442.3 97.3
005633 0.811 1.0 234.1 20.1 250.8
005638 0.997 284.3 174.6 500.5 331.8
005649 1.000 104.3 124.7 429.9 304.2
005663 0.981 264.1 307.6 354.9 335.5
005663 0.841 51.3 175.6 79.9 197.4
005666 0.717 227.8 418.6 255.3 441.5
005694 1.000 24.3 72.0 426.1 343.4
005706 1.000 60.3 206.1 460.1 332.9
005708 0.872 124.2 99.6 160.4 123.0
005717 0.945 51.4 43.5 155.5 78.7
005717 0.914 320.0 52.9 381.2 88.6
005717 0.866 1.0 76.7 66.3 146.7
005717 0.851 155.7 50.6 240.5 75.5
005737 0.907 15.7 32.3 481.8 302.0
005739 0.983 435.9 151.1 500.5 227.1
005746 0.991 12.2 197.8 176.5 285.9
005763 1.000 66.2 132.8 298.1 262.5
005770 1.000 103.9 106.6 458.4 256.0
005775 1.000 58.3 88.3 298.4 294.5
005793 0.929 63.8 32.0 420.8 315.6
005809 0.994 459.6 205.2 500.5 248.4
005809 0.990 53.4 208.5 111.4 242.4
005809 0.810 99.7 207.9 122.6 228.9
005809 0.772 465.8 193.9 490.9 210.2
005833 0.771 1.1 282.5 90.8 329.9
005835 0.917 12.1 1.4 429.1 194.2
005842 0.999 41.7 175.6 208.7 246.6
005842 0.982 268.2 134.6 489.1 269.7
005862 1.000 154.5 71.9 454.9 265.2
005862 0.997 1.0 108.8 279.7 315.0
005865 0.774 187.3 265.0 205.7 285.5
005869 0.987 49.0 240.6 111.6 289.6
005869 0.974 1.1 248.6 24.3 289.7
005869 0.906 445.0 247.4 500.0 276.7
005870 0.966 473.0 186.5 500.5 239.3
005904 1.000 17.4 124.0 442.3 256.4
005907 0.947 299.0 56.6 334.7 72.1
005924 0.992 64.0 56.3 414.7 296.9
005924 0.984 1.0 143.6 34.6 223.9
005929 1.000 12.4 121.8 480.4 325.9
005932 0.999 315.9 298.9 388.9 330.8
005932 0.989 443.4 310.0 500.5 333.3
005953 0.973 1.0 37.0 375.5 480.7
005959 1.000 78.9 14.3 445.0 262.8
005974 1.000 133.4 149.8 332.7 267.3
005987 0.995 115.0 86.4 358.3 262.8
006006 1.000 76.9 55.5 406.1 336.7
006016 0.999 10.9 37.4 487.8 298.2
006016 0.857 406.2 184.2 487.3 256.1
006017 1.000 28.3 59.7 458.1 349.4
006017 0.980 1.0 30.5 118.9 239.0
006017 0.857 139.6 55.2 189.7 79.0
006019 1.000 4.1 60.1 485.2 375.4
006024 0.714 29.9 295.4 113.0 332.1
006034 0.999 10.6 27.8 286.9 130.6
006047 0.993 215.4 143.4 278.1 187.0
006047 0.983 275.7 139.9 331.8 186.9
006047 0.983 144.2 150.1 235.5 194.5
006047 0.701 137.1 161.4 163.7 200.0
006060 0.774 1.2 98.7 52.7 127.2
006082 0.997 386.8 172.4 430.8 203.0
006094 0.882 272.0 133.1 452.4 326.9
006109 0.999 40.7 263.9 130.5 314.5
006109 0.709 4.6 239.7 47.3 273.5
006113 0.984 161.6 168.8 211.9 245.5
006113 0.960 1.0 145.9 133.6 296.0
006113 0.825 204.1 146.2 326.0 290.8
006121 0.999 197.9 140.3 452.8 259.8
006121 0.997 96.5 144.3 298.5 236.7
006121 0.992 38.8 156.6 176.3 222.5
006137 1.000 100.7 133.0 382.5 234.2
006155 0.999 391.8 176.3 497.8 218.0
006155 0.988 287.6 172.9 369.3 208.8
006155 0.987 341.9 172.6 423.5 211.2
006155 0.967 169.5 168.1 223.8 193.3
006155 0.965 238.9 168.8 319.1 202.9
006155 0.926 222.0 175.3 256.9 194.3
006155 0.902 113.4 170.6 153.6 188.0
006155 0.856 22.6 164.7 65.4 182.2
006155 0.737 238.2 172.8 270.4 197.9
006155 0.722 100.2 168.3 127.4 184.3
006213 0.997 46.1 237.3 315.6 436.7
006228 0.999 2.3 41.2 465.5 344.7
006228 0.966 337.0 63.1 500.5 225.2
006242 0.999 38.4 151.7 139.8 213.1
006242 0.998 381.7 149.4 464.6 205.7
006242 0.998 156.0 153.6 238.4 212.1
006242 0.992 285.8 151.4 352.4 202.6
006246 0.998 37.6 3.0 500.5 375.1
006256 0.998 57.2 69.8 463.0 280.3
006256 0.982 255.3 70.0 500.5 219.0
006283 1.000 51.2 6.9 497.9 329.6
006283 0.972 23.0 115.1 58.2 184.0
006283 0.742 26.4 109.1 96.7 190.3
006311 0.713 33.6 182.8 55.0 199.5
006324 0.998 91.7 227.3 187.1 261.7
006324 0.991 245.1 186.7 409.2 304.6
006326 1.000 10.4 72.3 391.2 325.0
006326 0.999 323.2 70.9 500.5 186.0
006327 0.939 1.0 236.7 35.2 264.5
006327 0.811 6.6 233.9 50.8 254.0
006331 0.999 104.8 93.3 401.6 283.1
006331 0.853 270.6 74.0 286.6 93.9
006333 1.000 63.6 45.9 437.2 297.5
006333 0.959 434.4 89.7 500.5 153.5
006334 0.980 278.2 197.3 332.9 241.1
006334 0.938 265.4 195.8 291.9 218.7
006334 0.849 317.5 198.8 351.5 230.3
006340 1.000 7.3 85.9 462.2 356.7
006358 0.992 354.4 198.7 444.4 231.9
006358 0.991 466.4 204.2 500.5 227.9
006358 0.987 263.8 202.9 346.4 229.0
006358 0.959 150.7 201.3 219.4 226.8
006358 0.947 38.6 209.0 80.2 228.0
006358 0.932 71.6 202.8 107.6 221.5
006358 0.916 99.5 207.8 131.5 226.5
006358 0.911 125.5 207.3 147.6 227.3
006358 0.887 440.9 199.4 480.4 227.1
006358 0.727 252.2 202.7 299.7 222.5
006376 0.997 68.7 15.9 439.7 357.8
006383 0.985 42.5 47.4 427.9 159.9
006386 0.999 1.7 171.9 135.8 241.2
006386 0.998 242.6 178.3 463.0 315.4
006386 0.992 1.4 217.2 23.6 260.0
006386 0.985 73.7 169.4 152.4 199.0
006386 0.985 141.2 165.4 205.0 209.1
006386 0.929 185.5 169.1 207.7 185.6
006386 0.796 240.9 178.6 269.1 204.4
006397 1.000 20.0 38.3 459.5 178.8
006405 0.999 183.7 300.6 373.1 491.5
006405 0.950 1.0 271.7 118.1 500.2
006415 1.000 6.2 145.1 489.2 290.2
006420 0.940 1.0 186.5 116.1 261.2
006423 0.996 225.6 120.7 282.4 155.0
006423 0.958 276.8 123.8 323.7 160.8
006423 0.784 275.4 136.8 354.9 165.0
006435 0.998 118.2 190.7 387.1 296.2
006441 0.998 1.0 179.4 68.7 265.2
006454 1.000 33.1 136.1 476.8 296.8
006469 0.991 1.1 164.0 81.7 227.0
006469 0.704 144.0 172.3 213.8 204.8
006481 1.000 86.3 25.6 442.8 315.2
006485 0.806 385.0 143.5 442.0 172.6
006493 1.000 98.4 129.6 500.3 276.9
006502 1.000 66.4 107.4 448.5 295.2
006510 1.000 77.8 111.2 432.4 292.0
006525 1.000 1.0 307.3 167.4 429.3
006527 0.993 1.4 11.7 99.1 54.0
006527 0.992 324.4 18.8 429.5 70.1
006567 0.905 190.2 163.1 271.9 200.6
006581 0.994 79.6 208.0 105.5 228.1
006581 0.970 108.2 207.8 127.2 228.0
006581 0.960 134.2 212.4 153.9 230.4
006590 1.000 3.1 1.0 486.3 310.7
006634 1.000 146.1 219.7 446.7 338.2
006651 0.872 56.3 141.7 93.5 159.0
006653 1.000 43.4 101.0 485.1 343.9
006665 0.745 234.9 80.9 254.2 97.6
006685 1.000 58.3 143.4 450.8 324.0
006693 0.999 305.5 76.2 500.5 186.0
006693 0.998 60.4 91.6 282.2 220.0
006693 0.842 303.0 81.8 402.1 144.8
006713 0.846 285.9 270.4 333.2 291.2
006717 0.999 302.7 156.5 355.2 194.5
006717 0.998 125.6 188.2 202.9 235.1
006724 1.000 111.0 125.7 445.2 288.9
006724 0.962 112.7 11.7 434.7 141.8
006724 0.794 286.1 51.8 427.1 138.5
006733 0.997 1.0 22.5 414.5 349.0
006733 0.984 377.3 102.7 500.5 145.4
006733 0.969 364.3 95.9 500.5 200.8
006733 0.784 232.0 69.9 500.5 233.8
006741 1.000 71.8 149.5 366.5 316.8
006749 1.000 44.3 99.1 430.2 313.3
006754 1.000 45.7 29.1 495.8 300.7
006757 0.999 61.4 59.6 392.1 323.1
006757 0.980 1.0 67.9 54.4 169.2
006757 0.977 340.6 15.4 500.1 223.0
006757 0.828 112.2 35.2 216.2 77.6
006757 0.713 308.9 53.9 364.6 101.8
006758 0.948 209.6 358.9 268.2 374.5
006785 0.999 21.5 71.6 482.8 313.1
006785 0.807 1.0 142.8 29.0 256.6
006790 1.000 272.7 187.1 484.6 308.2
006811 0.819 265.4 160.3 298.8 191.7
006853 1.000 30.5 42.9 488.9 326.7
006854 1.000 2.4 9.7 375.5 457.6
006854 0.979 313.9 26.3 369.7 79.7
006882 0.702 111.7 90.0 465.4 278.1
006890 1.000 12.9 47.2 493.7 317.2
006907 1.000 51.4 323.3 335.3 420.8
006925 0.995 7.3 174.4 105.1 227.7
006925 0.981 168.8 173.2 215.1 197.5
006925 0.938 354.8 205.4 498.4 367.5
006925 0.889 273.0 172.7 383.7 230.3
006925 0.771 212.3 169.1 240.8 186.0
006955 1.000 15.1 129.1 468.4 323.3
006955 0.986 368.4 127.4 437.0 151.7
006955 0.964 323.0 121.6 367.5 141.0
006970 0.998 72.2 295.2 362.2 401.0
006970 0.944 260.6 295.5 375.4 376.8
006974 0.997 389.6 181.5 480.3 231.0
006996 1.000 25.0 68.1 398.2 253.5
006997 0.828 366.4 209.7 398.1 226.1
006997 0.733 349.1 215.4 405.7 232.9
007001 0.999 214.6 138.1 442.1 337.8
007005 0.815 34.6 182.3 86.7 222.7
007014 0.999 21.2 56.6 418.7 347.9
007015 1.000 104.4 97.5 420.5 234.2
007034 0.991 7.3 68.2 499.9 380.0
007034 0.777 1.0 65.8 141.2 307.3
007061 0.999 8.3 53.7 496.6 357.8
007082 0.975 244.0 189.7 270.2 216.5
007082 0.960 6.4 225.0 500.5 367.2
007082 0.950 147.3 190.7 175.6 207.8
007082 0.856 368.8 193.1 387.9 212.2
007085 0.878 435.5 129.4 492.7 159.4
007112 1.000 87.2 142.8 415.9 245.0
007112 0.978 340.8 119.3 396.7 146.1
007118 0.865 332.2 108.4 375.7 146.3
007118 0.849 403.8 105.0 448.5 140.6
007118 0.811 330.3 104.2 442.8 149.4
007126 0.983 1.1 85.0 137.2 178.3
007143 1.000 21.5 124.4 459.8 240.3
007164 0.971 282.2 237.2 330.9 264.4
007176 1.000 64.5 189.6 478.6 427.9
007176 0.810 4.3 138.7 36.0 168.1
007176 0.720 326.8 210.7 378.5 256.2
007181 0.774 127.7 63.1 153.2 79.4
007242 0.992 1.0 177.9 44.4 264.0
007242 0.853 4.8 167.6 62.7 226.4
007246 1.000 2.3 62.5 496.2 375.5
007246 0.970 184.2 87.8 493.9 269.7
007255 0.722 1.0 1.0 500.5 340.8
007273 1.000 45.7 122.1 494.3 262.9
007278 0.997 44.3 246.9 83.1 276.2
007281 0.999 16.8 56.1 302.1 375.5
007281 0.961 413.7 166.8 500.5 342.7
007281 0.930 1.0 202.7 29.0 305.0
007282 0.998 3.6 137.8 168.9 293.9
007282 0.998 197.9 139.4 323.8 288.7
007282 0.997 359.4 163.9 483.9 289.1
007282 0.798 1.0 144.4 27.3 234.4
007288 1.000 22.9 11.6 493.6 233.3
007304 0.997 99.1 168.0 333.5 490.1
007337 0.987 234.9 259.9 283.9 305.1
007337 0.977 204.1 258.7 246.2 298.8
007337 0.967 346.5 269.5 410.1 293.5
007337 0.751 193.2 269.7 211.2 286.5
007339 0.999 77.0 86.0 377.2 299.5
007339 0.998 245.8 33.0 399.1 150.0
007347 0.802 331.3 335.2 375.4 486.4
007358 0.999 52.9 13.0 447.3 343.0
007358 0.981 3.1 109.6 78.9 157.4
007362 0.999 1.0 66.0 472.1 340.6
007362 0.991 334.5 45.2 498.2 112.8
007362 0.953 341.4 54.7 500.5 242.1
007362 0.808 451.7 44.9 500.5 69.1
007362 0.794 5.6 70.2 198.5 142.9
007368 0.998 309.6 84.2 387.5 165.0
007368 0.997 169.3 93.0 264.5 144.0
007368 0.981 269.4 99.4 341.6 141.6
007386 1.000 24.9 54.8 500.5 313.4
007399 1.000 27.6 83.3 467.2 330.8
007405 0.988 451.5 230.9 500.5 326.0
007423 1.000 224.7 150.7 332.6 227.4
007423 0.996 22.0 134.9 153.4 187.5
007429 1.000 25.6 227.4 306.0 474.7
007447 0.737 117.3 142.1 210.7 171.5
007452 0.941 87.9 180.7 220.9 237.2
007459 0.999 16.7 42.7 456.3 351.3
007478 0.999 4.9 1.0 424.0 375.5
007478 0.997 349.4 4.8 496.6 167.8
007496 0.907 29.1 123.4 85.7 158.6
007501 0.928 14.9 12.0 463.7 292.8
007507 0.999 1.0 188.5 50.4 235.8
007507 0.996 46.0 186.8 156.8 241.2
007507 0.985 159.6 186.0 206.7 227.2
007507 0.795 216.4 191.6 243.9 209.3
007510 0.995 418.9 271.3 500.3 354.1
007518 0.998 200.8 233.9 300.9 293.9
007518 0.991 118.0 230.0 228.3 284.7
007518 0.989 457.5 228.0 495.6 295.7
007518 0.984 309.1 228.4 356.1 259.2
007518 0.977 6.6 222.1 107.1 275.8
007518 0.977 42.4 228.0 153.6 280.8
007518 0.958 259.8 223.1 320.8 247.2
007518 0.921 1.0 227.8 57.4 270.0
007518 0.798 1.0 227.4 45.0 248.5
007522 0.998 16.4 1.0 493.0 334.8
007556 1.000 7.5 63.1 480.3 323.5
007562 1.000 42.1 22.8 489.8 360.8
007562 0.920 1.0 4.5 155.9 176.8
007580 0.971 370.2 275.0 408.3 290.9
007580 0.821 304.6 275.3 336.1 293.1
007589 0.992 123.9 153.3 302.1 287.9
007591 0.975 301.5 242.1 333.5 287.8
007591 0.929 1.0 124.9 45.5 446.4
007610 0.732 343.6 195.9 375.5 218.3
007613 0.999 23.5 68.3 436.1 344.8
007617 1.000 87.0 82.9 432.5 270.2
007617 0.995 4.4 84.2 133.1 236.2
007632 0.938 2.0 265.8 47.9 294.6
007634 0.931 117.0 145.1 166.3 167.6
007634 0.885 66.5 141.0 115.3 159.8
007634 0.787 445.3 149.9 475.9 174.7
007646 0.874 168.0 80.8 270.0 128.3
007665 1.000 156.5 147.4 379.4 218.7
007665 0.998 423.4 144.3 500.1 208.5
007676 0.956 146.7 236.6 198.7 259.4
007676 0.896 9.3 238.7 80.4 262.9
007676 0.751 101.8 238.6 137.9 259.6
007690 0.974 462.8 125.1 500.5 157.0
007693 1.000 152.3 107.4 441.5 356.6
007701 0.999 255.7 181.8 435.5 274.4
007701 0.998 2.2 183.1 114.3 254.8
007701 0.990 165.4 184.0 284.2 254.0
007701 0.977 93.3 189.5 139.2 236.5
007714 0.956 165.3 132.2 328.8 260.9
007734 0.953 25.6 103.0 281.1 281.0
007734 0.934 279.6 120.0 375.8 214.7
007734 0.729 357.4 142.8 378.7 162.1
007757 1.000 22.6 43.7 485.2 254.7
007757 0.997 2.2 9.5 202.1 93.4
007757 0.995 393.3 25.9 481.3 67.2
007757 0.983 477.4 15.6 500.5 69.4
007757 0.933 337.1 23.4 369.0 42.3
007761 1.000 38.8 12.4 485.1 301.6
007761 0.916 394.6 43.0 500.5 171.6
007797 1.000 76.2 131.0 351.2 325.7
007800 0.999 241.4 180.6 403.5 235.5
007807 1.000 38.6 43.4 471.1 335.3
007818 0.995 1.0 212.9 500.5 375.5
007818 0.993 1.2 141.9 42.3 162.4
007818 0.988 143.0 135.8 184.5 162.9
007818 0.977 88.3 135.5 134.6 167.5
007818 0.946 1.0 176.1 57.7 250.0
007818 0.918 182.7 138.1 213.2 164.1
007818 0.910 38.5 138.6 70.8 163.6
007818 0.841 43.8 133.7 90.5 168.3
007818 0.738 4.4 177.0 158.7 250.9
007839 0.993 247.7 7.5 500.5 147.8
007839 0.986 73.4 26.8 463.8 317.4
007839 0.839 56.2 47.2 271.3 186.1
007844 1.000 7.0 39.4 421.3 305.4
007861 0.998 117.3 30.3 365.6 177.9
007882 1.000 54.4 82.9 439.8 265.3
007882 0.983 418.2 83.9 500.5 178.1
007906 1.000 60.4 61.1 468.8 283.1
007906 0.998 8.0 17.2 230.6 155.5
007906 0.986 314.8 21.7 401.7 57.0
007906 0.985 414.9 29.9 487.5 71.2
007906 0.979 462.9 37.6 498.7 110.6
007906 0.887 284.2 14.4 339.8 49.5
007906 0.846 391.1 26.9 436.1 56.2
007906 0.808 260.5 10.3 298.4 48.9
007927 0.997 89.2 68.4 473.4 321.4
007948 1.000 58.8 121.6 487.9 263.9
007960 1.000 81.6 142.4 483.3 277.6
007961 0.980 322.0 161.5 458.0 199.3
007961 0.976 395.7 171.6 499.8 267.6
007961 0.964 225.7 196.0 484.5 333.1
007967 0.999 398.1 66.7 470.5 117.3
007967 0.997 190.4 46.4 320.6 120.6
007992 0.993 215.9 126.7 341.6 208.5
008006 0.999 28.1 267.3 142.8 342.9
008007 0.854 443.0 3.5 500.2 172.3
008020 0.999 15.9 204.6 136.5 289.6
008030 1.000 93.7 76.0 381.5 233.3
008035 0.999 303.4 366.6 375.4 476.7
008047 0.997 143.8 1.8 319.9 184.6
008047 0.993 252.9 12.6 375.5 333.2
008047 0.934 332.4 1.0 373.5 18.3
008047 0.928 100.4 1.5 133.6 69.6
008047 0.877 117.5 1.0 173.1 93.6
008047 0.793 77.8 1.0 104.6 41.6
008088 0.991 1.0 225.8 36.0 260.0
008104 0.869 1.0 193.0 102.8 229.1
008104 0.820 131.1 201.8 190.8 219.1
008114 0.983 380.7 170.9 465.3 213.5
008120 0.951 12.0 1.0 378.5 136.2
008120 0.790 1.0 1.0 170.5 119.1
008126 0.995 82.4 161.1 474.0 329.7
008129 1.000 90.5 127.8 319.1 309.5
008133 1.000 81.8 144.4 407.0 343.9
008135 1.000 12.6 1.0 473.5 371.8
008135 0.994 470.7 22.1 500.5 68.7
008136 1.000 25.7 109.7 464.5 358.7
008143 0.998 211.8 180.8 349.3 254.1
008152 0.987 95.0 74.3 442.7 335.4
008152 0.863 1.0 81.4 73.0 198.2
008152 0.776 39.0 94.0 70.6 198.2
008158 0.989 2.2 86.1 201.4 363.6
008161 0.995 53.5 244.8 237.8 366.8
008161 0.991 145.6 114.0 368.6 187.4
008161 0.980 252.7 266.7 321.7 316.0
008161 0.935 1.0 176.0 54.1 274.1
008161 0.921 312.0 278.9 361.1 304.6
008161 0.790 1.0 167.2 118.2 263.7
008195 0.995 1.0 15.8 52.5 68.9
008212 0.948 79.7 296.0 112.6 318.8
008231 0.999 20.2 63.0 500.5 375.5
008231 0.947 1.0 79.6 49.2 117.5
008231 0.899 444.6 78.3 500.5 112.9
008231 0.773 15.9 41.3 204.2 200.7
008237 0.844 3.1 186.8 86.6 204.4
008246 0.996 416.2 100.5 490.9 135.6
008246 0.878 302.5 119.2 322.6 161.9
008259 0.999 270.6 23.5 500.5 177.9
008259 0.998 1.0 35.7 115.0 136.9
008259 0.891 107.1 22.8 288.3 125.0
008264 0.783 22.1 207.6 41.5 231.5
008270 0.999 18.5 5.8 500.0 407.9
008276 0.966 358.2 190.2 462.6 223.8
008283 1.000 80.7 91.0 421.9 269.0
008290 1.000 96.3 27.1 369.2 257.4
008290 0.984 402.3 50.7 500.5 106.8
008290 0.915 311.0 47.6 374.1 108.8
008324 0.972 11.9 184.2 164.8 277.5
008353 1.000 143.1 114.7 334.6 186.7
008353 0.970 11.0 75.0 79.9 114.2
008357 0.994 422.3 156.0 452.6 175.6
008357 0.795 37.9 153.2 68.3 182.0
008363 0.987 125.0 89.1 500.5 371.0
008363 0.834 182.6 85.0 276.5 108.4
008367 0.768 35.6 46.2 61.8 69.1
008367 0.716 147.0 41.9 175.3 63.8
008375 0.998 280.0 453.6 358.1 488.5
008378 0.999 90.8 85.2 471.4 274.0
008383 0.998 1.0 102.9 482.4 330.5
008408 1.000 85.2 59.0 499.8 349.2
008408 0.899 1.0 66.5 90.2 222.6
008408 0.709 86.2 86.4 108.2 111.4
008414 1.000 63.2 74.7 448.0 332.6
008421 1.000 111.3 64.4 392.7 222.3
008432 1.000 61.1 244.1 311.7 440.8
008447 1.000 18.9 23.8 491.1 364.4
008447 0.972 256.8 1.0 371.0 60.7
008447 0.841 111.3 15.3 147.1 41.6
008447 0.815 5.1 27.3 28.8 47.9
008464 0.997 308.2 289.9 374.1 323.5
008464 0.991 187.3 284.4 213.0 302.1
008464 0.980 35.6 285.6 72.0 304.4
008464 0.903 343.7 291.3 386.0 318.8
008464 0.890 78.1 278.7 98.8 299.6
008464 0.874 143.5 278.8 168.5 299.5
008479 0.998 449.8 164.3 500.5 224.8
008479 0.995 141.3 114.7 391.7 273.2
008479 0.860 400.0 171.9 460.4 199.1
008479 0.765 392.9 170.7 420.7 205.0
008481 0.962 320.6 12.2 407.0 43.3
008481 0.960 111.7 15.8 145.2 42.4
008481 0.883 3.1 16.0 36.3 41.1
008488 0.998 1.1 162.4 127.5 254.9
008488 0.997 306.8 186.4 399.1 246.0
008488 0.726 473.6 171.8 500.5 189.4
008504 0.999 147.4 148.0 302.1 239.4
008504 0.999 334.8 124.8 438.7 194.6
008504 0.992 103.6 63.4 178.6 116.7
008504 0.982 438.0 60.9 491.2 108.9
008504 0.976 294.0 69.7 370.0 128.9
008504 0.968 185.7 1.0 234.1 21.5
008504 0.963 231.9 35.0 307.5 93.7
008504 0.946 307.6 13.5 351.8 45.0
008504 0.944 330.4 58.2 391.2 114.4
008504 0.940 428.0 39.3 486.3 87.8
008504 0.929 148.6 83.8 244.3 137.6
008504 0.925 396.5 2.7 438.1 27.4
008504 0.887 479.2 21.4 500.5 67.6
008504 0.847 158.0 128.5 257.8 173.2
008504 0.752 434.2 41.4 484.7 61.1
008504 0.721 69.6 1.0 120.5 24.8
008504 0.714 29.0 2.6 88.8 36.4
008504 0.712 256.3 27.7 315.6 65.6
008531 0.725 3.3 144.5 38.3 173.4
008540 0.821 119.4 1.0 243.7 28.3
008548 1.000 73.0 37.0 474.6 339.8
008548 0.989 215.3 4.7 378.8 98.6
008548 0.814 436.5 18.5 498.6 101.1
008548 0.773 465.9 44.4 500.5 113.8
008560 0.961 393.5 185.6 441.1 237.0
008560 0.941 419.3 195.3 500.5 279.2
008560 0.862 388.5 185.4 406.4 203.7
008579 0.871 401.0 175.3 438.6 192.2
008593 0.928 313.9 103.7 388.5 130.1
008609 1.000 51.4 70.6 484.5 310.4
008622 1.000 114.7 139.7 280.7 245.8
008622 0.841 101.1 66.2 156.0 105.3
008623 0.957 232.5 201.6 273.2 226.9
008623 0.718 249.0 208.5 275.7 232.8
008625 0.943 1.0 227.8 54.9 268.7
008625 0.704 37.3 210.7 75.7 249.2
008632 1.000 163.9 121.2 428.3 239.4
008657 0.999 1.0 102.8 498.3 366.1
008657 0.862 390.4 205.6 500.5 351.8
008658 0.995 136.4 75.2 346.4 364.2
008658 0.739 21.4 98.6 150.2 248.8
008668 0.960 58.7 21.0 487.1 321.8
008668 0.812 3.3 86.2 208.9 307.4
008669 0.869 313.9 164.6 349.3 181.2
008669 0.737 31.1 155.0 98.5 185.9
008669 0.723 421.6 160.8 459.0 179.5
008682 1.000 50.8 90.7 488.1 263.3
008684 0.999 25.4 81.9 429.2 270.1
008693 1.000 58.2 60.4 500.5 333.5
008694 0.998 383.7 177.9 500.5 242.2
008708 0.802 291.6 203.6 313.1 219.6
008711 0.998 27.6 58.0 488.4 318.1
008711 0.806 223.4 18.4 497.5 206.2
008715 0.999 81.2 129.7 305.0 254.7
008724 1.000 264.7 84.6 459.9 214.9
008726 0.978 1.0 82.4 284.1 490.9
008734 0.952 84.6 28.3 288.0 173.0
008734 0.713 231.5 12.4 268.3 37.0
008777 1.000 55.1 83.1 424.7 277.2
008785 0.999 18.7 41.0 461.4 371.0
008785 0.856 52.5 58.5 196.4 162.0
008788 0.999 376.3 280.1 500.3 450.0
008788 0.968 8.4 275.6 63.3 312.7
008788 0.873 1.0 274.8 17.0 303.6
008797 0.998 40.2 25.5 497.7 366.0
008800 1.000 21.7 13.3 404.4 293.1
008800 0.971 25.6 12.7 154.8 155.1
008824 0.998 210.1 145.1 324.3 212.7
008824 0.996 131.4 147.0 211.3 213.6
008824 0.995 314.3 143.4 421.5 213.6
008824 0.992 373.7 273.5 500.0 378.5
008824 0.986 455.4 140.5 500.5 173.0
008824 0.900 374.4 121.1 483.0 161.8
008824 0.862 327.7 125.8 383.1 154.1
008828 0.991 87.2 222.8 153.1 292.2
008828 0.986 142.3 94.7 167.4 114.1
008828 0.978 105.2 125.2 143.6 154.7
008828 0.962 89.5 182.2 135.1 230.4
008828 0.960 91.7 150.2 135.3 188.6
008828 0.958 119.2 102.9 151.2 133.2
008829 0.999 41.5 73.7 379.9 246.0
008895 0.999 288.5 188.6 421.0 249.6
008895 0.705 231.0 169.1 260.7 197.3
008896 1.000 188.5 123.6 377.3 193.8
008903 0.999 242.4 151.9 354.5 224.2
008903 0.852 332.0 151.0 355.9 169.9
008903 0.790 20.1 153.8 54.9 171.4
008903 0.756 1.0 155.9 18.7 171.8
008906 0.931 1.0 185.3 494.0 375.5
008910 0.973 112.9 182.9 150.3 211.7
008910 0.972 189.9 84.2 210.5 101.7
008910 0.970 171.1 150.6 204.3 183.5
008910 0.963 201.7 92.1 225.3 108.8
008910 0.958 29.4 175.7 73.9 217.4
008910 0.957 194.9 176.1 232.2 208.1
008910 0.950 248.7 157.2 282.0 185.6
008910 0.934 199.4 204.3 251.3 242.4
008910 0.926 226.4 98.1 251.1 114.2
008910 0.875 106.6 214.3 153.2 240.1
008910 0.811 88.9 130.3 115.0 150.8
008910 0.800 106.1 145.1 135.1 168.8
008910 0.735 106.6 114.7 128.0 134.5
008910 0.727 171.8 71.3 202.5 95.9
008915 0.995 282.6 294.2 333.5 376.0
008972 0.932 1.0 1.0 481.3 481.0
008996 0.930 336.7 133.5 373.8 208.6
009008 0.968 289.3 36.2 325.2 55.9
009023 1.000 48.8 50.1 409.6 319.3
009023 0.805 387.3 52.7 481.5 118.1
009030 0.806 1.0 213.9 19.1 229.8
009030 0.714 412.7 232.1 441.7 251.9
009033 0.986 6.2 343.2 136.6 408.0
009033 0.973 269.8 329.6 364.2 367.8
009033 0.971 124.0 337.8 239.1 386.5
009033 0.969 1.0 362.1 71.2 415.5
009033 0.966 199.1 334.2 313.0 373.5
009033 0.936 331.3 331.8 374.3 358.2
009033 0.933 78.2 340.2 194.6 393.8
009033 0.838 353.1 331.8 373.6 352.2
009033 0.736 1.0 341.3 73.9 370.9
009033 0.715 256.4 340.7 312.2 372.3
009052 1.000 211.0 105.7 465.3 290.3
009071 0.999 55.6 63.2 469.5 279.5
009071 0.931 1.0 5.0 160.6 193.7
009077 0.947 460.5 134.8 500.5 186.1
009081 1.000 78.5 68.5 456.1 314.8
009092 0.991 399.6 170.0 432.5 230.7
009096 0.997 13.4 32.9 330.9 178.4
009111 0.966 457.3 174.7 492.1 195.1
009111 0.751 484.5 181.9 500.5 206.0
009119 1.000 155.4 170.6 445.0 298.1
009119 0.859 276.9 127.2 385.8 183.2
009122 0.998 128.0 293.1 199.1 333.6
009122 0.936 217.3 306.5 293.0 338.6
009125 0.913 148.9 182.4 257.9 216.7
009134 0.955 430.3 201.9 447.1 218.1
009134 0.804 433.3 206.0 468.4 227.2
009134 0.743 393.2 202.6 460.4 236.2
009140 0.812 7.2 11.3 500.5 326.8
009149 1.000 199.7 92.9 487.8 326.8
009156 1.000 40.5 77.8 298.8 191.9
009156 1.000 162.0 130.8 497.4 374.7
009156 0.995 298.4 75.8 383.8 105.9
009156 0.988 408.8 77.6 468.5 95.6
009156 0.960 202.8 71.3 257.5 89.4
009156 0.901 62.7 81.3 81.8 98.9
009182 1.000 22.6 21.0 489.4 350.9
009182 0.922 431.0 9.8 500.5 116.1
009201 0.998 101.0 160.4 387.4 323.5
009206 0.999 133.5 132.1 453.8 250.8
009206 0.745 92.3 15.9 494.0 284.6
009210 0.997 206.7 220.9 334.6 296.4
009241 0.958 138.1 143.1 245.9 170.8
009243 1.000 107.6 98.2 401.9 326.8
009261 0.961 274.7 312.7 295.6 328.7
009261 0.790 455.9 279.0 480.0 297.8
009265 0.706 69.5 1.0 487.4 324.5
009267 0.997 199.8 245.0 295.8 283.2
009267 0.979 482.8 264.7 500.5 291.0
009267 0.975 321.4 239.9 408.2 269.4
009267 0.964 28.5 235.2 71.4 254.2
009267 0.730 25.6 235.2 48.0 251.9
009284 0.989 47.9 252.3 472.7 374.7
009302 1.000 46.2 128.9 465.0 311.4
009321 1.000 30.7 59.0 465.9 284.6
009322 0.997 1.0 224.4 48.0 277.6
009322 0.995 34.2 217.0 92.8 263.5
009322 0.992 72.7 209.5 130.3 257.7
009322 0.984 154.3 195.1 203.4 240.6
009322 0.962 134.9 207.2 180.6 243.0
009322 0.849 120.1 213.3 147.3 250.5
009322 0.814 145.5 215.4 167.7 246.0
009322 0.791 386.5 187.0 406.8 204.4
009335 0.999 96.7 143.7 285.8 210.9
009341 1.000 12.5 75.7 476.2 306.0
009360 1.000 189.2 124.4 442.8 313.0
009376 0.999 1.0 108.4 363.3 343.0
009376 0.936 394.0 114.1 456.7 147.2
009381 1.000 22.4 1.2 483.1 346.5
009381 0.986 6.1 3.0 245.5 107.1
009384 0.998 1.7 295.2 58.0 375.5
009384 0.995 276.2 308.9 323.3 349.5
009384 0.994 72.4 304.9 146.3 360.1
009384 0.993 164.9 297.3 261.2 371.2
009384 0.925 53.6 299.8 98.7 342.4
009384 0.876 35.6 304.1 65.1 338.1
009384 0.859 260.5 317.5 278.2 334.8
009384 0.859 254.4 314.8 273.2 330.6
009384 0.837 140.7 308.3 176.9 335.2
009387 0.968 176.4 257.1 210.6 273.4
009387 0.940 390.9 250.8 445.5 268.8
009387 0.726 213.7 243.6 341.9 277.8
009396 0.998 137.6 419.5 266.3 497.3
009396 0.966 35.2 451.8 85.8 477.8
009396 0.948 54.1 462.0 87.2 478.3
009396 0.859 33.0 455.2 57.3 471.9
009402 0.961 36.7 113.0 173.8 172.9
009426 1.000 180.2 198.1 384.4 303.1
009427 0.999 5.9 26.0 458.2 329.3
009430 1.000 4.6 50.4 473.8 375.5
009475 1.000 10.7 77.4 500.5 328.5
009492 1.000 110.3 63.4 480.7 249.6
009530 0.997 37.9 266.3 108.9 296.4
009530 0.990 120.8 267.2 168.8 284.3
009530 0.939 280.9 245.4 316.8 269.5
009536 1.000 45.9 62.5 492.3 357.9
009559 0.860 109.2 192.8 150.8 209.6
009564 0.970 72.7 166.7 206.4 219.2
009564 0.963 264.8 166.0 402.7 250.6
009564 0.959 208.7 174.0 284.7 217.2
009564 0.883 1.0 188.5 29.7 216.0
009589 0.798 45.7 13.5 150.4 62.9
009590 1.000 6.0 71.2 500.5 307.3
009590 0.915 7.6 144.4 95.9 201.7
009593 1.000 169.2 171.8 389.0 272.9
009599 0.926 66.5 42.4 400.6 284.9
009601 0.992 117.9 179.4 222.0 252.8
009643 0.938 339.6 210.0 365.4 231.5
009643 0.805 202.2 308.4 254.6 342.0
009652 0.999 5.0 4.4 316.9 288.8
009675 1.000 90.1 39.2 500.6 275.3
009680 1.000 32.6 92.0 424.6 340.1
009680 0.993 1.9 109.1 81.5 269.4
009683 0.988 69.2 170.0 88.2 189.7
009683 0.942 3.2 170.5 22.0 191.8
009688 0.997 106.2 11.6 326.5 144.3
009688 0.997 42.6 85.8 404.6 369.2
009694 0.999 178.0 306.5 275.1 346.2
009694 0.996 330.9 300.9 416.5 350.9
009694 0.996 261.5 304.4 346.7 351.0
009701 1.000 84.0 131.5 311.6 222.7
009704 0.956 302.7 185.8 350.8 215.2
009705 0.989 242.3 1.0 389.4 40.2
009705 0.747 441.3 2.1 500.5 44.3
009723 1.000 3.1 54.3 479.0 368.5
009723 0.981 1.6 17.0 102.5 121.0
009723 0.968 385.7 25.7 494.3 88.0
009723 0.966 69.6 24.4 173.9 50.9
009723 0.782 298.2 31.6 321.6 48.0
009723 0.753 440.2 35.8 500.5 91.2
009727 0.724 237.8 284.1 263.5 308.8
009740 0.999 175.2 149.7 306.3 236.9
009757 1.000 7.6 67.8 472.1 242.9
009770 1.000 67.3 271.3 404.0 372.1
009777 0.997 342.8 189.4 436.8 228.9
009777 0.991 7.5 192.2 74.8 257.1
009777 0.967 449.9 194.0 500.5 228.0
009777 0.721 190.3 174.1 290.5 235.0
009779 1.000 97.1 186.8 320.4 327.8
009779 0.991 362.1 174.2 491.2 302.1
009804 0.983 28.0 133.6 386.7 327.3
009806 0.987 32.7 201.4 108.2 233.4
009806 0.926 100.3 194.0 128.3 232.2
009806 0.854 395.1 206.3 411.5 232.3
009821 1.000 28.2 114.1 443.9 259.2
009827 0.995 465.3 164.1 500.5 211.8
009829 0.983 252.9 287.9 298.3 323.3
009829 0.978 284.0 285.5 311.1 319.4
009829 0.965 213.4 284.8 247.8 337.1
009829 0.929 389.1 280.6 409.2 299.5
009829 0.906 323.9 272.2 386.0 317.5
009829 0.904 444.4 268.1 496.7 330.2
009829 0.856 384.3 277.7 399.8 297.9
009829 0.823 314.2 286.2 363.0 319.4
009847 0.999 201.1 118.8 296.2 192.2
009849 0.999 84.6 177.7 262.3 244.3
009856 0.998 111.7 242.1 194.0 298.6
009856 0.997 1.0 249.6 76.3 324.3
009856 0.997 381.1 241.4 494.1 328.3
009864 0.713 1.0 142.5 97.9 268.6
009873 1.000 168.4 129.6 457.5 255.7
009883 1.000 22.1 102.5 488.2 255.7
009895 0.999 64.1 119.5 329.5 299.2
009895 0.995 1.0 103.8 72.8 178.9
009895 0.994 301.2 109.8 424.0 198.4
009895 0.912 185.4 108.9 272.4 138.3
009903 0.988 1.1 78.7 37.9 98.5
009903 0.946 29.8 79.5 81.3 96.8
009903 0.868 59.5 77.8 83.4 99.1
009927 1.000 75.1 149.2 433.3 266.5
009943 0.998 202.4 111.8 322.2 205.1
