4 366.0 328.0 130.0 63.0 999.000
4 234.0 333.0 97.0 42.0 997.000
4 20.0 310.0 65.0 56.0 996.000
4 174.0 328.0 70.0 36.0 995.000
4 138.0 325.0 52.0 32.0 982.000
4 85.0 328.0 28.0 22.0 975.000
4 114.0 329.0 23.0 22.0 941.000
4 3.0 320.0 18.0 25.0 871.000
10 196.0 181.0 304.0 132.0 999.000
10 142.0 195.0 145.0 47.0 860.000
10 410.0 182.0 90.0 43.0 834.000
20 1.0 238.0 39.0 77.0 990.000
37 69.0 92.0 386.0 185.0 999.000
38 136.0 67.0 266.0 232.0 998.000
38 60.0 65.0 118.0 138.0 977.000
38 357.0 63.0 110.0 127.0 954.000
43 10.0 84.0 480.0 217.0 999.000
43 3.0 1.0 191.0 98.0 988.000
56 2.0 242.0 45.0 35.0 996.000
56 100.0 225.0 42.0 26.0 994.000
56 36.0 236.0 42.0 30.0 953.000
56 120.0 226.0 22.0 19.0 735.000
69 204.0 192.0 130.0 66.0 999.000
71 99.0 433.0 64.0 51.0 998.000
78 125.0 67.0 285.0 231.0 999.000
78 57.0 106.0 66.0 47.0 994.000
78 308.0 96.0 113.0 45.0 992.000
78 417.0 95.0 84.0 55.0 991.000
78 46.0 102.0 23.0 36.0 747.000
78 39.0 99.0 27.0 21.0 745.000
85 29.0 64.0 430.0 256.0 999.000
95 399.0 151.0 102.0 61.0 994.000
95 7.0 144.0 137.0 50.0 985.000
99 63.0 72.0 405.0 183.0 998.000
119 61.0 153.0 80.0 68.0 998.000
119 255.0 174.0 196.0 60.0 996.000
119 373.0 152.0 42.0 29.0 938.000
119 175.0 154.0 32.0 22.0 902.000
119 239.0 166.0 74.0 47.0 707.000
123 195.0 164.0 99.0 78.0 997.000
125 203.0 244.0 265.0 90.0 999.000
125 159.0 253.0 66.0 65.0 989.000
125 1.0 205.0 182.0 129.0 978.000
133 414.0 182.0 68.0 55.0 994.000
142 208.0 77.0 230.0 187.0 999.000
142 419.0 73.0 77.0 49.0 978.000
142 474.0 67.0 27.0 32.0 947.000
148 6.0 47.0 481.0 294.0 999.000
148 70.0 59.0 52.0 38.0 737.000
152 44.0 192.0 281.0 253.0 998.000
153 7.0 293.0 366.0 190.0 999.000
153 16.0 319.0 89.0 38.0 991.000
153 1.0 332.0 34.0 31.0 920.000
156 9.0 194.0 73.0 37.0 998.000
156 282.0 197.0 50.0 44.0 997.000
156 211.0 197.0 51.0 40.0 996.000
156 140.0 198.0 59.0 39.0 996.000
156 73.0 195.0 68.0 40.0 996.000
156 423.0 205.0 66.0 41.0 995.000
156 362.0 203.0 56.0 41.0 994.000
168 383.0 195.0 116.0 103.0 998.000
168 47.0 145.0 134.0 70.0 998.000
168 1.0 202.0 102.0 128.0 997.000
168 190.0 137.0 119.0 86.0 996.000
174 26.0 30.0 276.0 127.0 998.000
178 78.0 99.0 313.0 183.0 998.000
180 219.0 188.0 66.0 44.0 998.000
180 466.0 120.0 34.0 25.0 994.000
198 4.0 50.0 496.0 337.0 999.000
198 410.0 132.0 25.0 24.0 785.000
199 461.0 172.0 40.0 25.0 839.000
205 14.0 174.0 382.0 148.0 999.000
205 3.0 166.0 119.0 62.0 991.000
205 412.0 164.0 50.0 36.0 919.000
212 18.0 98.0 474.0 179.0 999.000
217 2.0 6.0 483.0 328.0 998.000
224 39.0 85.0 419.0 218.0 999.000
233 19.0 120.0 467.0 174.0 999.000
238 10.0 124.0 485.0 190.0 999.000
241 23.0 75.0 455.0 286.0 989.000
250 31.0 96.0 433.0 228.0 999.000
257 165.0 156.0 213.0 132.0 999.000
257 220.0 76.0 180.0 147.0 991.000
257 198.0 58.0 151.0 114.0 856.000
259 18.0 161.0 477.0 203.0 976.000
259 376.0 149.0 124.0 198.0 833.000
266 84.0 284.0 410.0 91.0 887.000
276 12.0 185.0 447.0 130.0 999.000
297 272.0 141.0 118.0 72.0 999.000
299 2.0 9.0 469.0 318.0 999.000
299 3.0 4.0 158.0 107.0 978.000
300 167.0 339.0 128.0 101.0 999.000
300 163.0 338.0 49.0 63.0 818.000
302 70.0 67.0 306.0 196.0 999.000
302 248.0 59.0 252.0 166.0 999.000
302 24.0 121.0 55.0 36.0 982.000
307 30.0 107.0 243.0 214.0 835.000
307 217.0 93.0 123.0 172.0 731.000
311 1.0 148.0 67.0 153.0 996.000
311 231.0 143.0 219.0 162.0 996.000
320 72.0 45.0 425.0 274.0 993.000
325 236.0 156.0 179.0 78.0 994.000
334 71.0 35.0 374.0 329.0 999.000
334 2.0 36.0 75.0 187.0 987.000
334 399.0 47.0 100.0 182.0 978.000
334 268.0 28.0 137.0 73.0 974.000
335 18.0 197.0 243.0 144.0 999.000
336 96.0 229.0 41.0 57.0 861.000
347 406.0 199.0 94.0 135.0 998.000
347 297.0 202.0 112.0 47.0 997.000
347 277.0 203.0 42.0 30.0 922.000
347 277.0 212.0 18.0 16.0 794.000
352 108.0 121.0 352.0 157.0 999.000
355 326.0 51.0 166.0 110.0 988.000
355 370.0 37.0 122.0 40.0 979.000
355 26.0 40.0 43.0 27.0 908.000
355 280.0 33.0 54.0 36.0 856.000
355 77.0 47.0 408.0 241.0 794.000
358 290.0 176.0 207.0 113.0 998.000
358 4.0 171.0 179.0 75.0 880.000
358 427.0 175.0 66.0 41.0 797.000
358 166.0 180.0 64.0 57.0 794.000
358 135.0 171.0 39.0 73.0 747.000
358 1.0 170.0 71.0 74.0 743.000
367 18.0 85.0 464.0 266.0 999.000
371 111.0 134.0 322.0 138.0 999.000
374 50.0 71.0 449.0 272.0 999.000
376 1.0 377.0 85.0 53.0 997.000
376 272.0 365.0 47.0 21.0 971.000
376 40.0 363.0 52.0 37.0 854.000
376 271.0 366.0 18.0 21.0 843.000
376 297.0 368.0 20.0 17.0 839.000
380 9.0 38.0 492.0 291.0 999.000
386 25.0 15.0 415.0 296.0 997.000
389 47.0 25.0 429.0 307.0 999.000
389 409.0 1.0 81.0 51.0 957.000
398 94.0 115.0 349.0 126.0 999.000
404 56.0 11.0 23.0 21.0 854.000
410 53.0 135.0 188.0 87.0 999.000
413 37.0 125.0 456.0 146.0 998.000
413 1.0 125.0 129.0 82.0 996.000
413 316.0 118.0 184.0 96.0 979.000
429 72.0 70.0 326.0 213.0 999.000
434 474.0 222.0 27.0 32.0 969.000
443 247.0 156.0 183.0 100.0 999.000
444 76.0 83.0 224.0 197.0 988.000
450 84.0 97.0 181.0 217.0 880.000
450 7.0 89.0 27.0 16.0 791.000
461 479.0 211.0 21.0 34.0 979.000
461 459.0 214.0 34.0 27.0 899.000
466 41.0 104.0 452.0 201.0 999.000
474 57.0 74.0 363.0 155.0 999.000
482 347.0 132.0 28.0 62.0 983.000
482 307.0 123.0 52.0 49.0 981.000
482 294.0 132.0 19.0 24.0 965.000
482 298.0 124.0 26.0 38.0 701.000
494 1.0 325.0 36.0 35.0 994.000
494 191.0 323.0 46.0 29.0 980.000
494 231.0 299.0 93.0 50.0 887.000
495 10.0 1.0 454.0 344.0 999.000
504 116.0 96.0 246.0 175.0 997.000
505 38.0 146.0 240.0 109.0 999.000
513 22.0 138.0 458.0 151.0 999.000
518 384.0 182.0 50.0 30.0 764.000
522 196.0 202.0 254.0 122.0 999.000
536 30.0 100.0 413.0 143.0 999.000
546 88.0 11.0 352.0 312.0 999.000
551 25.0 159.0 427.0 131.0 999.000
561 383.0 246.0 40.0 21.0 998.000
561 100.0 244.0 67.0 49.0 998.000
561 87.0 248.0 31.0 34.0 985.000
561 181.0 255.0 54.0 17.0 894.000
575 334.0 135.0 164.0 213.0 999.000
576 151.0 79.0 238.0 182.0 999.000
583 363.0 242.0 137.0 133.0 748.000
605 17.0 26.0 399.0 346.0 999.000
605 420.0 124.0 69.0 73.0 820.000
608 109.0 194.0 27.0 22.0 847.000
615 111.0 187.0 330.0 135.0 999.000
615 110.0 157.0 131.0 42.0 848.000
629 63.0 85.0 363.0 264.0 999.000
637 320.0 196.0 179.0 103.0 998.000
637 132.0 207.0 52.0 34.0 971.000
642 77.0 75.0 399.0 225.0 999.000
644 237.0 150.0 138.0 50.0 998.000
646 10.0 11.0 460.0 330.0 999.000
657 105.0 88.0 384.0 285.0 999.000
657 383.0 53.0 87.0 58.0 969.000
657 413.0 48.0 50.0 21.0 796.000
660 166.0 223.0 27.0 16.0 878.000
663 1.0 78.0 402.0 253.0 996.000
665 10.0 13.0 486.0 351.0 997.000
667 442.0 126.0 58.0 100.0 994.000
667 73.0 26.0 335.0 286.0 992.000
667 363.0 137.0 91.0 66.0 799.000
668 1.0 181.0 90.0 91.0 998.000
681 27.0 64.0 451.0 230.0 999.000
681 1.0 52.0 97.0 141.0 990.000
681 9.0 60.0 241.0 136.0 968.000
683 342.0 2.0 83.0 46.0 977.000
689 10.0 61.0 323.0 375.0 999.000
689 29.0 46.0 261.0 108.0 911.000
694 385.0 237.0 39.0 37.0 995.000
694 2.0 227.0 36.0 18.0 951.000
696 26.0 27.0 435.0 314.0 999.000
699 419.0 259.0 82.0 71.0 998.000
699 291.0 261.0 138.0 71.0 997.000
699 92.0 223.0 194.0 107.0 996.000
699 341.0 225.0 126.0 51.0 966.000
699 21.0 228.0 87.0 55.0 936.000
699 278.0 248.0 51.0 35.0 920.000
703 123.0 48.0 378.0 244.0 999.000
704 67.0 207.0 50.0 33.0 705.000
717 78.0 92.0 389.0 180.0 999.000
721 240.0 145.0 164.0 78.0 985.000
725 10.0 253.0 231.0 95.0 999.000
725 402.0 173.0 87.0 38.0 998.000
725 249.0 230.0 206.0 84.0 997.000
725 16.0 175.0 83.0 35.0 992.000
725 142.0 217.0 182.0 57.0 980.000
725 310.0 175.0 61.0 31.0 937.000
725 149.0 179.0 148.0 45.0 925.000
725 465.0 180.0 28.0 30.0 888.000
725 225.0 174.0 140.0 36.0 854.000
725 7.0 187.0 19.0 34.0 842.000
725 230.0 173.0 63.0 21.0 731.000
744 329.0 106.0 63.0 22.0 835.000
750 103.0 96.0 326.0 163.0 999.000
750 1.0 98.0 201.0 131.0 998.000
750 439.0 104.0 62.0 154.0 997.000
760 24.0 25.0 429.0 251.0 999.000
766 163.0 153.0 161.0 73.0 999.000
771 226.0 141.0 172.0 88.0 999.000
778 5.0 48.0 487.0 297.0 999.000
780 20.0 35.0 467.0 338.0 999.000
780 3.0 80.0 119.0 141.0 986.000
782 61.0 92.0 369.0 253.0 999.000
788 263.0 135.0 82.0 31.0 945.000
790 6.0 100.0 433.0 247.0 999.000
790 5.0 119.0 152.0 93.0 992.000
808 206.0 233.0 27.0 22.0 988.000
808 272.0 233.0 19.0 19.0 897.000
813 51.0 201.0 86.0 59.0 978.000
814 174.0 9.0 324.0 153.0 995.000
817 30.0 107.0 298.0 275.0 997.000
820 454.0 166.0 37.0 25.0 982.000
832 190.0 186.0 30.0 29.0 929.000
836 120.0 64.0 325.0 271.0 999.000
836 381.0 41.0 119.0 134.0 998.000
836 122.0 57.0 97.0 86.0 989.000
836 216.0 18.0 161.0 67.0 948.000
836 2.0 26.0 17.0 18.0 791.000
837 41.0 115.0 254.0 267.0 986.000
858 253.0 142.0 85.0 51.0 998.000
863 26.0 193.0 102.0 18.0 750.000
869 1.0 265.0 499.0 61.0 744.000
893 99.0 331.0 29.0 20.0 971.000
893 61.0 343.0 22.0 18.0 949.000
896 11.0 88.0 319.0 202.0 963.000
910 80.0 35.0 335.0 281.0 999.000
920 112.0 64.0 323.0 256.0 999.000
928 21.0 46.0 455.0 291.0 999.000
931 44.0 135.0 299.0 195.0 995.000
934 36.0 70.0 52.0 27.0 956.000
934 9.0 69.0 27.0 17.0 873.000
937 10.0 22.0 489.0 353.0 978.000
939 166.0 77.0 245.0 213.0 999.000
946 194.0 83.0 244.0 148.0 999.000
951 95.0 47.0 324.0 244.0 999.000
952 2.0 194.0 37.0 16.0 828.000
952 38.0 194.0 22.0 16.0 790.000
956 69.0 172.0 431.0 200.0 732.000
957 66.0 31.0 370.0 336.0 999.000
960 5.0 138.0 20.0 32.0 977.000
963 126.0 44.0 212.0 199.0 997.000
967 140.0 86.0 297.0 133.0 999.000
967 1.0 128.0 71.0 103.0 983.000
967 477.0 127.0 24.0 62.0 912.000
971 204.0 87.0 144.0 129.0 997.000
973 1.0 124.0 405.0 196.0 999.000
973 239.0 109.0 54.0 30.0 860.000
974 103.0 100.0 335.0 173.0 999.000
974 394.0 97.0 106.0 167.0 987.000
978 372.0 184.0 71.0 30.0 998.000
980 67.0 23.0 412.0 288.0 998.000
980 374.0 3.0 126.0 75.0 960.000
985 16.0 30.0 472.0 276.0 999.000
988 195.0 116.0 291.0 164.0 999.000
992 33.0 8.0 456.0 401.0 999.000
992 1.0 49.0 203.0 253.0 941.000
995 25.0 12.0 449.0 363.0 987.000
1007 4.0 96.0 374.0 216.0 999.000
1007 333.0 73.0 167.0 130.0 997.000
1011 414.0 201.0 73.0 28.0 795.000
1033 81.0 41.0 345.0 298.0 999.000
1033 364.0 30.0 109.0 66.0 860.000
1034 43.0 164.0 165.0 128.0 997.000
1041 10.0 1.0 491.0 315.0 992.000
1046 219.0 282.0 20.0 21.0 711.000
1074 5.0 139.0 444.0 195.0 997.000
1074 90.0 101.0 382.0 131.0 989.000
1074 15.0 88.0 88.0 29.0 917.000
1074 7.0 107.0 215.0 70.0 761.000
1086 1.0 143.0 45.0 44.0 991.000
1086 239.0 126.0 82.0 45.0 983.000
1086 70.0 132.0 76.0 51.0 900.000
1086 295.0 135.0 39.0 38.0 831.000
1087 98.0 34.0 372.0 242.0 999.000
1091 93.0 171.0 354.0 110.0 999.000
1093 31.0 88.0 333.0 210.0 999.000
1093 325.0 101.0 106.0 68.0 987.000
1093 442.0 95.0 40.0 36.0 969.000
1093 4.0 88.0 185.0 134.0 918.000
1093 416.0 96.0 37.0 50.0 911.000
1093 369.0 93.0 83.0 54.0 804.000
1093 149.0 90.0 57.0 27.0 737.000
1093 1.0 94.0 40.0 34.0 721.000
1104 233.0 179.0 260.0 118.0 999.000
1104 6.0 176.0 136.0 144.0 993.000
1104 203.0 188.0 93.0 66.0 925.000
1105 299.0 21.0 90.0 52.0 856.000
1116 1.0 102.0 404.0 272.0 998.000
1116 243.0 245.0 257.0 127.0 971.000
1121 292.0 223.0 32.0 26.0 950.000
1121 211.0 227.0 33.0 29.0 930.000
1127 395.0 234.0 95.0 46.0 998.000
1127 337.0 219.0 65.0 19.0 807.000
1127 140.0 229.0 25.0 18.0 734.000
1127 365.0 220.0 26.0 20.0 712.000
1132 414.0 135.0 87.0 61.0 998.000
1132 1.0 124.0 277.0 206.0 994.000
1134 433.0 188.0 39.0 27.0 993.000
1134 1.0 208.0 57.0 47.0 986.000
1134 53.0 196.0 80.0 52.0 965.000
1143 131.0 95.0 233.0 108.0 999.000
1151 11.0 6.0 486.0 368.0 999.000
1153 282.0 209.0 52.0 26.0 717.000
1166 62.0 127.0 313.0 291.0 998.000
1166 22.0 93.0 311.0 183.0 791.000
1171 1.0 54.0 52.0 54.0 992.000
1171 18.0 47.0 46.0 39.0 965.000
1171 225.0 59.0 65.0 41.0 914.000
1171 69.0 47.0 60.0 53.0 897.000
1171 282.0 51.0 86.0 45.0 889.000
1171 68.0 51.0 228.0 54.0 842.000
1174 79.0 1.0 101.0 48.0 916.000
1174 104.0 3.0 174.0 42.0 733.000
1177 101.0 74.0 288.0 212.0 999.000
1178 159.0 161.0 145.0 88.0 999.000
1183 242.0 209.0 46.0 24.0 990.000
1187 388.0 187.0 40.0 18.0 980.000
1187 357.0 173.0 36.0 33.0 745.000
1191 338.0 179.0 39.0 30.0 998.000
1191 1.0 211.0 25.0 35.0 997.000
1191 377.0 178.0 28.0 20.0 977.000
1203 42.0 49.0 415.0 194.0 999.000
1203 399.0 5.0 101.0 74.0 997.000
1204 229.0 165.0 219.0 75.0 999.000
1209 165.0 132.0 330.0 188.0 998.000
1213 400.0 217.0 94.0 64.0 993.000
1213 136.0 217.0 45.0 29.0 967.000
1213 136.0 217.0 29.0 18.0 860.000
1223 10.0 151.0 142.0 84.0 995.000
1223 189.0 146.0 104.0 95.0 995.000
1223 320.0 154.0 118.0 81.0 990.000
1238 297.0 253.0 76.0 38.0 999.000
1238 200.0 252.0 78.0 36.0 998.000
1238 79.0 252.0 39.0 21.0 984.000
1238 142.0 256.0 34.0 19.0 983.000
1238 112.0 254.0 31.0 17.0 983.000
1252 392.0 272.0 41.0 30.0 737.000
1255 83.0 65.0 340.0 259.0 999.000
1257 10.0 15.0 490.0 275.0 999.000
1257 236.0 15.0 255.0 158.0 910.000
1258 88.0 114.0 294.0 120.0 999.000
1262 11.0 81.0 460.0 276.0 999.000
1262 365.0 37.0 135.0 159.0 980.000
1262 3.0 83.0 111.0 154.0 926.000
1263 109.0 177.0 47.0 27.0 998.000
1263 65.0 172.0 48.0 31.0 995.000
1268 1.0 249.0 256.0 84.0 995.000
1268 264.0 233.0 237.0 101.0 991.000
1268 241.0 257.0 66.0 52.0 962.000
1268 1.0 266.0 55.0 29.0 789.000
1269 375.0 115.0 125.0 103.0 999.000
1269 243.0 113.0 113.0 93.0 998.000
1269 32.0 70.0 210.0 155.0 997.000
1274 12.0 1.0 487.0 311.0 999.000
1277 41.0 75.0 417.0 212.0 985.000
1284 39.0 56.0 445.0 262.0 999.000
1285 11.0 214.0 312.0 112.0 807.000
1288 62.0 266.0 340.0 103.0 991.000
1296 153.0 1.0 332.0 60.0 963.000
1298 149.0 114.0 173.0 85.0 981.000
1300 6.0 236.0 198.0 101.0 967.000
1307 262.0 296.0 43.0 35.0 993.000
1307 190.0 303.0 38.0 28.0 973.000
1307 220.0 299.0 41.0 33.0 956.000
1307 155.0 311.0 34.0 21.0 946.000
1307 15.0 310.0 58.0 24.0 944.000
1320 321.0 42.0 61.0 42.0 986.000
1320 319.0 31.0 31.0 18.0 722.000
1329 169.0 183.0 80.0 49.0 855.000
1329 288.0 166.0 55.0 35.0 819.000
1336 5.0 167.0 324.0 295.0 999.000
1345 338.0 262.0 163.0 60.0 999.000
1345 135.0 268.0 168.0 53.0 996.000
1346 179.0 201.0 69.0 33.0 974.000
1346 211.0 209.0 43.0 18.0 703.000
1350 273.0 323.0 226.0 39.0 835.000
1359 17.0 48.0 444.0 246.0 994.000
1360 482.0 176.0 18.0 71.0 959.000
1361 47.0 32.0 429.0 239.0 999.000
1364 133.0 1.0 294.0 193.0 997.000
1367 40.0 88.0 314.0 87.0 995.000
1368 89.0 40.0 389.0 333.0 846.000
1369 477.0 119.0 23.0 64.0 970.000
1369 70.0 125.0 25.0 16.0 772.000
1370 228.0 143.0 121.0 48.0 981.000
1370 315.0 143.0 28.0 47.0 781.000
1374 370.0 205.0 130.0 169.0 987.000
1374 24.0 168.0 159.0 91.0 822.000
1388 66.0 252.0 60.0 62.0 909.000
1388 2.0 253.0 36.0 23.0 759.000
1390 4.0 255.0 144.0 42.0 991.000
1390 132.0 248.0 168.0 51.0 990.000
1396 238.0 106.0 93.0 140.0 986.000
1396 8.0 137.0 72.0 73.0 975.000
1396 77.0 71.0 206.0 318.0 710.000
1400 43.0 201.0 272.0 176.0 999.000
1409 11.0 50.0 435.0 262.0 999.000
1415 19.0 109.0 411.0 174.0 999.000
1430 1.0 226.0 76.0 57.0 997.000
1447 112.0 128.0 267.0 117.0 999.000
1463 26.0 18.0 471.0 325.0 999.000
1463 427.0 85.0 73.0 161.0 880.000
1473 2.0 161.0 34.0 72.0 975.000
1473 10.0 259.0 490.0 104.0 971.000
1475 21.0 1.0 480.0 318.0 999.000
1490 204.0 215.0 132.0 92.0 999.000
1490 14.0 1.0 52.0 23.0 788.000
1496 210.0 203.0 124.0 59.0 997.000
1496 375.0 184.0 125.0 99.0 994.000
1496 132.0 205.0 50.0 31.0 993.000
1496 180.0 207.0 59.0 41.0 991.000
1496 303.0 207.0 70.0 38.0 980.000
1496 121.0 204.0 19.0 26.0 912.000
1496 165.0 199.0 32.0 29.0 728.000
1499 481.0 242.0 19.0 21.0 773.000
1509 24.0 231.0 287.0 190.0 999.000
1515 256.0 298.0 32.0 28.0 827.000
1515 324.0 306.0 32.0 17.0 752.000
1515 320.0 303.0 52.0 28.0 747.000
1515 353.0 301.0 20.0 17.0 718.000
1516 5.0 67.0 481.0 261.0 999.000
1520 113.0 60.0 150.0 50.0 966.000
1520 40.0 55.0 182.0 109.0 806.000
1521 168.0 129.0 179.0 59.0 999.000
1528 119.0 174.0 256.0 176.0 999.000
1528 1.0 162.0 42.0 62.0 984.000
1528 89.0 169.0 118.0 56.0 984.000
1528 428.0 174.0 70.0 67.0 984.000
1543 256.0 165.0 30.0 26.0 970.000
1545 202.0 157.0 157.0 98.0 999.000
1553 1.0 97.0 493.0 272.0 908.000
1553 180.0 135.0 108.0 72.0 791.000
1560 40.0 66.0 435.0 183.0 999.000
1571 270.0 33.0 205.0 182.0 997.000
1576 22.0 202.0 280.0 105.0 996.000
1578 1.0 182.0 72.0 125.0 739.000
1594 122.0 83.0 342.0 192.0 812.000
1594 64.0 115.0 131.0 70.0 772.000
1595 245.0 245.0 58.0 35.0 996.000
1595 1.0 231.0 66.0 66.0 992.000
1595 294.0 250.0 50.0 28.0 990.000
1595 331.0 248.0 36.0 28.0 981.000
1595 404.0 238.0 38.0 32.0 976.000
1595 48.0 242.0 69.0 47.0 972.000
1595 160.0 232.0 84.0 53.0 950.000
1595 56.0 239.0 184.0 47.0 919.000
1595 77.0 244.0 52.0 36.0 849.000
1595 356.0 240.0 69.0 30.0 839.000
1595 395.0 244.0 18.0 23.0 734.000
1597 7.0 2.0 110.0 34.0 866.000
1615 39.0 12.0 435.0 217.0 999.000
1615 10.0 1.0 150.0 60.0 700.000
1618 160.0 244.0 166.0 128.0 969.000
1618 35.0 271.0 49.0 75.0 780.000
1623 31.0 97.0 457.0 260.0 999.000
1630 199.0 338.0 294.0 32.0 953.000
1631 388.0 209.0 68.0 43.0 996.000
1631 22.0 220.0 78.0 29.0 993.000
1631 449.0 209.0 51.0 36.0 855.000
1636 320.0 252.0 21.0 21.0 926.000
1636 308.0 252.0 16.0 21.0 709.000
1639 36.0 108.0 354.0 175.0 999.000
1648 298.0 166.0 58.0 25.0 985.000
1648 434.0 148.0 62.0 47.0 985.000
1648 2.0 180.0 21.0 17.0 960.000
1648 88.0 177.0 70.0 16.0 951.000
1648 245.0 167.0 27.0 23.0 908.000
1653 190.0 160.0 245.0 174.0 999.000
1657 14.0 63.0 458.0 228.0 998.000
1664 165.0 224.0 267.0 125.0 999.000
1664 1.0 261.0 81.0 45.0 986.000
1664 70.0 263.0 87.0 36.0 941.000
1664 118.0 265.0 45.0 30.0 793.000
1666 91.0 118.0 177.0 119.0 999.000
1667 27.0 52.0 463.0 217.0 999.000
1667 1.0 48.0 252.0 156.0 986.000
1667 433.0 45.0 59.0 134.0 984.000
1667 266.0 45.0 182.0 73.0 848.000
1667 164.0 58.0 115.0 61.0 702.000
1670 101.0 100.0 339.0 215.0 999.000
1675 89.0 107.0 303.0 177.0 999.000
1680 357.0 84.0 94.0 54.0 997.000
1680 1.0 82.0 198.0 246.0 994.000
1680 296.0 122.0 205.0 211.0 993.000
1680 153.0 80.0 79.0 62.0 804.000
1680 339.0 97.0 18.0 35.0 722.000
1681 60.0 108.0 372.0 141.0 999.000
1682 429.0 55.0 29.0 16.0 806.000
1689 45.0 119.0 230.0 125.0 999.000
1692 86.0 129.0 378.0 183.0 999.000
1692 105.0 129.0 133.0 54.0 992.000
1692 68.0 136.0 71.0 35.0 949.000
1700 23.0 171.0 33.0 23.0 942.000
1710 3.0 5.0 490.0 339.0 999.000
1713 108.0 132.0 392.0 162.0 999.000
1721 387.0 347.0 113.0 28.0 993.000
1721 11.0 335.0 171.0 40.0 979.000
1721 108.0 352.0 144.0 22.0 701.000
1725 242.0 287.0 56.0 39.0 997.000
1725 281.0 269.0 41.0 28.0 991.000
1725 306.0 252.0 30.0 19.0 962.000
1725 308.0 236.0 36.0 33.0 737.000
1727 39.0 156.0 462.0 176.0 953.000
1729 6.0 121.0 328.0 364.0 999.000
1729 28.0 102.0 170.0 90.0 987.000
1735 99.0 11.0 294.0 306.0 990.000
1737 455.0 185.0 46.0 48.0 994.000
1737 34.0 183.0 76.0 62.0 944.000
1737 388.0 170.0 39.0 16.0 776.000
1741 164.0 96.0 228.0 112.0 999.000
1744 73.0 60.0 398.0 297.0 995.000
1745 32.0 141.0 86.0 80.0 982.000
1745 403.0 148.0 97.0 88.0 726.000
1747 173.0 144.0 177.0 123.0 999.000
1749 211.0 280.0 161.0 136.0 998.000
1749 163.0 267.0 36.0 23.0 984.000
1761 111.0 13.0 275.0 232.0 999.000
1763 44.0 120.0 456.0 163.0 999.000
1764 24.0 120.0 469.0 212.0 999.000
1764 2.0 193.0 110.0 72.0 991.000
1767 38.0 197.0 325.0 132.0 999.000
1770 228.0 174.0 21.0 17.0 856.000
1773 370.0 161.0 22.0 35.0 988.000
1774 85.0 143.0 400.0 223.0 999.000
1779 3.0 180.0 216.0 115.0 996.000
1779 230.0 145.0 144.0 186.0 987.000
1779 9.0 164.0 77.0 26.0 853.000
1779 1.0 172.0 28.0 19.0 824.000
1779 36.0 169.0 43.0 18.0 800.000
1779 129.0 120.0 134.0 97.0 726.000
1793 2.0 17.0 353.0 483.0 995.000
1803 201.0 138.0 134.0 69.0 999.000
1804 1.0 82.0 404.0 260.0 998.000
1804 10.0 80.0 131.0 66.0 972.000
1804 1.0 77.0 61.0 63.0 838.000
1815 158.0 301.0 307.0 136.0 999.000
1817 35.0 52.0 447.0 235.0 999.000
1822 5.0 57.0 228.0 118.0 987.000
1825 5.0 5.0 491.0 308.0 999.000
1829 126.0 194.0 55.0 36.0 995.000
1829 46.0 189.0 58.0 41.0 990.000
1829 276.0 182.0 57.0 48.0 988.000
1829 409.0 189.0 92.0 41.0 985.000
1829 173.0 204.0 83.0 28.0 979.000
1829 329.0 201.0 39.0 30.0 938.000
1829 35.0 205.0 25.0 21.0 877.000
1829 2.0 206.0 38.0 19.0 876.000
1829 223.0 202.0 38.0 23.0 867.000
1829 335.0 198.0 125.0 29.0 866.000
1829 462.0 188.0 39.0 33.0 703.000
1832 44.0 265.0 109.0 69.0 998.000
1837 476.0 153.0 22.0 97.0 745.000
1839 9.0 9.0 484.0 325.0 999.000
1840 6.0 5.0 489.0 368.0 999.000
1849 222.0 106.0 221.0 153.0 988.000
1849 432.0 149.0 68.0 85.0 977.000
1849 55.0 119.0 156.0 141.0 912.000
1866 1.0 164.0 29.0 19.0 702.000
1870 20.0 122.0 285.0 233.0 998.000
1870 6.0 107.0 60.0 33.0 869.000
1870 11.0 100.0 114.0 51.0 823.000
1889 1.0 129.0 85.0 125.0 995.000
1892 183.0 107.0 246.0 104.0 999.000
1901 270.0 16.0 123.0 64.0 808.000
1901 112.0 16.0 229.0 65.0 731.000
1920 80.0 2.0 420.0 372.0 999.000
1928 29.0 129.0 317.0 141.0 999.000
1936 377.0 159.0 104.0 138.0 995.000
1942 54.0 68.0 221.0 183.0 998.000
1943 123.0 1.0 374.0 229.0 999.000
1955 79.0 86.0 333.0 97.0 999.000
1955 398.0 121.0 100.0 53.0 932.000
1955 439.0 117.0 43.0 18.0 749.000
1955 84.0 97.0 74.0 27.0 723.000
1965 12.0 4.0 399.0 314.0 997.000
1967 175.0 176.0 35.0 32.0 995.000
1967 363.0 203.0 33.0 31.0 991.000
1967 173.0 156.0 21.0 17.0 987.000
1967 262.0 128.0 44.0 18.0 975.000
1967 37.0 148.0 28.0 21.0 966.000
1967 93.0 119.0 18.0 16.0 940.000
1967 447.0 132.0 22.0 17.0 854.000
1967 168.0 139.0 19.0 17.0 817.000
1967 177.0 161.0 22.0 17.0 801.000
1982 462.0 167.0 38.0 32.0 914.000
1991 144.0 144.0 169.0 164.0 999.000
1991 38.0 133.0 77.0 47.0 905.000
1994 329.0 200.0 171.0 128.0 999.000
2001 159.0 111.0 220.0 152.0 998.000
2006 26.0 23.0 451.0 334.0 999.000
2019 25.0 33.0 465.0 300.0 999.000
2019 10.0 7.0 229.0 183.0 934.000
2024 124.0 103.0 269.0 136.0 999.000
2029 123.0 326.0 167.0 80.0 999.000
2033 401.0 149.0 99.0 57.0 997.000
2033 149.0 94.0 201.0 185.0 991.000
2038 1.0 327.0 31.0 86.0 920.000
2039 91.0 263.0 305.0 93.0 999.000
2043 145.0 187.0 194.0 125.0 999.000
2058 119.0 175.0 248.0 80.0 767.000
2061 3.0 212.0 115.0 85.0 989.000
2061 172.0 225.0 48.0 28.0 948.000
2061 251.0 216.0 42.0 27.0 713.000
2063 433.0 355.0 35.0 20.0 838.000
2072 218.0 292.0 48.0 34.0 999.000
2072 1.0 279.0 20.0 44.0 945.000
2081 1.0 74.0 62.0 52.0 993.000
2081 99.0 35.0 344.0 340.0 953.000
2083 334.0 334.0 153.0 41.0 995.000
2083 215.0 313.0 91.0 49.0 995.000
2083 297.0 326.0 54.0 43.0 780.000
2084 71.0 128.0 31.0 40.0 973.000
2084 134.0 180.0 24.0 32.0 928.000
2084 108.0 125.0 37.0 41.0 915.000
2096 310.0 197.0 73.0 58.0 994.000
2097 6.0 64.0 490.0 229.0 999.000
2109 67.0 371.0 201.0 93.0 999.000
2109 278.0 392.0 56.0 51.0 986.000
2109 195.0 439.0 139.0 61.0 810.000
2111 70.0 144.0 430.0 231.0 999.000
2111 2.0 124.0 294.0 211.0 913.000
2113 181.0 154.0 247.0 99.0 999.000
2113 297.0 112.0 47.0 18.0 846.000
2117 84.0 109.0 352.0 179.0 999.000
2117 2.0 110.0 107.0 98.0 998.000
2131 337.0 198.0 81.0 68.0 999.000
2131 1.0 202.0 57.0 88.0 998.000
2131 17.0 195.0 50.0 63.0 764.000
2137 341.0 275.0 55.0 36.0 996.000
2137 442.0 278.0 28.0 16.0 949.000
2142 11.0 175.0 465.0 241.0 999.000
2147 158.0 163.0 181.0 102.0 998.000
2147 18.0 174.0 27.0 40.0 974.000
2153 107.0 77.0 255.0 204.0 999.000
2155 353.0 180.0 147.0 63.0 998.000
2155 256.0 178.0 140.0 46.0 994.000
2155 17.0 165.0 85.0 24.0 960.000
2155 1.0 165.0 25.0 22.0 909.000
2155 203.0 173.0 94.0 42.0 895.000
2155 85.0 169.0 68.0 32.0 892.000
2155 123.0 170.0 61.0 32.0 847.000
2155 150.0 171.0 77.0 37.0 825.000
2155 48.0 171.0 65.0 27.0 746.000
2155 253.0 169.0 32.0 17.0 727.000
2173 227.0 99.0 148.0 143.0 964.000
2173 43.0 136.0 101.0 43.0 850.000
2203 31.0 26.0 404.0 295.0 999.000
2203 66.0 10.0 78.0 59.0 784.000
2209 390.0 243.0 97.0 62.0 994.000
2217 56.0 72.0 364.0 243.0 999.000
2219 71.0 76.0 387.0 212.0 997.000
2220 61.0 163.0 366.0 109.0 999.000
2232 132.0 32.0 118.0 48.0 992.000
2232 2.0 41.0 138.0 76.0 903.000
2232 33.0 43.0 403.0 285.0 876.000
2240 127.0 2.0 270.0 173.0 937.000
2251 242.0 196.0 30.0 16.0 984.000
2251 154.0 195.0 25.0 16.0 983.000
2251 397.0 199.0 96.0 57.0 792.000
2262 9.0 37.0 315.0 288.0 998.000
2262 232.0 40.0 263.0 191.0 996.000
2262 458.0 65.0 42.0 35.0 886.000
2263 2.0 102.0 132.0 94.0 998.000
2267 93.0 18.0 391.0 261.0 999.000
2271 21.0 96.0 456.0 153.0 999.000
2271 102.0 71.0 71.0 45.0 992.000
2271 1.0 59.0 83.0 56.0 992.000
2271 195.0 76.0 265.0 84.0 980.000
2281 422.0 184.0 78.0 41.0 992.000
2282 336.0 269.0 55.0 49.0 991.000
2282 173.0 246.0 68.0 84.0 988.000
2282 177.0 241.0 144.0 95.0 914.000
2282 149.0 258.0 31.0 72.0 857.000
2285 4.0 203.0 485.0 159.0 999.000
2289 26.0 15.0 121.0 62.0 817.000
2290 3.0 20.0 379.0 469.0 992.000
2293 65.0 137.0 422.0 131.0 999.000
2299 321.0 390.0 54.0 60.0 996.000
2308 425.0 123.0 75.0 30.0 765.000
2325 307.0 160.0 129.0 112.0 892.000
2326 1.0 90.0 260.0 203.0 997.000
2326 251.0 69.0 240.0 249.0 984.000
2334 140.0 81.0 333.0 225.0 996.000
2335 3.0 35.0 447.0 307.0 999.000
2339 76.0 12.0 347.0 280.0 999.000
2358 407.0 46.0 93.0 52.0 965.000
2360 40.0 45.0 370.0 189.0 996.000
2367 28.0 24.0 403.0 280.0 999.000
2371 158.0 165.0 292.0 83.0 996.000
2371 156.0 177.0 146.0 66.0 749.000
2376 459.0 145.0 32.0 21.0 899.000
2377 4.0 3.0 188.0 35.0 986.000
2378 67.0 237.0 118.0 91.0 999.000
2378 12.0 250.0 34.0 35.0 984.000
2378 258.0 243.0 25.0 21.0 926.000
2378 320.0 244.0 29.0 21.0 924.000
2388 156.0 379.0 103.0 72.0 984.000
2395 228.0 1.0 273.0 103.0 995.000
2398 206.0 35.0 61.0 75.0 819.000
2399 45.0 193.0 271.0 106.0 999.000
2402 20.0 237.0 157.0 106.0 997.000
2402 175.0 222.0 72.0 65.0 993.000
2402 236.0 219.0 47.0 43.0 872.000
2402 263.0 202.0 48.0 46.0 822.000
2408 50.0 371.0 196.0 83.0 999.000
2409 2.0 51.0 50.0 21.0 780.000
2417 3.0 390.0 165.0 88.0 999.000
2417 186.0 390.0 74.0 46.0 995.000
2417 148.0 384.0 56.0 36.0 979.000
2421 101.0 151.0 47.0 33.0 777.000
2425 15.0 60.0 346.0 349.0 998.000
2430 31.0 37.0 117.0 83.0 997.000
2430 403.0 22.0 97.0 100.0 996.000
2442 139.0 114.0 268.0 134.0 999.000
2464 66.0 22.0 355.0 298.0 999.000
2467 146.0 161.0 80.0 41.0 998.000
2470 31.0 138.0 454.0 174.0 999.000
2479 113.0 89.0 83.0 44.0 992.000
2479 293.0 114.0 205.0 210.0 936.000
2481 151.0 415.0 131.0 86.0 998.000
2481 46.0 403.0 108.0 65.0 996.000
2489 16.0 54.0 400.0 255.0 999.000
2490 6.0 281.0 64.0 17.0 734.000
2491 27.0 249.0 24.0 16.0 860.000
2493 49.0 91.0 439.0 263.0 999.000
2496 75.0 186.0 371.0 133.0 999.000
2506 31.0 105.0 445.0 153.0 999.000
2509 24.0 55.0 419.0 236.0 999.000
2509 1.0 86.0 33.0 100.0 959.000
2509 3.0 79.0 118.0 104.0 796.000
2512 17.0 30.0 454.0 268.0 999.000
2512 429.0 15.0 60.0 58.0 938.000
2512 1.0 28.0 55.0 72.0 726.000
2515 431.0 186.0 69.0 189.0 952.000
2515 441.0 179.0 55.0 43.0 880.000
2515 364.0 198.0 120.0 129.0 823.000
2515 323.0 164.0 61.0 41.0 815.000
2529 412.0 200.0 56.0 32.0 978.000
2529 22.0 197.0 45.0 28.0 975.000
2529 15.0 189.0 115.0 36.0 936.000
2529 340.0 198.0 85.0 36.0 914.000
2529 338.0 199.0 49.0 19.0 859.000
2529 83.0 194.0 63.0 25.0 805.000
2534 24.0 78.0 459.0 210.0 999.000
2535 95.0 1.0 119.0 52.0 902.000
2535 1.0 1.0 99.0 35.0 875.000
2538 63.0 71.0 137.0 78.0 998.000
2538 211.0 122.0 218.0 131.0 998.000
2538 266.0 97.0 170.0 80.0 983.000
2542 214.0 37.0 26.0 16.0 740.000
2543 3.0 206.0 318.0 262.0 999.000
2546 3.0 124.0 469.0 229.0 999.000
2546 2.0 112.0 97.0 100.0 996.000
2557 45.0 57.0 423.0 294.0 999.000
2557 116.0 66.0 323.0 147.0 754.000
2558 77.0 128.0 199.0 94.0 998.000
2566 5.0 64.0 436.0 259.0 998.000
2574 102.0 205.0 186.0 68.0 998.000
2574 11.0 157.0 50.0 44.0 921.000
2575 34.0 97.0 426.0 208.0 999.000
2577 1.0 1.0 75.0 90.0 790.000
2580 36.0 64.0 350.0 221.0 999.000
2591 52.0 89.0 430.0 218.0 998.000
2591 2.0 38.0 108.0 204.0 985.000
2591 276.0 43.0 225.0 105.0 971.000
2591 20.0 31.0 246.0 211.0 702.000
2599 140.0 138.0 225.0 78.0 999.000
2599 424.0 143.0 76.0 74.0 993.000
2633 29.0 129.0 438.0 195.0 999.000
2641 126.0 128.0 251.0 183.0 995.000
2646 170.0 264.0 329.0 105.0 961.000
2663 3.0 186.0 146.0 213.0 995.000
2673 14.0 206.0 401.0 169.0 999.000
2679 30.0 129.0 333.0 209.0 999.000
2691 57.0 77.0 332.0 238.0 999.000
2696 413.0 275.0 87.0 100.0 988.000
2700 165.0 1.0 27.0 16.0 778.000
2703 9.0 9.0 469.0 341.0 999.000
2705 11.0 112.0 466.0 234.0 999.000
2707 7.0 247.0 315.0 232.0 999.000
2710 256.0 117.0 36.0 33.0 959.000
2710 359.0 125.0 37.0 32.0 942.000
2710 371.0 132.0 94.0 35.0 891.000
2710 339.0 123.0 29.0 29.0 888.000
2721 1.0 94.0 150.0 107.0 997.000
2721 446.0 105.0 54.0 36.0 953.000
2721 388.0 94.0 108.0 143.0 813.000
2721 117.0 82.0 383.0 145.0 797.000
2730 135.0 67.0 191.0 206.0 995.000
2730 475.0 140.0 24.0 135.0 975.000
2730 410.0 183.0 43.0 22.0 929.000
2730 116.0 147.0 29.0 59.0 761.000
2735 34.0 52.0 449.0 204.0 999.000
2740 39.0 67.0 411.0 257.0 999.000
2749 4.0 31.0 285.0 429.0 999.000
2749 179.0 4.0 49.0 21.0 967.000
2749 91.0 6.0 43.0 18.0 960.000
2749 51.0 6.0 46.0 21.0 958.000
2749 21.0 7.0 34.0 21.0 935.000
2749 139.0 5.0 38.0 17.0 932.000
2749 224.0 3.0 48.0 19.0 929.000
2749 280.0 1.0 38.0 21.0 924.000
2749 1.0 7.0 23.0 20.0 859.000
2750 1.0 17.0 484.0 322.0 999.000
2756 445.0 106.0 56.0 88.0 996.000
2756 416.0 135.0 31.0 43.0 858.000
2762 260.0 322.0 74.0 167.0 991.000
2767 417.0 202.0 65.0 31.0 991.000
2769 100.0 10.0 340.0 310.0 998.000
2778 102.0 1.0 84.0 18.0 922.000
2803 261.0 91.0 228.0 131.0 997.000
2803 74.0 86.0 252.0 108.0 991.000
2803 1.0 91.0 68.0 64.0 981.000
2803 19.0 84.0 163.0 85.0 970.000
2803 447.0 75.0 54.0 46.0 967.000
2803 282.0 71.0 70.0 37.0 914.000
2803 372.0 79.0 70.0 18.0 806.000
2806 1.0 234.0 19.0 17.0 811.000
2809 284.0 175.0 217.0 157.0 997.000
2813 104.0 125.0 326.0 179.0 999.000
2819 264.0 308.0 91.0 27.0 980.000
2819 51.0 176.0 29.0 21.0 840.000
2821 228.0 419.0 27.0 22.0 717.000
2837 24.0 72.0 402.0 271.0 999.000
2840 60.0 206.0 400.0 127.0 999.000
2842 124.0 100.0 36.0 23.0 871.000
2846 51.0 44.0 104.0 35.0 945.000
2846 320.0 53.0 61.0 36.0 914.000
2846 1.0 77.0 65.0 70.0 865.000
2846 156.0 51.0 84.0 25.0 850.000
2856 16.0 32.0 466.0 270.0 906.000
2857 436.0 151.0 64.0 76.0 983.000
2860 12.0 198.0 165.0 88.0 990.000
2868 66.0 133.0 232.0 129.0 999.000
2871 104.0 107.0 354.0 149.0 999.000
2875 58.0 88.0 240.0 206.0 999.000
2882 64.0 32.0 357.0 284.0 928.000
2892 460.0 205.0 40.0 43.0 994.000
2892 53.0 208.0 58.0 34.0 989.000
2892 100.0 208.0 23.0 21.0 809.000
2892 466.0 194.0 25.0 16.0 772.000
2900 1.0 283.0 90.0 47.0 770.000
2902 12.0 1.0 417.0 193.0 917.000
2904 42.0 176.0 167.0 71.0 998.000
2904 268.0 135.0 221.0 135.0 981.000
2913 154.0 72.0 301.0 193.0 999.000
2913 1.0 109.0 279.0 206.0 996.000
2914 187.0 265.0 19.0 21.0 773.000
2916 49.0 241.0 63.0 49.0 986.000
2916 1.0 249.0 23.0 41.0 974.000
2916 445.0 247.0 55.0 30.0 906.000
2917 473.0 187.0 27.0 52.0 965.000
2933 17.0 124.0 425.0 132.0 999.000
2934 299.0 57.0 36.0 15.0 947.000
2940 64.0 56.0 351.0 241.0 992.000
2940 1.0 144.0 34.0 80.0 984.000
2944 12.0 122.0 468.0 204.0 999.000
2946 316.0 299.0 73.0 32.0 999.000
2946 443.0 310.0 57.0 23.0 988.000
2961 1.0 37.0 374.0 444.0 973.000
2965 79.0 14.0 366.0 249.0 999.000
2973 133.0 150.0 200.0 117.0 999.000
2979 115.0 86.0 243.0 177.0 995.000
2986 77.0 55.0 329.0 282.0 999.000
2993 11.0 37.0 477.0 261.0 999.000
2993 406.0 184.0 81.0 72.0 856.000
2994 28.0 60.0 430.0 289.0 999.000
2994 1.0 31.0 118.0 208.0 979.000
2994 140.0 55.0 50.0 24.0 857.000
2995 4.0 60.0 481.0 315.0 999.000
2998 30.0 295.0 83.0 37.0 713.000
3001 11.0 28.0 276.0 103.0 999.000
3007 215.0 143.0 63.0 44.0 992.000
3007 276.0 140.0 56.0 47.0 983.000
3007 144.0 150.0 92.0 45.0 982.000
3007 137.0 161.0 27.0 39.0 701.000
3018 1.0 99.0 52.0 28.0 773.000
3028 387.0 172.0 44.0 31.0 996.000
3036 272.0 133.0 180.0 194.0 882.000
3041 41.0 264.0 90.0 50.0 998.000
3041 5.0 240.0 42.0 33.0 709.000
3044 162.0 169.0 50.0 77.0 984.000
3044 1.0 146.0 133.0 150.0 959.000
3044 204.0 146.0 122.0 145.0 825.000
3050 198.0 140.0 255.0 120.0 999.000
3050 97.0 144.0 202.0 93.0 996.000
3050 39.0 157.0 137.0 65.0 991.000
3055 101.0 133.0 282.0 101.0 999.000
3065 392.0 176.0 106.0 42.0 998.000
3065 288.0 173.0 81.0 36.0 987.000
3065 342.0 173.0 81.0 38.0 987.000
3065 169.0 168.0 55.0 25.0 966.000
3065 239.0 169.0 80.0 34.0 964.000
3065 222.0 175.0 35.0 19.0 925.000
3065 113.0 171.0 41.0 17.0 901.000
3065 23.0 165.0 42.0 17.0 855.000
3065 238.0 173.0 32.0 25.0 736.000
3065 100.0 168.0 27.0 16.0 722.000
3089 46.0 237.0 270.0 200.0 996.000
3093 2.0 41.0 464.0 304.0 998.000
3093 337.0 63.0 163.0 162.0 965.000
3098 38.0 152.0 102.0 61.0 998.000
3098 382.0 149.0 83.0 57.0 998.000
3098 156.0 154.0 82.0 58.0 997.000
3098 286.0 151.0 66.0 52.0 991.000
3101 38.0 3.0 462.0 372.0 998.000
3105 57.0 70.0 406.0 210.0 998.000
3105 255.0 70.0 246.0 149.0 982.000
3116 51.0 7.0 447.0 323.0 999.000
3116 23.0 115.0 35.0 69.0 971.000
3116 26.0 109.0 71.0 81.0 742.000
3129 34.0 183.0 21.0 17.0 713.000
3136 92.0 227.0 95.0 35.0 997.000
3136 245.0 187.0 164.0 118.0 990.000
3137 10.0 72.0 381.0 253.0 999.000
3137 323.0 71.0 177.0 115.0 999.000
3138 1.0 237.0 34.0 28.0 939.000
3138 7.0 234.0 44.0 20.0 810.000
3140 105.0 93.0 297.0 190.0 998.000
3140 271.0 74.0 16.0 20.0 853.000
3142 64.0 46.0 373.0 251.0 999.000
3142 434.0 90.0 67.0 64.0 959.000
3143 278.0 197.0 55.0 44.0 979.000
3143 265.0 196.0 27.0 23.0 937.000
3143 317.0 199.0 34.0 31.0 848.000
3145 7.0 86.0 455.0 271.0 999.000
3152 354.0 199.0 90.0 33.0 991.000
3152 466.0 204.0 34.0 24.0 990.000
3152 264.0 203.0 82.0 26.0 987.000
3152 151.0 201.0 68.0 26.0 958.000
3152 39.0 209.0 41.0 19.0 946.000
3152 72.0 203.0 36.0 19.0 931.000
3152 99.0 208.0 32.0 18.0 916.000
3152 126.0 207.0 22.0 20.0 910.000
3152 441.0 199.0 39.0 28.0 886.000
3152 252.0 203.0 48.0 19.0 726.000
3162 69.0 16.0 371.0 342.0 996.000
3166 42.0 47.0 386.0 113.0 984.000
3168 2.0 172.0 134.0 69.0 998.000
3168 243.0 178.0 220.0 137.0 997.000
3168 1.0 217.0 23.0 43.0 992.000
3168 74.0 169.0 78.0 30.0 985.000
3168 141.0 165.0 64.0 44.0 984.000
3168 186.0 169.0 22.0 17.0 928.000
3168 241.0 179.0 28.0 25.0 796.000
3174 20.0 38.0 439.0 141.0 999.000
3179 184.0 301.0 189.0 190.0 999.000
3179 1.0 272.0 117.0 228.0 949.000
3187 6.0 145.0 483.0 145.0 999.000
3189 1.0 187.0 115.0 74.0 939.000
3191 226.0 121.0 56.0 34.0 995.000
3191 277.0 124.0 47.0 37.0 957.000
3191 275.0 137.0 80.0 28.0 784.000
3195 118.0 191.0 269.0 105.0 998.000
3197 1.0 179.0 68.0 86.0 997.000
3202 33.0 136.0 444.0 161.0 999.000
3208 1.0 164.0 81.0 63.0 990.000
3208 144.0 172.0 70.0 33.0 704.000
3213 86.0 26.0 357.0 289.0 999.000
3214 385.0 144.0 57.0 29.0 805.000
3219 98.0 130.0 402.0 147.0 999.000
3224 66.0 107.0 383.0 188.0 999.000
3228 78.0 111.0 354.0 181.0 999.000
3237 1.0 307.0 166.0 122.0 999.000
3239 1.0 12.0 98.0 42.0 993.000
3239 324.0 19.0 105.0 51.0 991.000
3260 190.0 163.0 82.0 38.0 904.000
3268 80.0 208.0 25.0 20.0 993.000
3268 108.0 208.0 19.0 20.0 969.000
3268 134.0 212.0 20.0 18.0 960.000
3272 3.0 1.0 483.0 310.0 999.000
3293 146.0 220.0 301.0 118.0 999.000
3302 56.0 142.0 38.0 17.0 871.000
3303 43.0 101.0 442.0 243.0 999.000
3309 235.0 81.0 19.0 17.0 744.000
3316 58.0 143.0 393.0 181.0 999.000
3321 306.0 76.0 194.0 110.0 999.000
3321 60.0 92.0 222.0 128.0 997.000
3321 303.0 82.0 99.0 63.0 842.000
3328 286.0 270.0 47.0 21.0 845.000
3331 303.0 157.0 52.0 37.0 998.000
3331 126.0 188.0 77.0 47.0 997.000
3335 111.0 126.0 334.0 163.0 999.000
3335 113.0 12.0 322.0 130.0 962.000
3335 286.0 52.0 141.0 87.0 794.000
3339 1.0 22.0 414.0 327.0 996.000
3339 377.0 103.0 123.0 42.0 983.000
3339 364.0 96.0 136.0 105.0 968.000
3339 232.0 70.0 268.0 164.0 783.000
3341 72.0 149.0 294.0 168.0 999.000
3347 44.0 99.0 386.0 214.0 999.000
3350 46.0 29.0 450.0 272.0 999.000
3352 61.0 60.0 331.0 263.0 999.000
3352 1.0 68.0 53.0 101.0 980.000
3352 341.0 15.0 159.0 208.0 977.000
3352 112.0 35.0 104.0 43.0 827.000
3352 309.0 54.0 56.0 48.0 712.000
3353 210.0 359.0 58.0 15.0 947.000
3365 21.0 72.0 462.0 241.0 999.000
3365 1.0 143.0 28.0 114.0 807.000
3368 273.0 187.0 212.0 121.0 999.000
3379 265.0 160.0 34.0 32.0 819.000
3396 30.0 43.0 459.0 284.0 999.000
3397 2.0 10.0 373.0 448.0 999.000
3397 314.0 26.0 56.0 54.0 979.000
3410 112.0 90.0 353.0 188.0 702.000
3414 13.0 47.0 481.0 270.0 999.000
3425 51.0 323.0 284.0 98.0 999.000
3431 7.0 174.0 98.0 54.0 995.000
3431 169.0 173.0 46.0 25.0 981.000
3431 355.0 205.0 143.0 162.0 938.000
3431 273.0 173.0 111.0 57.0 889.000
3431 212.0 169.0 29.0 17.0 771.000
3444 15.0 129.0 453.0 194.0 999.000
3444 368.0 127.0 69.0 25.0 985.000
3444 323.0 122.0 44.0 19.0 964.000
3451 72.0 295.0 290.0 106.0 997.000
3451 261.0 295.0 114.0 82.0 943.000
3453 390.0 182.0 90.0 49.0 997.000
3466 25.0 68.0 373.0 186.0 999.000
3467 366.0 210.0 32.0 16.0 827.000
3467 349.0 215.0 57.0 18.0 733.000
3471 215.0 138.0 227.0 200.0 999.000
3472 35.0 182.0 52.0 41.0 814.000
3476 21.0 57.0 398.0 291.0 999.000
3477 104.0 98.0 316.0 136.0 999.000
3486 7.0 68.0 493.0 312.0 991.000
3486 1.0 66.0 140.0 241.0 776.000
3497 8.0 54.0 489.0 304.0 998.000
3504 244.0 190.0 26.0 26.0 975.000
3504 6.0 225.0 494.0 142.0 959.000
3504 147.0 191.0 29.0 17.0 950.000
3504 369.0 193.0 19.0 19.0 856.000
3506 435.0 129.0 58.0 30.0 878.000
3519 87.0 143.0 329.0 102.0 999.000
3519 341.0 119.0 56.0 27.0 977.000
3522 332.0 108.0 44.0 38.0 865.000
3522 404.0 105.0 45.0 36.0 849.000
3522 330.0 104.0 113.0 45.0 811.000
3526 1.0 85.0 136.0 93.0 982.000
3534 21.0 124.0 439.0 116.0 999.000
3543 282.0 237.0 49.0 27.0 971.000
3549 65.0 190.0 414.0 238.0 999.000
3549 4.0 139.0 32.0 29.0 809.000
3549 327.0 211.0 52.0 45.0 719.000
3552 128.0 63.0 25.0 16.0 774.000
3583 1.0 178.0 43.0 86.0 992.000
3583 5.0 168.0 58.0 58.0 852.000
3584 2.0 63.0 494.0 312.0 999.000
3584 184.0 88.0 310.0 182.0 970.000
3590 1.0 1.0 499.0 340.0 721.000
3599 46.0 122.0 448.0 141.0 999.000
3601 44.0 247.0 39.0 29.0 996.000
3602 17.0 56.0 285.0 319.0 998.000
3602 414.0 167.0 86.0 176.0 960.000
3602 1.0 203.0 28.0 102.0 929.000
3603 4.0 138.0 165.0 156.0 998.000
3603 198.0 139.0 126.0 150.0 998.000
3603 359.0 164.0 125.0 125.0 997.000
3603 1.0 144.0 26.0 90.0 798.000
3606 23.0 12.0 471.0 221.0 999.000
3612 99.0 168.0 235.0 322.0 997.000
3632 235.0 260.0 49.0 45.0 986.000
3632 204.0 259.0 42.0 40.0 977.000
3632 346.0 269.0 64.0 24.0 966.000
3632 193.0 270.0 18.0 16.0 750.000
3634 77.0 86.0 300.0 214.0 999.000
3634 246.0 33.0 153.0 117.0 997.000
3639 331.0 335.0 44.0 151.0 802.000
3647 53.0 13.0 394.0 330.0 998.000
3647 3.0 110.0 76.0 47.0 981.000
3649 1.0 66.0 471.0 275.0 999.000
3649 335.0 45.0 163.0 68.0 990.000
3649 341.0 55.0 159.0 187.0 953.000
3649 452.0 45.0 48.0 24.0 808.000
3649 6.0 70.0 192.0 73.0 794.000
3653 310.0 84.0 77.0 81.0 997.000
3653 169.0 93.0 96.0 51.0 996.000
3653 269.0 99.0 73.0 43.0 981.000
3661 25.0 55.0 476.0 258.0 999.000
3668 28.0 83.0 439.0 248.0 999.000
3674 452.0 231.0 48.0 95.0 987.000
3682 225.0 151.0 108.0 76.0 999.000
3682 22.0 135.0 131.0 52.0 996.000
3685 26.0 227.0 280.0 248.0 999.000
3692 117.0 142.0 94.0 30.0 736.000
3694 88.0 181.0 133.0 56.0 940.000
3698 17.0 43.0 439.0 308.0 999.000
3707 5.0 1.0 419.0 374.0 998.000
3707 349.0 5.0 148.0 163.0 996.000
3714 29.0 123.0 57.0 36.0 906.000
3717 15.0 12.0 449.0 281.0 928.000
3721 1.0 189.0 49.0 47.0 998.000
3721 46.0 187.0 111.0 54.0 996.000
3721 160.0 186.0 47.0 41.0 984.000
3721 216.0 192.0 28.0 17.0 794.000
3724 419.0 271.0 81.0 83.0 994.000
3729 201.0 234.0 100.0 60.0 997.000
3729 118.0 230.0 110.0 55.0 990.000
3729 458.0 228.0 38.0 68.0 989.000
3729 309.0 228.0 47.0 31.0 983.000
3729 7.0 222.0 100.0 54.0 977.000
3729 42.0 228.0 112.0 53.0 977.000
3729 260.0 223.0 61.0 24.0 957.000
3729 1.0 228.0 56.0 42.0 921.000
3729 1.0 227.0 44.0 21.0 798.000
3731 16.0 1.0 477.0 334.0 997.000
3746 7.0 63.0 473.0 260.0 999.000
3750 42.0 23.0 448.0 338.0 999.000
3750 1.0 4.0 155.0 173.0 919.000
3757 370.0 275.0 38.0 16.0 970.000
3757 305.0 275.0 31.0 18.0 820.000
3764 124.0 153.0 178.0 135.0 992.000
3765 302.0 242.0 32.0 46.0 975.000
3765 1.0 125.0 44.0 321.0 928.000
3777 344.0 196.0 31.0 22.0 732.000
3778 23.0 68.0 413.0 277.0 999.000
3780 87.0 83.0 345.0 187.0 999.000
3780 4.0 84.0 129.0 152.0 994.000
3787 2.0 266.0 46.0 29.0 937.000
3788 117.0 145.0 49.0 23.0 930.000
3788 66.0 141.0 49.0 19.0 885.000
3788 445.0 150.0 31.0 25.0 786.000
3796 168.0 81.0 102.0 47.0 873.000
3804 156.0 147.0 223.0 72.0 999.000
3804 423.0 144.0 77.0 64.0 997.000
3807 147.0 237.0 52.0 22.0 956.000
3807 9.0 239.0 71.0 24.0 895.000
3807 102.0 239.0 36.0 21.0 750.000
3812 463.0 125.0 37.0 32.0 973.000
3813 152.0 107.0 290.0 250.0 999.000
3817 256.0 182.0 179.0 92.0 999.000
3817 2.0 183.0 112.0 72.0 998.000
3817 165.0 184.0 119.0 70.0 989.000
3817 93.0 190.0 46.0 47.0 976.000
3824 165.0 132.0 164.0 129.0 955.000
3834 26.0 103.0 255.0 178.0 953.000
3834 280.0 120.0 96.0 95.0 934.000
3834 357.0 143.0 22.0 19.0 728.000
3845 23.0 44.0 462.0 211.0 999.000
3845 2.0 9.0 200.0 84.0 997.000
3845 393.0 26.0 88.0 41.0 995.000
3845 477.0 16.0 24.0 53.0 983.000
3845 337.0 23.0 32.0 19.0 932.000
3847 39.0 12.0 446.0 290.0 999.000
3847 395.0 43.0 105.0 129.0 915.000
3866 76.0 131.0 275.0 195.0 999.000
3867 241.0 181.0 162.0 55.0 999.000
3873 39.0 43.0 432.0 292.0 999.000
3878 1.0 213.0 499.0 162.0 995.000
3878 1.0 142.0 41.0 20.0 993.000
3878 143.0 136.0 42.0 27.0 987.000
3878 88.0 136.0 47.0 31.0 977.000
3878 1.0 176.0 57.0 74.0 945.000
3878 183.0 138.0 30.0 26.0 917.000
3878 38.0 139.0 33.0 25.0 910.000
3878 44.0 134.0 46.0 34.0 840.000
3878 4.0 177.0 155.0 74.0 738.000
3889 248.0 8.0 253.0 140.0 992.000
3889 73.0 27.0 391.0 290.0 985.000
3889 56.0 47.0 215.0 139.0 838.000
3891 7.0 39.0 414.0 266.0 999.000
3900 117.0 30.0 249.0 148.0 997.000
3911 54.0 83.0 386.0 182.0 999.000
3911 418.0 84.0 83.0 94.0 983.000
3922 60.0 61.0 409.0 222.0 999.000
3922 8.0 17.0 223.0 138.0 997.000
3922 315.0 22.0 87.0 35.0 985.000
3922 415.0 30.0 72.0 41.0 985.000
3922 463.0 38.0 36.0 73.0 979.000
3922 284.0 14.0 56.0 36.0 886.000
3922 391.0 27.0 45.0 29.0 846.000
3922 260.0 10.0 38.0 39.0 808.000
3929 89.0 68.0 384.0 253.0 996.000
3940 59.0 122.0 429.0 142.0 999.000
3946 82.0 142.0 401.0 136.0 999.000
3947 322.0 162.0 136.0 37.0 980.000
3947 396.0 172.0 104.0 96.0 976.000
3947 226.0 196.0 259.0 137.0 963.000
3951 398.0 67.0 73.0 50.0 998.000
3951 190.0 46.0 131.0 75.0 997.000
3966 216.0 127.0 126.0 82.0 992.000
3972 28.0 267.0 115.0 76.0 999.000
3973 443.0 3.0 57.0 169.0 854.000
3981 16.0 205.0 120.0 85.0 999.000
3987 94.0 76.0 287.0 157.0 999.000
3989 303.0 367.0 72.0 110.0 999.000
3995 144.0 2.0 176.0 183.0 996.000
3995 253.0 13.0 122.0 320.0 993.000
3995 332.0 1.0 41.0 17.0 934.000
3995 100.0 2.0 34.0 68.0 927.000
3995 118.0 1.0 55.0 93.0 877.000
3995 78.0 1.0 27.0 41.0 792.000
4013 1.0 226.0 35.0 34.0 991.000
4021 1.0 193.0 102.0 36.0 868.000
4021 131.0 202.0 60.0 17.0 820.000
4026 381.0 171.0 84.0 43.0 982.000
4029 12.0 1.0 366.0 135.0 951.000
4029 1.0 1.0 170.0 118.0 790.000
4032 82.0 161.0 392.0 169.0 994.000
4034 90.0 128.0 229.0 182.0 999.000
4036 82.0 144.0 325.0 200.0 999.000
4038 13.0 1.0 461.0 371.0 999.000
4038 471.0 22.0 29.0 47.0 994.000
4039 26.0 110.0 438.0 249.0 999.000
4040 212.0 181.0 137.0 73.0 997.000
4046 95.0 74.0 348.0 261.0 987.000
4046 1.0 81.0 72.0 117.0 863.000
4046 39.0 94.0 32.0 104.0 776.000
4052 2.0 86.0 199.0 278.0 988.000
4053 54.0 245.0 184.0 122.0 995.000
4053 146.0 114.0 223.0 73.0 990.000
4053 253.0 267.0 69.0 49.0 980.000
4053 1.0 176.0 53.0 98.0 934.000
4053 312.0 279.0 49.0 26.0 921.000
4053 1.0 167.0 117.0 97.0 789.000
4071 1.0 16.0 52.0 53.0 994.000
4079 80.0 296.0 33.0 23.0 947.000
4088 20.0 63.0 480.0 312.0 999.000
4088 1.0 80.0 48.0 38.0 946.000
4088 445.0 78.0 55.0 35.0 899.000
4088 16.0 41.0 188.0 160.0 772.000
4091 3.0 187.0 84.0 17.0 844.000
4098 416.0 100.0 75.0 36.0 995.000
4098 303.0 119.0 20.0 43.0 878.000
4104 271.0 23.0 229.0 155.0 998.000
4104 1.0 36.0 114.0 101.0 997.000
4104 107.0 23.0 181.0 102.0 891.000
4105 22.0 208.0 20.0 23.0 783.000
4109 19.0 6.0 481.0 402.0 999.000
4113 358.0 190.0 105.0 34.0 965.000
4116 81.0 91.0 341.0 178.0 999.000
4121 96.0 27.0 273.0 230.0 999.000
4121 402.0 51.0 98.0 56.0 984.000
4121 311.0 48.0 63.0 61.0 915.000
4131 12.0 184.0 153.0 93.0 972.000
4147 143.0 115.0 192.0 72.0 999.000
4147 11.0 75.0 69.0 39.0 969.000
4150 422.0 156.0 31.0 20.0 994.000
4150 38.0 153.0 30.0 29.0 794.000
4154 125.0 89.0 375.0 282.0 987.000
4154 183.0 85.0 94.0 23.0 833.000
4156 36.0 46.0 26.0 23.0 768.000
4156 147.0 42.0 28.0 22.0 716.000
4160 280.0 454.0 78.0 34.0 997.000
4162 91.0 85.0 380.0 189.0 999.000
4166 1.0 103.0 481.0 227.0 998.000
4181 85.0 59.0 415.0 290.0 999.000
4181 1.0 66.0 89.0 157.0 899.000
4181 86.0 86.0 22.0 25.0 709.000
4184 63.0 75.0 385.0 258.0 999.000
4189 111.0 64.0 282.0 158.0 999.000
4192 61.0 244.0 251.0 197.0 999.000
4199 19.0 24.0 472.0 340.0 999.000
4199 257.0 1.0 114.0 60.0 971.000
4199 111.0 15.0 36.0 27.0 840.000
4199 5.0 27.0 24.0 21.0 815.000
4208 308.0 290.0 66.0 34.0 996.000
4208 187.0 284.0 26.0 18.0 990.000
4208 36.0 286.0 36.0 18.0 980.000
4208 344.0 291.0 42.0 28.0 902.000
4208 78.0 279.0 21.0 21.0 890.000
4208 144.0 279.0 25.0 21.0 873.000
4214 450.0 164.0 50.0 61.0 998.000
4214 141.0 115.0 251.0 158.0 994.000
4214 400.0 172.0 60.0 27.0 860.000
4214 393.0 171.0 28.0 34.0 764.000
4216 321.0 12.0 86.0 31.0 962.000
4216 112.0 16.0 33.0 26.0 960.000
4216 3.0 16.0 33.0 25.0 882.000
4219 1.0 162.0 126.0 93.0 997.000
4219 307.0 186.0 92.0 60.0 996.000
4219 474.0 172.0 27.0 17.0 726.000
4228 147.0 148.0 155.0 91.0 999.000
4228 335.0 125.0 104.0 70.0 998.000
4228 104.0 63.0 75.0 54.0 991.000
4228 438.0 61.0 53.0 48.0 982.000
4228 294.0 70.0 76.0 59.0 975.000
4228 186.0 1.0 48.0 21.0 968.000
4228 232.0 35.0 75.0 59.0 962.000
4228 308.0 13.0 44.0 32.0 946.000
4228 330.0 58.0 61.0 56.0 944.000
4228 428.0 39.0 58.0 49.0 939.000
4228 149.0 84.0 95.0 54.0 928.000
4228 396.0 3.0 42.0 24.0 924.000
4228 479.0 21.0 22.0 47.0 886.000
4228 158.0 129.0 100.0 44.0 846.000
4228 434.0 41.0 51.0 20.0 752.000
4228 70.0 1.0 51.0 24.0 721.000
4228 29.0 3.0 60.0 33.0 714.000
4228 256.0 28.0 60.0 38.0 711.000
4240 3.0 145.0 35.0 28.0 725.000
4245 119.0 1.0 125.0 27.0 821.000
4251 73.0 37.0 402.0 303.0 999.000
4251 215.0 5.0 164.0 94.0 989.000
4251 437.0 18.0 62.0 83.0 814.000
4251 466.0 44.0 34.0 70.0 772.000
4256 393.0 186.0 48.0 51.0 961.000
4256 419.0 195.0 82.0 84.0 941.000
4256 388.0 185.0 18.0 19.0 861.000
4269 401.0 175.0 38.0 17.0 871.000
4275 314.0 104.0 75.0 26.0 928.000
4283 51.0 71.0 433.0 239.0 999.000
4289 115.0 140.0 166.0 106.0 999.000
4289 101.0 66.0 55.0 39.0 840.000
4290 233.0 202.0 40.0 25.0 956.000
4290 249.0 209.0 27.0 24.0 718.000
4291 1.0 228.0 54.0 41.0 943.000
4291 37.0 211.0 39.0 38.0 704.000
4297 164.0 121.0 264.0 118.0 999.000
4311 1.0 103.0 497.0 263.0 999.000
4311 390.0 206.0 110.0 146.0 862.000
4312 136.0 75.0 210.0 289.0 994.000
4312 21.0 99.0 129.0 150.0 739.000
4319 59.0 21.0 428.0 301.0 960.000
4319 3.0 86.0 206.0 221.0 811.000
4320 314.0 165.0 35.0 16.0 869.000
4320 31.0 155.0 67.0 31.0 736.000
4320 422.0 161.0 37.0 19.0 723.000
4330 51.0 91.0 437.0 172.0 999.000
4331 25.0 82.0 404.0 188.0 999.000
4335 58.0 60.0 443.0 274.0 999.000
4336 384.0 178.0 117.0 64.0 998.000
4344 292.0 204.0 21.0 16.0 801.000
4345 28.0 58.0 460.0 260.0 997.000
4345 223.0 18.0 274.0 188.0 805.000
4348 81.0 130.0 224.0 125.0 999.000
4351 265.0 85.0 195.0 130.0 999.000
4352 1.0 82.0 283.0 409.0 978.000
4354 85.0 28.0 203.0 145.0 952.000
4354 231.0 12.0 37.0 25.0 712.000
4371 55.0 83.0 370.0 194.0 999.000
4377 19.0 41.0 442.0 330.0 999.000
4377 53.0 58.0 143.0 104.0 855.000
4380 376.0 280.0 124.0 170.0 999.000
4380 8.0 276.0 55.0 37.0 968.000
4380 1.0 275.0 16.0 29.0 872.000
4385 40.0 26.0 458.0 340.0 997.000
4387 22.0 13.0 382.0 280.0 999.000
4387 26.0 13.0 129.0 142.0 970.000
4398 210.0 145.0 114.0 68.0 997.000
4398 131.0 147.0 80.0 67.0 995.000
4398 314.0 143.0 108.0 71.0 994.000
4398 374.0 274.0 126.0 104.0 992.000
4398 455.0 141.0 45.0 32.0 986.000
4398 374.0 121.0 109.0 41.0 900.000
4398 328.0 126.0 55.0 28.0 861.000
4401 87.0 223.0 66.0 69.0 990.000
4401 142.0 95.0 25.0 19.0 986.000
4401 105.0 125.0 39.0 30.0 977.000
4401 90.0 182.0 45.0 48.0 962.000
4401 92.0 150.0 43.0 39.0 960.000
4401 119.0 103.0 32.0 30.0 958.000
4402 41.0 74.0 339.0 172.0 998.000
4433 289.0 189.0 132.0 61.0 999.000
4433 231.0 169.0 30.0 28.0 704.000
4434 188.0 124.0 189.0 70.0 999.000
4440 242.0 152.0 113.0 72.0 999.000
4440 332.0 151.0 24.0 19.0 852.000
4440 20.0 154.0 35.0 17.0 789.000
4440 1.0 156.0 18.0 16.0 755.000
4442 1.0 185.0 493.0 190.0 931.000
4445 113.0 183.0 37.0 29.0 972.000
4445 190.0 84.0 20.0 18.0 972.000
4445 171.0 151.0 33.0 33.0 969.000
4445 202.0 92.0 23.0 17.0 963.000
4445 29.0 176.0 45.0 41.0 958.000
4445 195.0 176.0 37.0 32.0 957.000
4445 249.0 157.0 33.0 29.0 950.000
4445 199.0 204.0 52.0 38.0 933.000
4445 226.0 98.0 25.0 16.0 926.000
4445 107.0 214.0 46.0 26.0 875.000
4445 89.0 130.0 26.0 21.0 810.000
4445 106.0 145.0 29.0 24.0 800.000
4445 107.0 115.0 21.0 19.0 734.000
4445 172.0 71.0 31.0 25.0 727.000
4447 283.0 294.0 51.0 82.0 994.000
4471 1.0 1.0 480.0 480.0 931.000
4482 337.0 134.0 37.0 75.0 930.000
4486 289.0 36.0 36.0 20.0 968.000
4495 49.0 50.0 361.0 269.0 999.000
4495 387.0 53.0 94.0 65.0 804.000
4499 1.0 214.0 18.0 16.0 806.000
4499 413.0 232.0 29.0 20.0 714.000
4501 6.0 343.0 131.0 65.0 985.000
4501 270.0 330.0 94.0 38.0 972.000
4501 124.0 338.0 115.0 48.0 971.000
4501 1.0 362.0 70.0 53.0 968.000
4501 199.0 334.0 114.0 39.0 966.000
4501 331.0 332.0 43.0 26.0 935.000
4501 78.0 340.0 117.0 54.0 932.000
4501 353.0 332.0 21.0 20.0 837.000
4501 1.0 341.0 73.0 30.0 736.000
4501 256.0 341.0 56.0 31.0 714.000
4510 211.0 106.0 254.0 184.0 999.000
4521 56.0 63.0 413.0 216.0 999.000
4521 1.0 5.0 160.0 189.0 931.000
4525 460.0 135.0 41.0 51.0 947.000
4526 79.0 69.0 377.0 246.0 999.000
4532 400.0 170.0 33.0 61.0 991.000
4535 13.0 33.0 318.0 145.0 997.000
4544 457.0 175.0 35.0 20.0 966.000
4544 484.0 182.0 17.0 24.0 750.000
4547 155.0 171.0 290.0 127.0 999.000
4547 277.0 127.0 109.0 56.0 859.000
4549 128.0 293.0 71.0 41.0 998.000
4549 217.0 307.0 76.0 32.0 936.000
4551 149.0 182.0 109.0 35.0 913.000
4555 430.0 202.0 17.0 16.0 955.000
4555 433.0 206.0 35.0 21.0 803.000
4555 393.0 203.0 67.0 33.0 742.000
4559 7.0 11.0 494.0 316.0 812.000
4564 200.0 93.0 288.0 234.0 999.000
4567 41.0 78.0 258.0 114.0 999.000
4567 162.0 131.0 335.0 244.0 999.000
4567 298.0 76.0 86.0 30.0 995.000
4567 409.0 78.0 60.0 18.0 987.000
4567 203.0 71.0 55.0 18.0 960.000
4567 63.0 81.0 19.0 18.0 900.000
4577 23.0 21.0 466.0 330.0 999.000
4577 431.0 10.0 69.0 106.0 921.000
4583 101.0 160.0 286.0 163.0 997.000
4586 133.0 132.0 321.0 119.0 999.000
4586 92.0 16.0 402.0 269.0 745.000
4588 207.0 221.0 128.0 75.0 996.000
4607 138.0 143.0 108.0 28.0 957.000
4608 108.0 98.0 294.0 229.0 999.000
4615 275.0 313.0 21.0 16.0 961.000
4615 456.0 279.0 24.0 19.0 790.000
4619 70.0 1.0 417.0 324.0 706.000
4621 200.0 245.0 96.0 38.0 996.000
4621 483.0 265.0 17.0 26.0 979.000
4621 321.0 240.0 87.0 29.0 975.000
4621 28.0 235.0 43.0 19.0 963.000
4621 26.0 235.0 22.0 17.0 729.000
4627 48.0 252.0 425.0 123.0 988.000
4635 46.0 129.0 419.0 182.0 999.000
4645 31.0 59.0 435.0 226.0 999.000
4646 1.0 224.0 47.0 54.0 996.000
4646 34.0 217.0 59.0 47.0 994.000
4646 73.0 210.0 57.0 48.0 991.000
4646 154.0 195.0 49.0 46.0 983.000
4646 135.0 207.0 46.0 36.0 962.000
4646 120.0 213.0 27.0 37.0 848.000
4646 146.0 215.0 22.0 31.0 814.000
4646 387.0 187.0 20.0 17.0 791.000
4650 97.0 144.0 189.0 67.0 999.000
4653 13.0 76.0 463.0 230.0 999.000
4662 189.0 124.0 254.0 189.0 999.000
4671 1.0 108.0 362.0 235.0 999.000
4671 394.0 114.0 63.0 33.0 936.000
4674 22.0 1.0 461.0 346.0 999.000
4674 6.0 3.0 240.0 104.0 985.000
4676 2.0 295.0 56.0 80.0 997.000
4676 276.0 309.0 47.0 41.0 994.000
4676 72.0 305.0 74.0 55.0 994.000
4676 165.0 297.0 96.0 74.0 992.000
4676 54.0 300.0 45.0 42.0 924.000
4676 36.0 304.0 29.0 34.0 876.000
4676 261.0 317.0 17.0 18.0 858.000
4676 254.0 315.0 19.0 16.0 858.000
4676 141.0 308.0 36.0 27.0 837.000
4678 176.0 257.0 35.0 16.0 968.000
4678 391.0 251.0 54.0 18.0 940.000
4678 214.0 244.0 128.0 34.0 725.000
4682 138.0 420.0 128.0 77.0 997.000
4682 35.0 452.0 51.0 26.0 966.000
4682 54.0 462.0 33.0 16.0 948.000
4682 33.0 455.0 24.0 17.0 859.000
4686 37.0 113.0 137.0 60.0 961.000
4693 180.0 198.0 204.0 105.0 999.000
4694 6.0 26.0 452.0 303.0 999.000
4696 5.0 50.0 469.0 325.0 999.000
4714 11.0 77.0 490.0 252.0 999.000
4722 110.0 63.0 371.0 187.0 999.000
4739 38.0 266.0 71.0 30.0 997.000
4739 121.0 267.0 48.0 17.0 989.000
4739 281.0 245.0 36.0 24.0 939.000
4742 46.0 62.0 446.0 296.0 999.000
4753 109.0 193.0 42.0 17.0 859.000
4756 73.0 167.0 133.0 52.0 970.000
4756 265.0 166.0 138.0 85.0 962.000
4756 209.0 174.0 76.0 43.0 959.000
4756 1.0 189.0 29.0 27.0 882.000
4766 46.0 13.0 104.0 50.0 798.000
4767 6.0 71.0 494.0 236.0 999.000
4767 8.0 144.0 88.0 58.0 914.000
4769 169.0 172.0 220.0 101.0 999.000
4772 66.0 42.0 335.0 243.0 926.000
4773 118.0 179.0 104.0 74.0 991.000
4795 340.0 210.0 25.0 21.0 937.000
4795 202.0 308.0 53.0 34.0 805.000
4800 5.0 4.0 312.0 285.0 999.000
4812 90.0 39.0 411.0 236.0 999.000
4814 33.0 92.0 392.0 248.0 999.000
4814 2.0 109.0 80.0 160.0 993.000
4816 69.0 170.0 19.0 20.0 988.000
4816 3.0 171.0 19.0 21.0 942.000
4817 106.0 12.0 221.0 132.0 996.000
4817 43.0 86.0 362.0 283.0 996.000
4820 178.0 306.0 97.0 40.0 998.000
4820 331.0 301.0 85.0 50.0 996.000
4820 261.0 304.0 86.0 47.0 996.000
4823 84.0 132.0 228.0 91.0 999.000
4824 303.0 186.0 48.0 29.0 955.000
4825 242.0 1.0 147.0 39.0 989.000
4825 441.0 2.0 59.0 42.0 746.000
4832 3.0 54.0 476.0 315.0 999.000
4832 2.0 17.0 100.0 104.0 981.000
4832 386.0 26.0 108.0 62.0 968.000
4832 70.0 24.0 104.0 27.0 965.000
4832 298.0 32.0 24.0 16.0 782.000
4832 440.0 36.0 60.0 55.0 752.000
4834 238.0 284.0 26.0 25.0 723.000
4840 175.0 150.0 131.0 87.0 999.000
4848 8.0 68.0 464.0 175.0 999.000
4855 67.0 271.0 337.0 101.0 999.000
4858 343.0 189.0 94.0 40.0 997.000
4858 8.0 192.0 67.0 65.0 991.000
4858 450.0 194.0 50.0 34.0 967.000
4858 190.0 174.0 101.0 61.0 720.000
4859 97.0 187.0 223.0 141.0 999.000
4859 362.0 174.0 129.0 128.0 990.000
4873 28.0 134.0 359.0 193.0 982.000
4874 33.0 201.0 75.0 32.0 987.000
4874 100.0 194.0 28.0 38.0 926.000
4874 395.0 206.0 17.0 26.0 854.000
4882 28.0 114.0 416.0 145.0 999.000
4885 465.0 164.0 36.0 48.0 995.000
4886 253.0 288.0 45.0 35.0 983.000
4886 284.0 285.0 27.0 34.0 977.000
4886 213.0 285.0 35.0 52.0 965.000
4886 389.0 281.0 20.0 19.0 928.000
4886 324.0 272.0 62.0 46.0 905.000
4886 444.0 268.0 53.0 62.0 904.000
4886 384.0 278.0 16.0 20.0 856.000
4886 314.0 286.0 49.0 33.0 822.000
4894 201.0 119.0 95.0 73.0 998.000
4895 85.0 178.0 177.0 66.0 999.000
4899 112.0 242.0 82.0 57.0 998.000
4899 1.0 250.0 75.0 74.0 997.000
4899 381.0 241.0 113.0 87.0 997.000
4902 1.0 143.0 97.0 126.0 712.000
4905 168.0 130.0 289.0 126.0 999.000
4908 22.0 103.0 466.0 153.0 999.000
4916 64.0 119.0 266.0 180.0 998.000
4916 1.0 104.0 72.0 75.0 994.000
4916 301.0 110.0 123.0 88.0 993.000
4916 185.0 109.0 87.0 29.0 912.000
4919 1.0 79.0 37.0 20.0 987.000
4919 30.0 79.0 51.0 18.0 945.000
4919 59.0 78.0 24.0 21.0 867.000
4933 75.0 149.0 358.0 118.0 999.000
4943 202.0 112.0 120.0 93.0 998.000
