000011 0.849 141.9 55.0 247.0 130.1
000011 0.816 136.2 107.7 315.6 295.5
000028 0.998 13.9 44.1 375.5 498.3
000049 0.999 182.8 127.7 351.3 231.8
000053 0.991 54.2 19.4 431.7 266.4
000092 0.999 34.9 63.3 403.3 340.4
000092 0.716 239.8 62.0 409.0 226.3
000098 0.996 67.0 56.8 324.9 161.1
000114 0.993 169.8 72.3 389.9 351.8
000114 0.885 212.5 224.8 425.2 369.4
000119 0.999 100.4 91.8 302.4 338.6
000136 0.995 329.6 202.2 396.7 266.6
000157 0.983 128.2 159.3 367.5 222.9
000160 0.846 262.4 281.9 304.3 321.6
000213 0.994 111.5 60.8 293.2 275.4
000227 0.983 199.0 127.0 454.0 339.3
000292 0.974 92.8 1.0 447.1 309.2
000365 0.987 116.1 123.9 287.8 391.1
000401 0.998 188.5 146.8 481.1 364.8
000401 0.986 1.0 113.6 195.4 256.3
000442 0.999 12.3 1.2 485.6 370.7
000452 0.970 139.3 121.2 281.8 218.1
000475 0.864 362.4 241.2 442.5 300.1
000517 0.876 186.5 108.4 336.2 317.0
000542 1.000 11.3 1.7 500.5 363.5
000546 0.733 11.3 136.5 287.7 369.2
000638 0.998 1.0 9.6 347.9 286.3
000658 0.919 389.5 301.5 496.6 342.3
000673 0.909 18.9 19.0 463.4 307.0
000701 0.743 85.3 57.0 484.6 295.3
000741 0.986 27.0 73.7 395.5 348.0
000741 0.723 246.7 32.5 418.7 241.8
000803 0.988 110.8 86.0 255.4 257.7
000877 0.999 166.6 103.8 302.6 285.7
000928 0.995 259.9 120.3 446.9 260.5
000928 0.991 6.7 82.8 207.5 219.3
000998 0.999 3.6 104.9 323.1 490.1
001006 0.729 291.7 280.4 374.1 332.0
001019 0.990 26.5 7.2 373.8 426.2
001032 0.998 95.4 8.8 496.0 361.6
001048 0.992 170.2 86.7 371.2 244.9
001075 0.994 54.0 160.4 111.2 277.8
001098 0.999 34.8 15.6 360.5 478.4
001128 0.971 1.0 79.3 324.3 301.8
001128 0.895 271.4 74.1 391.1 160.6
001132 0.984 35.5 90.3 382.8 275.1
001173 0.964 299.4 47.9 486.4 286.2
001190 0.984 175.9 160.9 268.2 194.5
001190 0.818 161.0 182.1 405.8 360.1
001208 0.965 279.0 15.3 484.4 253.5
001216 0.997 311.1 61.2 380.0 162.1
001216 0.975 113.0 134.0 197.0 226.7
001216 0.851 3.3 92.2 65.1 238.2
001228 0.957 207.8 196.5 301.4 336.2
001249 0.977 8.3 349.9 294.7 473.8
001249 0.929 216.9 312.3 358.6 443.7
001313 0.934 158.2 22.1 294.4 190.0
001313 0.820 36.4 38.6 272.5 458.7
001381 0.999 92.0 25.7 483.1 331.4
001389 0.999 212.7 159.1 463.0 344.5
001392 0.996 126.5 70.8 480.0 333.0
001401 0.998 117.5 121.0 434.5 282.5
001428 0.999 154.4 195.0 409.7 339.9
001462 0.944 217.0 166.1 284.7 249.5
001462 0.787 114.2 161.9 324.7 270.6
001520 0.999 1.0 109.0 463.5 325.6
001542 0.999 10.5 98.5 432.2 296.6
001573 1.000 176.1 99.8 330.3 275.0
001592 0.999 232.7 24.0 494.5 218.3
001592 0.998 1.0 36.4 239.4 237.7
001663 0.998 67.4 43.9 471.8 341.1
001671 0.818 203.6 142.4 251.0 213.0
001694 0.998 119.9 23.7 466.3 284.4
001702 1.000 1.0 67.5 410.8 371.5
001702 0.779 253.3 131.3 473.7 375.5
001731 0.813 235.7 88.6 313.4 121.0
001751 0.726 162.4 59.4 500.5 319.6
001762 0.999 131.5 70.3 375.9 288.8
001763 0.993 290.3 106.0 500.5 371.1
001774 0.998 35.0 71.3 500.5 278.3
001790 0.998 87.5 20.1 323.9 434.1
001824 0.922 219.6 161.7 494.6 370.6
001835 0.981 30.4 90.2 295.1 369.7
001874 0.998 12.9 57.6 243.5 496.6
001890 0.999 75.0 53.2 463.5 311.7
001909 0.998 45.7 1.4 494.4 331.8
001966 0.998 1.0 33.0 112.3 296.1
001966 0.997 351.7 60.1 500.5 371.1
002003 0.989 30.5 1.0 496.5 363.3
002013 0.702 417.6 160.5 485.1 270.3
002038 0.983 120.7 412.1 238.3 451.8
002048 0.998 111.7 119.3 389.0 246.7
002059 0.999 9.9 94.6 440.4 375.1
002084 1.000 1.0 16.4 327.0 375.5
002106 1.000 5.9 1.3 351.2 495.5
002113 1.000 33.7 1.0 356.7 489.0
002147 0.999 66.3 16.0 499.7 317.9
002162 0.999 82.1 72.2 442.1 306.8
002167 0.999 67.5 154.1 182.8 327.8
002205 0.975 55.4 1.0 493.0 357.4
002222 0.999 6.4 17.9 323.4 330.6
002254 0.914 3.1 272.0 68.7 314.2
002254 0.727 14.2 267.4 98.3 338.5
002275 0.999 8.2 4.5 381.3 407.3
002303 0.973 88.4 29.3 486.7 325.6
002304 0.998 38.3 53.8 495.3 320.6
002312 0.997 8.4 27.9 476.5 261.7
002388 0.995 132.9 9.0 471.9 316.3
002430 0.988 56.3 24.5 351.0 372.7
002440 0.999 47.3 40.0 283.6 496.4
002453 0.999 6.8 32.8 259.8 203.2
002453 0.998 267.1 38.7 487.0 198.9
002485 0.889 280.7 173.3 500.5 374.5
002552 0.996 100.0 241.9 168.7 348.0
002597 0.992 75.3 171.6 411.0 365.0
002616 1.000 6.1 7.7 404.0 249.2
002620 0.959 38.5 232.2 284.5 429.9
002642 0.997 55.8 138.1 229.0 388.1
002694 0.938 301.5 92.7 451.6 279.3
002694 0.833 25.0 29.3 439.0 313.1
002736 0.998 27.7 61.1 375.5 471.5
002740 0.999 57.0 123.4 297.0 297.8
002787 0.989 142.3 163.9 426.7 370.8
002787 0.983 93.6 69.1 249.8 268.9
002805 0.922 216.6 189.3 419.4 374.7
002926 0.886 232.5 49.3 337.6 136.9
002926 0.761 113.1 127.7 279.1 224.1
002936 0.996 27.7 5.5 451.3 316.2
002959 0.999 120.9 291.1 295.5 401.2
002970 0.998 1.0 67.1 441.4 374.8
002980 0.795 55.2 29.6 482.2 496.3
003019 0.997 21.9 20.8 498.2 350.2
003080 0.998 4.2 94.1 371.3 320.6
003119 0.980 1.0 39.2 444.6 400.4
003152 0.720 1.0 75.7 189.6 197.8
003166 1.000 7.9 61.6 500.5 362.1
003198 0.995 118.2 28.1 495.9 104.9
003227 0.999 60.0 14.8 500.5 373.0
003238 0.997 64.8 73.9 449.0 399.9
003287 1.000 2.8 8.1 317.1 247.1
003319 0.997 8.3 56.3 237.0 293.1
003352 0.938 8.8 143.2 184.4 430.4
003371 0.992 277.7 90.9 500.1 369.0
003371 0.919 1.0 26.8 297.3 302.8
003427 0.906 224.2 91.0 486.9 370.9
003479 0.939 2.3 3.2 107.8 164.5
003480 0.997 1.0 9.2 483.0 356.6
003504 0.991 3.2 42.3 480.2 367.8
003540 0.978 13.3 21.3 261.2 203.5
003540 0.882 63.8 1.0 285.6 100.4
003560 0.954 94.3 70.1 441.2 338.3
003615 0.997 127.8 86.5 403.6 324.7
003647 0.998 205.5 41.2 420.9 369.1
003647 0.991 75.8 59.8 268.9 310.5
003724 0.999 91.2 125.2 346.5 275.3
003747 0.870 118.9 145.9 194.1 226.5
003778 0.997 52.1 70.1 433.1 450.2
003782 0.997 48.3 23.9 468.9 307.9
003812 0.970 199.3 73.0 384.4 269.9
003813 0.981 44.0 15.0 445.8 333.5
003816 0.978 276.8 74.1 457.7 235.3
003880 1.000 205.4 27.1 447.8 310.9
003906 0.996 142.9 2.3 378.5 319.2
003925 0.995 18.8 29.2 266.6 235.8
004029 0.997 444.6 45.7 485.8 120.4
004029 0.904 14.2 51.0 57.0 114.6
004044 0.994 101.7 97.3 367.8 365.6
004048 1.000 1.0 1.0 380.4 365.0
004114 0.999 1.0 139.4 402.3 324.1
004116 0.986 170.7 58.8 360.0 281.0
004130 0.903 52.4 91.3 394.8 312.3
004161 1.000 31.3 2.8 374.8 494.6
004165 1.000 116.6 5.2 414.0 313.3
004188 0.996 205.4 5.4 495.8 367.3
004226 0.845 179.7 83.2 323.6 343.9
004252 0.998 157.6 233.3 315.6 374.8
004308 0.999 39.8 119.2 291.8 396.6
004316 0.999 87.5 117.1 287.9 286.7
004353 0.992 42.7 2.1 490.6 329.2
004427 0.999 99.8 32.0 272.1 347.3
004444 0.999 27.1 19.4 409.2 322.8
004465 0.707 214.7 209.9 360.0 330.7
004467 0.999 169.7 42.0 401.2 305.7
004489 0.994 95.3 16.6 314.9 310.5
004492 0.808 51.2 30.9 345.6 369.7
004504 0.999 2.3 68.4 208.1 317.8
004511 0.951 5.7 1.9 240.8 231.3
004515 0.996 52.2 110.5 341.5 350.5
004577 0.998 95.2 76.0 428.8 278.7
004658 0.990 134.3 164.3 192.7 295.6
004677 0.937 150.6 197.4 214.4 296.0
004700 0.956 109.4 226.0 256.9 369.3
004704 0.965 60.4 42.1 263.5 108.6
004720 0.999 241.9 145.3 317.7 224.8
004736 0.998 108.3 46.3 290.3 479.9
004736 0.923 90.4 404.7 234.2 472.2
004759 1.000 4.0 1.0 500.5 341.6
004809 0.999 71.6 6.1 321.4 334.7
004845 1.000 1.0 1.5 354.1 326.3
004851 0.992 52.9 32.4 500.5 357.4
004888 0.999 207.9 187.6 353.8 398.6
004888 0.998 96.3 186.8 203.3 382.2
004934 0.965 214.3 18.2 460.8 327.2
004934 0.881 384.2 16.4 500.5 322.3
004975 0.999 23.1 137.3 361.2 434.6
005038 0.997 121.0 141.0 403.1 299.8
005089 1.000 43.5 61.3 244.9 229.7
005109 0.998 1.0 3.9 452.6 350.5
005118 0.981 7.8 130.4 273.0 314.1
005149 0.835 180.4 100.4 500.5 326.7
005149 0.741 207.0 3.3 338.6 151.9
005155 0.999 1.0 2.1 431.5 375.2
005194 0.861 217.3 294.6 440.7 478.5
005196 0.965 9.4 177.5 168.7 299.1
005200 0.999 89.6 23.2 441.6 141.5
005201 0.999 20.8 47.1 485.1 333.1
005228 0.998 290.6 99.4 493.2 212.1
005255 0.986 194.9 240.1 246.1 292.5
005300 0.999 220.7 35.5 349.9 251.0
005309 1.000 1.0 15.1 446.2 307.4
005317 0.999 39.1 32.7 484.0 358.1
005356 0.962 44.4 181.1 258.7 370.4
005415 0.892 327.0 236.8 459.5 291.7
005444 0.995 98.5 92.7 392.9 363.9
005452 0.839 169.8 124.0 343.7 230.1
005460 0.989 29.1 36.8 490.0 358.8
005462 0.997 13.5 43.8 319.2 418.4
005474 0.999 84.8 68.8 345.6 285.1
005538 0.996 48.5 278.4 163.3 411.8
005538 0.992 105.3 183.7 273.4 278.7
005543 0.990 206.7 114.6 309.0 349.0
005562 0.998 7.0 4.7 478.2 342.1
005580 0.901 20.0 57.6 302.7 369.4
005581 0.995 180.2 154.2 234.2 225.1
005581 0.962 107.1 172.3 137.0 226.2
005607 0.993 189.3 123.5 340.3 260.3
005646 0.999 196.3 167.1 326.4 238.1
005646 0.982 4.0 166.1 156.6 249.0
005646 0.879 354.4 183.7 500.5 237.0
005688 0.973 89.5 75.3 401.5 331.2
005820 0.988 40.3 19.4 488.7 309.3
005832 0.997 205.6 147.5 350.4 250.3
005832 0.994 9.6 137.6 228.2 269.8
005872 0.997 49.6 75.0 405.6 341.2
005936 0.999 59.2 71.9 419.9 254.5
005939 0.992 191.6 145.4 304.6 279.5
005949 1.000 25.4 17.6 484.3 328.9
005957 0.971 95.8 23.7 443.5 349.0
005962 1.000 4.2 76.6 304.6 323.1
005977 0.987 1.0 77.0 415.1 354.8
006052 0.995 135.6 56.3 473.6 357.6
006063 0.997 49.4 85.2 323.7 317.1
006064 0.998 38.1 4.5 499.1 352.1
006080 1.000 14.9 1.0 475.0 500.3
006090 0.996 87.7 75.5 373.6 500.5
006090 0.779 1.0 294.9 169.2 393.9
006114 0.993 199.2 240.8 372.3 493.3
006144 0.993 72.1 104.0 262.7 491.4
006211 0.958 148.9 238.6 206.2 281.9
006253 0.993 322.9 107.2 452.5 261.6
006266 0.857 117.4 142.5 229.9 257.2
006280 0.999 289.7 97.7 434.2 234.7
006303 0.999 103.3 140.9 315.8 352.8
006336 1.000 1.0 2.5 372.6 448.6
006394 0.998 36.1 46.8 322.8 466.5
006439 0.988 68.5 18.7 364.3 398.7
006451 0.992 2.9 61.1 295.4 256.0
006494 0.999 5.2 88.6 294.5 491.6
006498 1.000 1.0 49.1 269.2 498.6
006558 1.000 1.0 100.3 340.5 340.0
006596 0.995 39.0 119.0 496.2 364.4
006596 0.989 212.6 95.2 451.1 208.5
006641 1.000 1.0 2.1 412.8 369.8
006675 1.000 58.3 112.5 460.2 237.2
006688 0.999 91.0 54.7 500.5 291.2
006774 0.996 42.4 119.6 436.6 286.2
006801 0.999 79.8 124.8 477.5 312.2
006818 0.991 218.6 142.8 470.5 289.5
006820 0.992 27.3 18.6 500.5 375.5
006871 1.000 161.0 65.2 500.5 329.0
006894 0.999 241.3 37.2 500.5 341.7
006895 0.746 110.7 220.2 175.5 271.7
006902 0.949 124.5 93.3 339.0 295.7
006960 0.968 118.1 62.7 406.5 349.3
006960 0.915 34.2 147.5 303.0 349.0
006979 1.000 44.0 25.4 411.7 497.9
006985 0.982 217.0 148.0 327.6 218.0
006985 0.794 265.0 163.8 331.8 227.2
006985 0.793 213.5 145.1 264.7 210.1
006999 0.999 4.5 31.9 419.1 369.8
007027 0.996 1.0 49.9 465.0 242.1
007041 0.994 15.3 97.1 375.5 499.7
007063 0.994 197.0 14.4 499.3 322.5
007098 0.993 121.5 136.1 495.0 463.7
007145 0.959 130.3 62.3 492.3 332.7
007199 0.999 81.0 37.3 483.4 373.3
007221 0.998 47.7 38.0 423.2 364.6
007238 0.997 67.4 212.3 207.2 408.0
007291 0.999 139.1 15.9 482.7 358.6
007321 0.998 229.0 177.5 323.2 327.2
007331 0.959 40.6 11.3 474.5 375.5
007360 0.997 218.0 84.2 477.3 283.7
007409 0.996 80.9 81.5 441.6 332.2
007409 0.868 65.4 61.7 317.2 172.9
007441 0.989 68.7 49.1 370.3 348.7
007441 0.755 215.6 142.6 497.3 349.6
007453 0.934 397.7 110.8 472.9 161.4
007453 0.767 13.4 98.2 209.4 211.0
007463 0.999 195.6 10.5 373.3 491.9
007487 0.999 78.2 1.0 497.3 374.4
007542 0.999 7.4 110.5 482.2 372.9
007574 0.999 34.8 42.0 464.2 323.4
007661 0.999 10.0 54.0 416.6 373.7
007733 0.997 36.0 198.1 446.8 381.0
007733 0.994 83.5 1.0 451.7 133.0
007733 0.915 244.3 1.7 489.6 92.4
007787 0.819 28.3 57.2 431.9 265.7
007811 0.990 184.3 168.3 396.8 367.3
007823 0.997 57.4 66.9 357.6 357.9
007829 0.999 79.5 79.1 322.9 348.9
007867 0.998 1.0 52.5 463.4 290.7
007880 0.999 22.0 53.4 448.6 269.3
007938 0.989 50.2 79.3 455.7 259.8
007938 0.884 20.1 135.4 311.1 278.0
008011 0.980 20.1 10.6 250.8 249.4
008011 0.826 60.3 13.5 455.8 290.5
008089 1.000 342.2 94.4 473.0 269.3
008110 0.740 97.6 235.0 197.8 291.4
008182 0.997 81.4 118.5 442.7 247.8
008240 0.999 96.2 48.0 294.5 306.5
008240 0.995 286.6 123.6 498.9 316.9
008267 0.999 184.3 157.6 343.6 371.5
008267 0.974 73.1 152.7 152.4 231.9
008361 0.997 221.3 13.4 469.8 253.0
008496 0.942 174.2 143.6 247.8 228.7
008497 0.893 81.0 9.4 486.6 277.3
008516 0.996 156.6 49.5 499.6 336.1
008525 0.996 250.6 257.8 367.9 447.5
008539 1.000 44.2 25.9 500.5 317.2
008575 1.000 10.7 2.7 331.9 481.6
008594 0.719 150.9 1.0 496.3 308.3
008703 0.990 171.0 47.8 452.2 351.0
008703 0.784 175.7 70.5 354.1 260.2
008737 0.999 66.1 1.0 500.5 333.5
008767 0.997 185.7 92.6 423.2 321.0
008787 0.999 195.7 41.8 494.3 340.0
008830 0.994 74.3 127.7 249.3 248.8
008846 0.999 186.7 94.1 446.6 284.8
008860 0.977 4.9 1.2 288.0 281.1
008875 0.999 206.2 261.6 375.5 497.3
008906 0.992 180.4 164.2 266.4 223.9
008924 0.999 1.0 51.1 468.0 354.9
008935 0.997 96.3 20.9 455.0 316.7
008972 0.998 100.1 89.6 336.4 467.1
008996 0.998 70.6 145.2 313.9 444.8
009057 1.000 164.1 83.0 404.9 297.7
009070 0.877 325.9 239.6 363.0 296.9
009090 0.997 224.3 72.0 342.0 180.6
009107 1.000 13.4 47.0 432.0 363.7
009132 0.992 95.6 54.0 426.5 310.4
009183 1.000 86.7 1.0 500.5 374.3
009216 0.998 175.9 1.6 400.9 129.3
009234 1.000 4.4 93.4 345.2 371.2
009256 0.951 122.8 78.1 321.1 282.5
009310 0.851 171.4 123.4 256.3 244.7
009346 0.998 244.3 111.2 435.4 313.3
009346 0.995 60.2 124.4 228.5 300.2
009352 0.999 247.5 127.6 378.4 260.9
009403 0.999 119.2 25.3 293.1 99.7
009431 0.989 71.6 7.7 371.6 467.8
009483 0.978 34.4 13.3 323.2 456.6
009489 0.999 169.2 104.2 291.5 237.9
009514 0.841 439.5 224.8 500.5 358.9
009522 0.971 7.7 42.2 399.0 320.8
009544 0.998 17.8 3.0 315.1 253.1
009552 0.914 39.2 43.2 290.0 467.8
009552 0.763 65.2 36.1 235.0 226.9
009575 0.999 101.0 3.1 499.0 278.8
009589 0.996 9.0 128.3 360.9 351.7
009630 0.998 338.0 152.8 403.6 308.0
009640 0.984 148.7 115.3 386.8 231.3
009646 0.999 60.0 84.7 302.7 362.0
009669 1.000 10.8 1.0 493.6 332.9
009672 0.997 147.2 123.7 452.4 369.7
009672 0.993 411.3 77.0 496.7 207.5
009720 0.997 171.5 7.3 494.8 371.9
009753 0.968 110.3 179.3 257.1 261.0
009753 0.877 161.3 153.1 225.5 201.7
009765 0.998 114.2 53.0 345.3 346.0
009786 0.989 96.3 86.6 286.8 198.2
009814 0.999 143.2 65.4 330.6 304.3
009820 0.989 41.0 1.0 495.2 347.9
009875 0.999 216.8 181.5 375.5 378.7
009875 0.946 10.0 284.4 161.4 441.3
009956 1.000 119.3 18.6 399.7 302.6
