8 142.0 55.0 105.0 75.0 848.000
8 136.0 108.0 180.0 187.0 815.000
16 14.0 44.0 361.0 454.0 998.000
24 183.0 128.0 168.0 104.0 999.000
25 54.0 19.0 378.0 247.0 990.000
50 35.0 63.0 368.0 277.0 999.000
50 240.0 62.0 169.0 164.0 716.000
54 67.0 57.0 258.0 104.0 996.000
61 170.0 72.0 220.0 280.0 992.000
61 212.0 225.0 213.0 144.0 884.000
64 100.0 92.0 202.0 247.0 999.000
70 330.0 202.0 67.0 65.0 994.000
80 128.0 159.0 240.0 64.0 982.000
81 262.0 282.0 42.0 40.0 846.000
107 111.0 61.0 182.0 214.0 993.000
112 199.0 127.0 255.0 212.0 982.000
147 93.0 1.0 354.0 308.0 973.000
183 116.0 124.0 172.0 267.0 986.000
204 188.0 147.0 293.0 218.0 997.000
204 1.0 114.0 194.0 142.0 986.000
226 12.0 1.0 474.0 370.0 999.000
232 139.0 121.0 143.0 97.0 969.000
244 362.0 241.0 80.0 59.0 863.000
263 186.0 108.0 150.0 209.0 876.000
273 11.0 2.0 489.0 362.0 999.000
274 11.0 136.0 277.0 233.0 733.000
327 1.0 10.0 347.0 276.0 997.000
340 390.0 301.0 107.0 41.0 918.000
349 19.0 19.0 444.0 288.0 909.000
362 85.0 57.0 400.0 238.0 743.000
382 27.0 74.0 368.0 274.0 986.000
382 247.0 32.0 172.0 210.0 723.000
411 111.0 86.0 144.0 172.0 988.000
442 167.0 104.0 136.0 182.0 999.000
464 260.0 120.0 187.0 141.0 995.000
464 7.0 83.0 201.0 136.0 990.000
502 4.0 105.0 319.0 385.0 999.000
506 292.0 280.0 82.0 52.0 728.000
510 27.0 7.0 347.0 419.0 990.000
520 95.0 9.0 401.0 353.0 997.000
531 170.0 87.0 201.0 158.0 992.000
542 54.0 160.0 57.0 118.0 993.000
555 35.0 16.0 326.0 462.0 999.000
571 1.0 79.0 323.0 223.0 970.000
571 271.0 74.0 120.0 87.0 895.000
573 36.0 90.0 347.0 185.0 984.000
591 299.0 48.0 187.0 238.0 963.000
600 176.0 161.0 92.0 34.0 984.000
600 161.0 182.0 245.0 178.0 817.000
607 279.0 15.0 205.0 238.0 965.000
610 311.0 61.0 69.0 101.0 997.000
610 113.0 134.0 84.0 93.0 974.000
610 3.0 92.0 62.0 146.0 850.000
618 208.0 197.0 93.0 139.0 957.000
627 8.0 350.0 287.0 124.0 976.000
627 217.0 312.0 142.0 132.0 928.000
658 158.0 22.0 136.0 168.0 933.000
658 36.0 39.0 237.0 420.0 819.000
698 92.0 26.0 391.0 305.0 998.000
700 213.0 159.0 250.0 185.0 998.000
702 126.0 71.0 354.0 262.0 995.000
707 117.0 121.0 317.0 162.0 997.000
721 154.0 195.0 256.0 145.0 998.000
739 217.0 166.0 68.0 83.0 944.000
739 114.0 162.0 211.0 109.0 787.000
765 1.0 109.0 462.0 217.0 999.000
774 10.0 99.0 422.0 198.0 999.000
791 176.0 100.0 154.0 175.0 999.000
802 233.0 24.0 261.0 194.0 999.000
802 1.0 36.0 238.0 202.0 998.000
839 67.0 44.0 405.0 297.0 998.000
846 204.0 142.0 47.0 71.0 817.000
853 120.0 24.0 346.0 260.0 997.000
860 1.0 67.0 410.0 304.0 999.000
860 253.0 131.0 221.0 244.0 778.000
874 236.0 89.0 77.0 32.0 813.000
884 162.0 59.0 339.0 261.0 726.000
888 131.0 70.0 245.0 219.0 999.000
889 290.0 106.0 210.0 265.0 992.000
895 35.0 71.0 466.0 207.0 998.000
902 87.0 20.0 237.0 414.0 997.000
923 220.0 162.0 275.0 209.0 922.000
927 30.0 90.0 265.0 280.0 980.000
947 13.0 58.0 230.0 439.0 997.000
956 75.0 53.0 389.0 259.0 999.000
964 46.0 1.0 448.0 331.0 997.000
993 1.0 33.0 111.0 263.0 997.000
993 352.0 60.0 148.0 311.0 997.000
1014 30.0 1.0 467.0 362.0 988.000
1020 418.0 160.0 67.0 110.0 701.000
1032 121.0 412.0 117.0 40.0 982.000
1037 112.0 119.0 277.0 128.0 998.000
1042 10.0 95.0 430.0 280.0 998.000
1058 1.0 16.0 326.0 359.0 999.000
1068 6.0 1.0 345.0 494.0 999.000
1072 34.0 1.0 323.0 488.0 999.000
1089 66.0 16.0 434.0 302.0 999.000
1098 82.0 72.0 360.0 235.0 999.000
1100 68.0 154.0 115.0 174.0 998.000
1113 55.0 1.0 438.0 356.0 974.000
1120 6.0 18.0 317.0 313.0 999.000
1138 3.0 272.0 66.0 42.0 914.000
1138 14.0 267.0 84.0 71.0 726.000
1145 8.0 5.0 373.0 402.0 999.000
1158 88.0 29.0 399.0 297.0 973.000
1159 38.0 54.0 457.0 267.0 998.000
1161 8.0 28.0 469.0 234.0 997.000
1193 133.0 9.0 339.0 307.0 995.000
1217 56.0 25.0 295.0 348.0 988.000
1222 47.0 40.0 237.0 456.0 999.000
1227 7.0 33.0 253.0 170.0 999.000
1227 267.0 39.0 220.0 160.0 997.000
1239 281.0 173.0 219.0 201.0 888.000
1272 100.0 242.0 69.0 106.0 995.000
1294 75.0 172.0 336.0 193.0 991.000
1303 6.0 8.0 398.0 241.0 999.000
1306 38.0 232.0 246.0 198.0 959.000
1318 56.0 138.0 173.0 250.0 997.000
1342 302.0 93.0 150.0 186.0 937.000
1342 25.0 29.0 414.0 284.0 833.000
1362 28.0 61.0 347.0 411.0 997.000
1364 57.0 123.0 240.0 175.0 999.000
1385 142.0 164.0 285.0 207.0 988.000
1385 94.0 69.0 156.0 200.0 983.000
1394 217.0 189.0 202.0 186.0 921.000
1462 233.0 49.0 105.0 88.0 886.000
1462 113.0 128.0 166.0 96.0 761.000
1467 28.0 6.0 423.0 310.0 995.000
1474 121.0 291.0 175.0 110.0 999.000
1478 1.0 67.0 440.0 308.0 998.000
1484 55.0 30.0 427.0 466.0 794.000
1502 22.0 21.0 476.0 329.0 996.000
1534 4.0 94.0 367.0 227.0 997.000
1550 1.0 39.0 444.0 361.0 980.000
1564 1.0 76.0 189.0 122.0 719.000
1569 8.0 62.0 492.0 300.0 999.000
1586 118.0 28.0 378.0 77.0 995.000
1601 60.0 15.0 440.0 358.0 999.000
1607 65.0 74.0 384.0 326.0 997.000
1629 3.0 8.0 314.0 239.0 999.000
1647 8.0 56.0 229.0 237.0 996.000
1665 9.0 143.0 175.0 287.0 937.000
1673 278.0 91.0 222.0 278.0 992.000
1673 1.0 27.0 296.0 276.0 919.000
1696 224.0 91.0 263.0 280.0 905.000
1723 2.0 3.0 106.0 162.0 939.000
1724 1.0 9.0 482.0 348.0 997.000
1738 3.0 42.0 477.0 326.0 990.000
1756 13.0 21.0 248.0 182.0 978.000
1756 64.0 1.0 222.0 99.0 881.000
1768 94.0 70.0 347.0 268.0 954.000
1797 128.0 87.0 276.0 238.0 996.000
1809 205.0 41.0 216.0 328.0 997.000
1809 76.0 60.0 193.0 251.0 990.000
1843 91.0 125.0 255.0 150.0 999.000
1860 119.0 146.0 75.0 80.0 869.000
1876 52.0 70.0 381.0 380.0 997.000
1877 48.0 24.0 421.0 284.0 996.000
1890 199.0 73.0 185.0 197.0 969.000
1891 44.0 15.0 402.0 319.0 981.000
1893 277.0 74.0 181.0 161.0 977.000
1921 205.0 27.0 243.0 284.0 999.000
1937 143.0 2.0 236.0 317.0 995.000
1946 19.0 29.0 248.0 207.0 994.000
1993 445.0 46.0 41.0 74.0 997.000
1993 14.0 51.0 43.0 64.0 904.000
2002 102.0 97.0 266.0 269.0 994.000
2004 1.0 1.0 379.0 364.0 999.000
2042 1.0 139.0 401.0 185.0 999.000
2044 171.0 59.0 189.0 222.0 985.000
2053 52.0 91.0 343.0 221.0 902.000
2067 31.0 3.0 344.0 492.0 999.000
2069 117.0 5.0 297.0 308.0 999.000
2084 205.0 5.0 291.0 362.0 996.000
2102 180.0 83.0 144.0 261.0 845.000
2116 158.0 233.0 158.0 142.0 998.000
2139 40.0 119.0 252.0 278.0 999.000
2144 87.0 117.0 201.0 170.0 999.000
2162 43.0 2.0 448.0 327.0 991.000
2204 100.0 32.0 172.0 315.0 998.000
2211 27.0 19.0 382.0 304.0 999.000
2224 215.0 210.0 145.0 121.0 707.000
2225 170.0 42.0 231.0 264.0 999.000
2238 95.0 17.0 220.0 294.0 994.000
2240 51.0 31.0 295.0 339.0 807.000
2244 2.0 68.0 206.0 250.0 998.000
2247 6.0 2.0 235.0 229.0 950.000
2249 52.0 111.0 289.0 240.0 995.000
2280 95.0 76.0 334.0 203.0 998.000
2319 134.0 164.0 59.0 132.0 989.000
2330 151.0 197.0 63.0 99.0 937.000
2341 109.0 226.0 148.0 143.0 955.000
2343 60.0 42.0 203.0 67.0 964.000
2350 242.0 145.0 76.0 80.0 998.000
2361 108.0 46.0 182.0 434.0 997.000
2361 90.0 405.0 144.0 67.0 922.000
2375 4.0 1.0 496.0 341.0 999.000
2401 72.0 6.0 249.0 329.0 999.000
2418 1.0 2.0 353.0 324.0 999.000
2420 53.0 32.0 447.0 325.0 991.000
2440 208.0 188.0 146.0 211.0 999.000
2440 96.0 187.0 107.0 195.0 998.000
2468 214.0 18.0 247.0 309.0 964.000
2468 384.0 16.0 117.0 306.0 880.000
2485 23.0 137.0 338.0 298.0 999.000
2513 121.0 141.0 282.0 159.0 997.000
2537 44.0 61.0 201.0 169.0 999.000
2548 1.0 4.0 452.0 347.0 998.000
2553 8.0 130.0 265.0 184.0 981.000
2569 180.0 100.0 321.0 227.0 835.000
2569 207.0 3.0 132.0 149.0 740.000
2573 1.0 2.0 431.0 373.0 999.000
2593 217.0 295.0 224.0 183.0 860.000
2594 9.0 177.0 160.0 122.0 965.000
2597 90.0 23.0 352.0 119.0 999.000
2598 21.0 47.0 464.0 286.0 999.000
2611 291.0 99.0 202.0 113.0 998.000
2626 195.0 240.0 51.0 52.0 985.000
2648 221.0 36.0 129.0 215.0 998.000
2652 1.0 15.0 445.0 292.0 999.000
2655 39.0 33.0 445.0 325.0 998.000
2672 44.0 181.0 215.0 189.0 961.000
2697 327.0 237.0 133.0 55.0 891.000
2708 98.0 93.0 295.0 271.0 994.000
2712 170.0 124.0 174.0 106.0 838.000
2716 29.0 37.0 461.0 322.0 988.000
2717 13.0 44.0 306.0 374.0 997.000
2724 85.0 69.0 261.0 216.0 999.000
2758 49.0 278.0 114.0 134.0 996.000
2758 105.0 184.0 168.0 95.0 992.000
2760 207.0 115.0 102.0 234.0 990.000
2772 7.0 5.0 471.0 337.0 997.000
2782 20.0 58.0 283.0 311.0 900.000
2783 180.0 154.0 54.0 71.0 994.000
2783 107.0 172.0 30.0 54.0 962.000
2793 189.0 124.0 151.0 136.0 993.000
2812 196.0 167.0 130.0 71.0 999.000
2812 4.0 166.0 153.0 83.0 982.000
2812 354.0 184.0 146.0 53.0 878.000
2832 90.0 75.0 312.0 256.0 972.000
2895 40.0 19.0 449.0 290.0 988.000
2899 206.0 147.0 144.0 103.0 996.000
2899 10.0 138.0 218.0 132.0 993.000
2919 50.0 75.0 356.0 266.0 996.000
2950 59.0 72.0 361.0 183.0 998.000
2952 192.0 145.0 113.0 135.0 991.000
2959 25.0 18.0 459.0 311.0 999.000
2963 96.0 24.0 347.0 325.0 970.000
2966 4.0 77.0 301.0 246.0 999.000
2975 1.0 77.0 414.0 278.0 987.000
3012 136.0 56.0 338.0 302.0 995.000
3019 49.0 85.0 275.0 232.0 996.000
3020 38.0 5.0 461.0 347.0 997.000
3026 15.0 1.0 460.0 499.0 999.000
3033 88.0 75.0 286.0 425.0 995.000
3033 1.0 295.0 168.0 99.0 779.000
3045 199.0 241.0 173.0 252.0 993.000
3059 72.0 104.0 191.0 387.0 993.000
3088 149.0 239.0 57.0 43.0 958.000
3103 323.0 107.0 130.0 155.0 993.000
3109 117.0 143.0 113.0 114.0 856.000
3115 290.0 98.0 144.0 137.0 999.000
3125 103.0 141.0 213.0 212.0 998.000
3144 1.0 2.0 372.0 447.0 999.000
3173 36.0 47.0 287.0 420.0 998.000
3196 68.0 19.0 296.0 380.0 987.000
3199 3.0 61.0 292.0 195.0 991.000
3220 5.0 89.0 290.0 403.0 999.000
3222 1.0 49.0 268.0 450.0 999.000
3255 1.0 100.0 339.0 240.0 999.000
3276 39.0 119.0 457.0 245.0 995.000
3276 213.0 95.0 238.0 114.0 989.000
3296 1.0 2.0 412.0 368.0 999.000
3312 58.0 113.0 402.0 124.0 999.000
3318 91.0 55.0 409.0 236.0 999.000
3359 42.0 120.0 395.0 166.0 996.000
3375 80.0 125.0 398.0 187.0 999.000
3384 219.0 143.0 251.0 146.0 990.000
3385 27.0 19.0 473.0 356.0 991.000
3403 161.0 65.0 340.0 264.0 999.000
3416 241.0 37.0 259.0 305.0 999.000
3417 111.0 220.0 64.0 52.0 746.000
3421 124.0 93.0 215.0 203.0 949.000
3446 118.0 63.0 288.0 286.0 968.000
3446 34.0 147.0 269.0 202.0 915.000
3457 44.0 25.0 368.0 473.0 999.000
3461 217.0 148.0 111.0 70.0 981.000
3461 265.0 164.0 67.0 63.0 793.000
3461 213.0 145.0 52.0 65.0 793.000
3469 4.0 32.0 415.0 338.0 999.000
3482 1.0 50.0 464.0 192.0 995.000
3488 15.0 97.0 360.0 403.0 993.000
3498 197.0 14.0 302.0 309.0 993.000
3511 122.0 136.0 373.0 328.0 993.000
3535 130.0 62.0 362.0 271.0 958.000
3561 81.0 37.0 402.0 336.0 999.000
3570 48.0 38.0 375.0 327.0 998.000
3580 67.0 212.0 140.0 196.0 996.000
3608 139.0 16.0 344.0 343.0 998.000
3624 229.0 177.0 94.0 150.0 998.000
3628 41.0 11.0 434.0 364.0 958.000
3648 218.0 84.0 259.0 200.0 996.000
3677 81.0 82.0 361.0 250.0 996.000
3677 65.0 62.0 252.0 111.0 868.000
3689 69.0 49.0 301.0 300.0 988.000
3689 216.0 143.0 281.0 207.0 755.000
3695 398.0 111.0 75.0 50.0 933.000
3695 13.0 98.0 196.0 113.0 766.000
3700 196.0 10.0 177.0 482.0 999.000
3709 78.0 1.0 419.0 373.0 999.000
3738 7.0 110.0 475.0 263.0 999.000
3755 35.0 42.0 429.0 281.0 999.000
3803 10.0 54.0 407.0 320.0 999.000
3833 36.0 198.0 411.0 183.0 997.000
3833 84.0 1.0 368.0 132.0 993.000
3833 244.0 2.0 246.0 90.0 915.000
3860 28.0 57.0 404.0 209.0 819.000
3875 184.0 168.0 213.0 199.0 990.000
3880 57.0 67.0 301.0 291.0 996.000
3884 80.0 79.0 243.0 270.0 999.000
3903 1.0 52.0 462.0 239.0 998.000
3909 22.0 53.0 427.0 216.0 999.000
3935 50.0 79.0 406.0 181.0 988.000
3935 20.0 135.0 291.0 143.0 883.000
3975 20.0 11.0 231.0 238.0 979.000
3975 60.0 13.0 396.0 277.0 825.000
4014 342.0 94.0 131.0 175.0 999.000
4023 98.0 235.0 100.0 56.0 739.000
4063 81.0 118.0 362.0 130.0 996.000
4094 96.0 48.0 199.0 258.0 998.000
4094 287.0 124.0 212.0 193.0 995.000
4108 184.0 158.0 160.0 213.0 999.000
4108 73.0 153.0 79.0 79.0 974.000
4152 221.0 13.0 249.0 240.0 996.000
4224 174.0 144.0 74.0 85.0 941.000
4225 81.0 9.0 406.0 268.0 892.000
4235 157.0 49.0 343.0 287.0 996.000
4237 251.0 258.0 117.0 190.0 996.000
4244 44.0 26.0 456.0 291.0 999.000
4266 11.0 3.0 321.0 479.0 999.000
4276 151.0 1.0 345.0 307.0 719.000
4340 171.0 48.0 281.0 303.0 990.000
4340 176.0 70.0 178.0 190.0 784.000
4357 66.0 1.0 435.0 333.0 999.000
4369 186.0 93.0 237.0 228.0 997.000
4379 196.0 42.0 298.0 298.0 999.000
4403 74.0 128.0 175.0 121.0 994.000
4410 187.0 94.0 260.0 191.0 998.000
4417 5.0 1.0 283.0 280.0 977.000
4425 206.0 262.0 169.0 235.0 998.000
4442 180.0 164.0 86.0 60.0 992.000
4451 1.0 51.0 467.0 304.0 998.000
4455 96.0 21.0 359.0 296.0 997.000
4471 100.0 90.0 236.0 377.0 997.000
4482 71.0 145.0 243.0 300.0 998.000
4514 164.0 83.0 241.0 215.0 999.000
4520 326.0 240.0 37.0 57.0 876.000
4531 224.0 72.0 118.0 109.0 996.000
4541 13.0 47.0 419.0 317.0 999.000
4554 96.0 54.0 331.0 256.0 991.000
4578 87.0 1.0 413.0 373.0 999.000
4590 176.0 2.0 225.0 127.0 998.000
4603 4.0 93.0 341.0 278.0 999.000
4611 123.0 78.0 198.0 205.0 951.000
4638 171.0 123.0 85.0 122.0 851.000
4656 244.0 111.0 191.0 202.0 998.000
4656 60.0 124.0 168.0 176.0 995.000
4657 248.0 128.0 130.0 133.0 998.000
4687 119.0 25.0 174.0 75.0 998.000
4697 72.0 8.0 300.0 460.0 988.000
4717 34.0 13.0 289.0 444.0 978.000
4721 169.0 104.0 122.0 134.0 999.000
4734 439.0 225.0 61.0 134.0 841.000
4736 8.0 42.0 391.0 279.0 971.000
4745 18.0 3.0 297.0 250.0 997.000
4748 39.0 43.0 251.0 425.0 914.000
4748 65.0 36.0 170.0 191.0 762.000
4761 101.0 3.0 398.0 276.0 999.000
4766 9.0 128.0 352.0 224.0 996.000
4787 338.0 153.0 66.0 155.0 997.000
4793 149.0 115.0 238.0 116.0 984.000
4797 60.0 85.0 243.0 277.0 998.000
4808 11.0 1.0 483.0 332.0 999.000
4809 147.0 124.0 305.0 246.0 996.000
4809 411.0 77.0 86.0 130.0 992.000
4830 172.0 7.0 323.0 365.0 997.000
4847 110.0 179.0 147.0 82.0 968.000
4847 161.0 153.0 64.0 49.0 877.000
4851 114.0 53.0 231.0 293.0 997.000
4863 96.0 87.0 191.0 111.0 989.000
4877 143.0 65.0 188.0 239.0 999.000
4881 41.0 1.0 454.0 347.0 989.000
4906 217.0 182.0 158.0 197.0 998.000
4906 10.0 284.0 151.0 157.0 945.000
4948 119.0 19.0 281.0 284.0 999.000
