3 263.0 152.0 44.0 47.0 983.000
3 235.0 163.0 56.0 37.0 913.000
5 136.0 205.0 120.0 170.0 997.000
5 259.0 207.0 110.0 163.0 837.000
5 245.0 287.0 100.0 85.0 773.000
6 196.0 28.0 163.0 218.0 995.000
25 6.0 34.0 446.0 335.0 905.000
44 340.0 153.0 47.0 82.0 996.000
44 284.0 164.0 59.0 107.0 995.000
44 141.0 177.0 58.0 103.0 981.000
44 227.0 187.0 60.0 116.0 978.000
61 2.0 1.0 458.0 349.0 701.000
63 1.0 216.0 38.0 86.0 929.000
66 112.0 177.0 69.0 38.0 963.000
66 317.0 167.0 42.0 49.0 945.000
66 252.0 172.0 36.0 43.0 861.000
66 94.0 167.0 36.0 22.0 836.000
66 287.0 160.0 30.0 41.0 769.000
73 393.0 228.0 73.0 94.0 953.000
80 107.0 38.0 285.0 196.0 900.000
90 313.0 178.0 81.0 48.0 866.000
93 289.0 291.0 61.0 99.0 981.000
98 73.0 159.0 95.0 140.0 999.000
98 269.0 150.0 74.0 120.0 995.000
98 1.0 196.0 73.0 165.0 953.000
104 33.0 430.0 241.0 69.0 715.000
109 128.0 219.0 109.0 115.0 994.000
111 73.0 272.0 201.0 98.0 992.000
111 288.0 269.0 134.0 100.0 986.000
111 458.0 216.0 42.0 88.0 823.000
111 2.0 208.0 63.0 100.0 712.000
115 317.0 97.0 154.0 226.0 997.000
115 204.0 204.0 80.0 138.0 841.000
115 94.0 156.0 82.0 115.0 804.000
118 3.0 184.0 20.0 97.0 818.000
121 5.0 150.0 122.0 165.0 989.000
139 12.0 171.0 108.0 165.0 939.000
139 324.0 93.0 82.0 101.0 926.000
139 263.0 121.0 82.0 108.0 749.000
151 216.0 237.0 132.0 131.0 753.000
157 210.0 182.0 85.0 132.0 995.000
157 183.0 129.0 43.0 72.0 966.000
157 198.0 124.0 27.0 18.0 965.000
157 264.0 127.0 47.0 75.0 861.000
157 1.0 217.0 39.0 70.0 761.000
157 1.0 282.0 99.0 51.0 749.000
163 203.0 33.0 76.0 58.0 897.000
184 251.0 234.0 98.0 182.0 972.000
184 16.0 195.0 83.0 240.0 954.000
184 13.0 183.0 36.0 87.0 725.000
190 379.0 263.0 117.0 112.0 859.000
193 43.0 124.0 129.0 143.0 893.000
194 157.0 196.0 127.0 179.0 997.000
194 374.0 170.0 126.0 195.0 929.000
201 269.0 195.0 28.0 70.0 930.000
201 287.0 197.0 34.0 69.0 776.000
219 405.0 212.0 79.0 159.0 755.000
232 33.0 122.0 255.0 226.0 791.000
247 44.0 271.0 141.0 86.0 924.000
247 117.0 292.0 83.0 65.0 796.000
249 346.0 248.0 139.0 128.0 977.000
249 257.0 143.0 45.0 86.0 970.000
249 29.0 250.0 156.0 126.0 967.000
249 185.0 178.0 69.0 161.0 753.000
260 42.0 248.0 119.0 127.0 998.000
260 263.0 257.0 117.0 118.0 998.000
260 151.0 271.0 104.0 104.0 995.000
260 116.0 235.0 66.0 79.0 920.000
260 230.0 238.0 42.0 38.0 816.000
260 229.0 233.0 50.0 125.0 733.000
260 142.0 236.0 42.0 38.0 716.000
274 372.0 205.0 128.0 169.0 783.000
275 152.0 391.0 58.0 108.0 928.000
275 255.0 386.0 49.0 113.0 877.000
275 7.0 407.0 64.0 90.0 817.000
275 311.0 182.0 35.0 60.0 773.000
292 1.0 65.0 152.0 156.0 946.000
292 374.0 135.0 124.0 105.0 925.000
294 24.0 96.0 250.0 372.0 823.000
304 198.0 195.0 146.0 180.0 990.000
304 147.0 172.0 84.0 182.0 986.000
304 356.0 230.0 144.0 145.0 944.000
304 299.0 152.0 48.0 45.0 902.000
304 365.0 164.0 69.0 52.0 898.000
304 167.0 147.0 62.0 42.0 827.000
316 117.0 26.0 125.0 67.0 936.000
318 328.0 164.0 138.0 205.0 995.000
318 459.0 145.0 41.0 68.0 856.000
318 414.0 149.0 86.0 219.0 776.000
330 63.0 42.0 327.0 324.0 986.000
336 3.0 169.0 52.0 101.0 936.000
338 33.0 143.0 240.0 230.0 898.000
340 30.0 242.0 33.0 101.0 889.000
340 2.0 232.0 35.0 94.0 754.000
354 20.0 296.0 121.0 36.0 756.000
356 14.0 82.0 225.0 171.0 860.000
385 152.0 1.0 75.0 41.0 959.000
387 195.0 60.0 111.0 64.0 993.000
387 327.0 58.0 125.0 79.0 965.000
387 54.0 96.0 208.0 256.0 837.000
387 304.0 66.0 162.0 306.0 807.000
387 1.0 153.0 144.0 198.0 750.000
406 410.0 279.0 91.0 53.0 834.000
433 380.0 160.0 120.0 100.0 981.000
439 100.0 114.0 49.0 40.0 809.000
446 400.0 94.0 50.0 21.0 702.000
453 159.0 45.0 341.0 327.0 864.000
468 324.0 181.0 110.0 145.0 992.000
468 218.0 168.0 66.0 74.0 884.000
468 397.0 344.0 58.0 31.0 750.000
469 1.0 462.0 78.0 37.0 815.000
470 131.0 164.0 324.0 203.0 795.000
476 25.0 186.0 105.0 166.0 998.000
487 6.0 238.0 135.0 97.0 973.000
500 215.0 150.0 249.0 222.0 977.000
500 290.0 144.0 127.0 106.0 933.000
514 440.0 284.0 56.0 115.0 954.000
514 180.0 254.0 105.0 54.0 856.000
514 114.0 249.0 66.0 54.0 835.000
514 170.0 262.0 40.0 41.0 765.000
515 10.0 39.0 96.0 149.0 921.000
517 36.0 40.0 177.0 133.0 972.000
523 325.0 210.0 67.0 89.0 771.000
526 177.0 225.0 130.0 139.0 995.000
545 143.0 172.0 132.0 189.0 994.000
548 21.0 46.0 181.0 262.0 975.000
548 121.0 73.0 117.0 134.0 770.000
557 1.0 30.0 121.0 226.0 807.000
574 4.0 26.0 25.0 193.0 749.000
577 269.0 183.0 70.0 110.0 995.000
577 145.0 199.0 86.0 75.0 990.000
577 148.0 229.0 69.0 136.0 978.000
577 57.0 211.0 50.0 37.0 790.000
578 2.0 153.0 138.0 200.0 799.000
587 48.0 131.0 69.0 91.0 982.000
587 112.0 124.0 63.0 73.0 968.000
587 3.0 146.0 60.0 144.0 951.000
587 193.0 160.0 45.0 32.0 893.000
594 171.0 154.0 165.0 213.0 992.000
599 46.0 247.0 86.0 166.0 998.000
599 256.0 253.0 88.0 167.0 998.000
599 139.0 276.0 107.0 184.0 971.000
599 86.0 247.0 27.0 39.0 860.000
599 173.0 245.0 35.0 22.0 849.000
599 263.0 249.0 38.0 62.0 711.000
624 291.0 223.0 91.0 152.0 898.000
624 3.0 160.0 64.0 110.0 862.000
626 176.0 205.0 304.0 171.0 974.000
632 485.0 119.0 15.0 26.0 806.000
640 315.0 162.0 81.0 115.0 992.000
640 7.0 172.0 228.0 199.0 985.000
640 389.0 180.0 94.0 123.0 962.000
652 163.0 97.0 79.0 65.0 995.000
652 263.0 90.0 74.0 74.0 977.000
652 193.0 215.0 167.0 160.0 964.000
652 4.0 220.0 195.0 155.0 952.000
661 76.0 199.0 184.0 176.0 938.000
661 235.0 137.0 253.0 228.0 814.000
672 208.0 53.0 193.0 236.0 942.000
677 209.0 153.0 60.0 100.0 886.000
679 365.0 167.0 61.0 78.0 845.000
687 3.0 272.0 164.0 103.0 801.000
693 245.0 275.0 85.0 83.0 889.000
709 67.0 287.0 101.0 88.0 990.000
709 430.0 276.0 70.0 99.0 980.000
709 30.0 251.0 80.0 123.0 969.000
709 7.0 220.0 53.0 95.0 962.000
749 203.0 45.0 94.0 57.0 997.000
749 3.0 80.0 109.0 68.0 939.000
761 314.0 231.0 147.0 143.0 937.000
764 34.0 250.0 90.0 90.0 990.000
770 246.0 272.0 98.0 94.0 989.000
770 83.0 266.0 88.0 59.0 980.000
770 166.0 199.0 76.0 75.0 974.000
770 114.0 182.0 54.0 64.0 909.000
770 48.0 263.0 33.0 52.0 889.000
770 5.0 267.0 68.0 48.0 817.000
775 359.0 1.0 135.0 177.0 711.000
777 2.0 164.0 28.0 46.0 767.000
779 187.0 163.0 278.0 202.0 971.000
779 1.0 99.0 137.0 213.0 865.000
779 175.0 239.0 108.0 130.0 730.000
784 186.0 264.0 79.0 33.0 759.000
798 1.0 217.0 78.0 123.0 805.000
804 241.0 146.0 88.0 87.0 970.000
804 174.0 145.0 65.0 81.0 729.000
804 338.0 245.0 162.0 130.0 703.000
805 146.0 302.0 118.0 73.0 975.000
805 269.0 321.0 148.0 52.0 853.000
810 175.0 77.0 95.0 43.0 986.000
810 337.0 111.0 38.0 89.0 977.000
810 24.0 108.0 45.0 89.0 965.000
810 1.0 167.0 29.0 97.0 753.000
821 5.0 182.0 137.0 179.0 825.000
831 4.0 257.0 107.0 118.0 739.000
842 115.0 168.0 36.0 41.0 891.000
842 335.0 200.0 63.0 43.0 841.000
845 17.0 5.0 57.0 72.0 908.000
848 213.0 285.0 78.0 38.0 996.000
848 48.0 289.0 85.0 86.0 992.000
848 137.0 323.0 104.0 52.0 985.000
848 353.0 305.0 37.0 70.0 796.000
855 267.0 141.0 66.0 91.0 808.000
867 6.0 272.0 108.0 97.0 701.000
875 94.0 82.0 145.0 261.0 981.000
879 142.0 249.0 127.0 224.0 980.000
879 91.0 270.0 63.0 177.0 783.000
894 104.0 206.0 84.0 120.0 985.000
894 201.0 218.0 69.0 117.0 857.000
911 260.0 99.0 120.0 40.0 924.000
913 130.0 171.0 51.0 22.0 813.000
916 249.0 5.0 168.0 186.0 970.000
924 390.0 160.0 88.0 152.0 991.000
929 296.0 36.0 59.0 107.0 731.000
968 3.0 319.0 79.0 170.0 877.000
972 34.0 347.0 91.0 110.0 806.000
980 2.0 126.0 38.0 52.0 951.000
984 143.0 319.0 170.0 181.0 995.000
984 293.0 310.0 81.0 180.0 971.000
984 39.0 255.0 106.0 204.0 929.000
984 60.0 263.0 79.0 38.0 902.000
984 153.0 251.0 82.0 40.0 849.000
984 65.0 335.0 97.0 160.0 737.000
991 13.0 205.0 151.0 165.0 840.000
1006 189.0 148.0 159.0 224.0 999.000
1006 366.0 69.0 79.0 115.0 992.000
1006 1.0 133.0 114.0 205.0 991.000
1006 425.0 82.0 75.0 110.0 991.000
1045 58.0 38.0 401.0 267.0 776.000
1050 282.0 187.0 32.0 67.0 722.000
1057 1.0 200.0 86.0 82.0 844.000
1060 397.0 307.0 62.0 66.0 946.000
1065 101.0 233.0 44.0 55.0 989.000
1065 230.0 236.0 36.0 52.0 980.000
1065 167.0 229.0 38.0 50.0 828.000
1086 254.0 167.0 43.0 54.0 747.000
1095 6.0 71.0 89.0 145.0 987.000
1097 155.0 235.0 63.0 74.0 991.000
1097 197.0 226.0 50.0 74.0 982.000
1100 299.0 146.0 104.0 185.0 946.000
1107 2.0 192.0 88.0 108.0 857.000
1109 332.0 200.0 146.0 144.0 816.000
1123 1.0 131.0 75.0 109.0 707.000
1141 336.0 246.0 34.0 69.0 904.000
1141 147.0 226.0 57.0 92.0 827.000
1141 211.0 222.0 58.0 133.0 736.000
1146 192.0 338.0 130.0 37.0 901.000
1154 370.0 170.0 130.0 203.0 832.000
1157 1.0 240.0 183.0 126.0 852.000
1167 7.0 367.0 110.0 132.0 990.000
1167 277.0 339.0 65.0 158.0 987.000
1167 44.0 326.0 60.0 34.0 976.000
1167 140.0 363.0 100.0 137.0 960.000
1180 368.0 246.0 132.0 128.0 962.000
1180 39.0 246.0 145.0 122.0 951.000
1180 204.0 241.0 48.0 88.0 947.000
1180 249.0 241.0 49.0 84.0 915.000
1180 260.0 222.0 45.0 21.0 821.000
1194 352.0 182.0 102.0 193.0 997.000
1194 249.0 202.0 122.0 173.0 992.000
1194 80.0 189.0 69.0 56.0 992.000
1194 75.0 190.0 127.0 182.0 880.000
1208 228.0 244.0 85.0 30.0 720.000
1214 3.0 255.0 260.0 119.0 718.000
1225 4.0 265.0 221.0 108.0 880.000
1225 249.0 292.0 98.0 83.0 760.000
1228 469.0 266.0 31.0 95.0 827.000
1230 274.0 212.0 56.0 206.0 898.000
1230 3.0 226.0 40.0 184.0 786.000
1248 14.0 91.0 179.0 376.0 987.000
1248 139.0 65.0 164.0 325.0 952.000
1248 6.0 16.0 91.0 97.0 947.000
1248 1.0 25.0 93.0 199.0 897.000
1251 168.0 99.0 60.0 74.0 982.000
1251 225.0 93.0 52.0 39.0 824.000
1251 239.0 88.0 35.0 28.0 770.000
1266 83.0 286.0 80.0 60.0 899.000
1282 14.0 240.0 60.0 111.0 992.000
1286 444.0 182.0 56.0 133.0 855.000
1295 270.0 161.0 217.0 206.0 893.000
1300 22.0 317.0 107.0 58.0 956.000
1300 80.0 337.0 158.0 38.0 942.000
1300 294.0 317.0 63.0 50.0 717.000
1304 49.0 137.0 68.0 91.0 910.000
1309 412.0 211.0 83.0 59.0 925.000
1309 84.0 259.0 167.0 116.0 715.000
1315 213.0 180.0 123.0 193.0 998.000
1319 148.0 195.0 118.0 152.0 997.000
1320 322.0 100.0 69.0 106.0 997.000
1320 225.0 79.0 88.0 135.0 997.000
1323 12.0 241.0 121.0 131.0 941.000
1333 39.0 282.0 61.0 93.0 980.000
1333 169.0 312.0 107.0 63.0 910.000
1333 343.0 305.0 60.0 35.0 910.000
1333 368.0 321.0 63.0 54.0 906.000
1333 7.0 309.0 45.0 66.0 891.000
1333 288.0 289.0 42.0 43.0 886.000
1333 94.0 273.0 24.0 44.0 856.000
1333 175.0 278.0 48.0 33.0 810.000
1333 254.0 277.0 22.0 24.0 784.000
1347 2.0 189.0 53.0 173.0 880.000
1347 424.0 246.0 76.0 97.0 755.000
1347 411.0 89.0 70.0 134.0 724.000
1355 185.0 230.0 162.0 145.0 994.000
1355 324.0 203.0 115.0 128.0 989.000
1355 7.0 223.0 141.0 151.0 989.000
1355 83.0 185.0 69.0 67.0 988.000
1355 194.0 176.0 46.0 56.0 962.000
1355 332.0 178.0 72.0 50.0 813.000
1371 371.0 204.0 103.0 152.0 989.000
1371 98.0 220.0 129.0 148.0 987.000
1382 206.0 214.0 73.0 115.0 989.000
1382 277.0 192.0 41.0 79.0 947.000
1382 146.0 212.0 67.0 96.0 805.000
1385 59.0 9.0 423.0 366.0 933.000
1386 11.0 156.0 115.0 151.0 915.000
1386 82.0 111.0 43.0 36.0 844.000
1386 136.0 195.0 83.0 117.0 838.000
1392 4.0 46.0 66.0 129.0 955.000
1397 31.0 223.0 44.0 48.0 812.000
1397 91.0 283.0 107.0 70.0 728.000
1399 182.0 201.0 225.0 155.0 971.000
1399 415.0 152.0 85.0 182.0 837.000
1417 53.0 160.0 62.0 87.0 838.000
1417 42.0 140.0 41.0 17.0 758.000
1419 106.0 227.0 199.0 148.0 997.000
1427 86.0 203.0 51.0 59.0 981.000
1427 215.0 208.0 54.0 102.0 824.000
1427 144.0 252.0 23.0 36.0 716.000
1439 383.0 236.0 117.0 139.0 831.000
1455 344.0 154.0 87.0 140.0 902.000
1462 421.0 24.0 79.0 310.0 829.000
1466 177.0 167.0 72.0 134.0 988.000
1466 246.0 131.0 87.0 168.0 986.000
1466 319.0 143.0 89.0 158.0 983.000
1466 110.0 164.0 75.0 137.0 967.000
1466 254.0 107.0 71.0 107.0 895.000
1466 349.0 125.0 38.0 44.0 872.000
1466 325.0 118.0 62.0 80.0 828.000
1466 330.0 107.0 27.0 35.0 709.000
1470 275.0 203.0 206.0 172.0 964.000
1479 177.0 258.0 59.0 59.0 973.000
1482 80.0 225.0 59.0 96.0 783.000
1482 18.0 226.0 73.0 95.0 716.000
1518 263.0 247.0 89.0 125.0 979.000
1518 54.0 230.0 88.0 129.0 971.000
1518 23.0 195.0 35.0 84.0 841.000
1518 2.0 196.0 39.0 68.0 767.000
1524 347.0 128.0 147.0 233.0 713.000
1542 8.0 9.0 306.0 332.0 971.000
1549 184.0 135.0 62.0 85.0 912.000
1549 154.0 139.0 44.0 74.0 903.000
1558 343.0 59.0 81.0 67.0 903.000
1558 1.0 63.0 76.0 212.0 846.000
1559 331.0 166.0 61.0 65.0 976.000
1559 385.0 192.0 73.0 141.0 971.000
1559 80.0 181.0 71.0 91.0 942.000
1559 413.0 236.0 84.0 139.0 913.000
1559 2.0 223.0 148.0 146.0 885.000
1559 133.0 173.0 57.0 69.0 861.000
1584 38.0 92.0 222.0 327.0 709.000
1585 409.0 244.0 91.0 111.0 862.000
1589 154.0 143.0 66.0 139.0 893.000
1589 39.0 118.0 69.0 58.0 727.000
1596 454.0 250.0 46.0 70.0 883.000
1596 463.0 273.0 32.0 23.0 703.000
1609 32.0 190.0 63.0 101.0 977.000
1609 150.0 172.0 70.0 130.0 958.000
1609 149.0 166.0 34.0 71.0 705.000
1613 287.0 236.0 142.0 139.0 998.000
1613 116.0 171.0 94.0 168.0 996.000
1613 306.0 154.0 52.0 39.0 990.000
1613 152.0 138.0 47.0 33.0 825.000
1619 3.0 121.0 125.0 368.0 810.000
1634 16.0 209.0 176.0 286.0 819.000
1634 2.0 178.0 100.0 168.0 804.000
1634 299.0 191.0 47.0 140.0 791.000
1643 272.0 288.0 226.0 86.0 853.000
1645 4.0 74.0 294.0 299.0 952.000
1647 135.0 7.0 363.0 304.0 893.000
1649 146.0 190.0 52.0 97.0 844.000
1650 344.0 130.0 134.0 237.0 986.000
1650 52.0 235.0 132.0 140.0 919.000
1660 117.0 206.0 38.0 62.0 955.000
1661 155.0 222.0 71.0 128.0 993.000
1661 231.0 227.0 71.0 122.0 993.000
1661 302.0 223.0 69.0 125.0 992.000
1661 81.0 223.0 74.0 127.0 992.000
1661 370.0 205.0 67.0 122.0 986.000
1661 22.0 199.0 66.0 117.0 984.000
1679 260.0 4.0 127.0 95.0 794.000
1683 291.0 315.0 181.0 56.0 886.000
1701 1.0 161.0 42.0 56.0 758.000
1702 254.0 201.0 99.0 141.0 954.000
1708 35.0 159.0 86.0 144.0 985.000
1708 182.0 139.0 95.0 143.0 941.000
1712 128.0 160.0 67.0 47.0 958.000
1712 374.0 208.0 126.0 167.0 880.000
1736 339.0 155.0 107.0 187.0 998.000
1736 12.0 143.0 92.0 179.0 996.000
1736 222.0 175.0 132.0 200.0 994.000
1736 96.0 173.0 130.0 200.0 994.000
1736 247.0 122.0 87.0 36.0 935.000
1736 153.0 123.0 83.0 34.0 918.000
1740 3.0 296.0 88.0 75.0 830.000
1740 230.0 298.0 168.0 79.0 744.000
1746 6.0 59.0 143.0 134.0 986.000
1746 256.0 50.0 80.0 130.0 982.000
1748 373.0 163.0 44.0 72.0 989.000
1748 427.0 200.0 54.0 68.0 958.000
1782 321.0 110.0 76.0 94.0 965.000
1785 115.0 132.0 69.0 101.0 929.000
1785 363.0 137.0 69.0 98.0 882.000
1790 212.0 103.0 232.0 255.0 963.000
1796 191.0 61.0 90.0 77.0 760.000
1799 23.0 158.0 123.0 217.0 947.000
1799 170.0 301.0 208.0 74.0 769.000
1801 141.0 275.0 120.0 100.0 986.000
1801 19.0 216.0 49.0 139.0 949.000
1801 113.0 216.0 56.0 56.0 941.000
1801 340.0 215.0 33.0 71.0 903.000
1801 321.0 211.0 35.0 71.0 825.000
1801 254.0 213.0 35.0 56.0 799.000
1808 326.0 289.0 48.0 155.0 903.000
1811 277.0 1.0 144.0 126.0 984.000
1811 1.0 311.0 80.0 59.0 713.000
1821 44.0 184.0 97.0 115.0 931.000
1851 386.0 166.0 114.0 204.0 938.000
1851 83.0 57.0 207.0 299.0 874.000
1853 362.0 34.0 79.0 152.0 965.000
1861 118.0 270.0 188.0 97.0 989.000
1861 317.0 232.0 183.0 142.0 987.000
1863 295.0 125.0 164.0 109.0 927.000
1864 78.0 183.0 125.0 185.0 995.000
1864 210.0 208.0 113.0 167.0 983.000
1871 303.0 41.0 137.0 87.0 996.000
1871 42.0 77.0 115.0 98.0 957.000
1873 80.0 18.0 359.0 306.0 994.000
1873 368.0 6.0 43.0 80.0 710.000
1894 370.0 1.0 130.0 186.0 880.000
1911 295.0 177.0 67.0 63.0 923.000
1922 29.0 25.0 66.0 89.0 994.000
1922 202.0 25.0 63.0 55.0 959.000
1922 122.0 32.0 63.0 75.0 901.000
1925 155.0 68.0 72.0 152.0 835.000
1929 127.0 38.0 90.0 82.0 996.000
1929 264.0 32.0 89.0 70.0 990.000
1934 3.0 187.0 128.0 126.0 950.000
1934 288.0 201.0 60.0 119.0 911.000
1934 338.0 233.0 37.0 124.0 824.000
1939 392.0 230.0 105.0 104.0 892.000
1948 97.0 170.0 61.0 79.0 875.000
1959 148.0 191.0 57.0 91.0 806.000
1959 101.0 181.0 46.0 101.0 795.000
1982 87.0 228.0 61.0 44.0 928.000
1998 134.0 212.0 66.0 80.0 995.000
1998 51.0 233.0 86.0 102.0 966.000
2003 1.0 95.0 37.0 144.0 939.000
2007 111.0 203.0 57.0 85.0 993.000
2007 70.0 202.0 44.0 82.0 992.000
2007 67.0 205.0 23.0 76.0 895.000
2007 88.0 193.0 21.0 17.0 859.000
2007 151.0 202.0 28.0 78.0 782.000
2012 46.0 1.0 251.0 240.0 869.000
2017 88.0 22.0 106.0 126.0 996.000
2017 3.0 35.0 104.0 96.0 845.000
2032 139.0 7.0 347.0 263.0 808.000
2032 19.0 3.0 283.0 264.0 794.000
2034 279.0 174.0 68.0 143.0 926.000
2036 87.0 93.0 66.0 91.0 801.000
2040 123.0 71.0 229.0 275.0 807.000
2046 451.0 201.0 43.0 125.0 971.000
2052 1.0 103.0 39.0 62.0 843.000
2052 274.0 44.0 40.0 76.0 829.000
2056 429.0 27.0 71.0 211.0 938.000
2056 362.0 20.0 73.0 116.0 735.000
2070 266.0 279.0 104.0 54.0 994.000
2070 306.0 208.0 48.0 44.0 988.000
2070 360.0 195.0 38.0 44.0 934.000
2070 5.0 200.0 105.0 124.0 701.000
2078 200.0 9.0 68.0 119.0 997.000
2103 322.0 152.0 161.0 197.0 917.000
2114 4.0 214.0 84.0 194.0 958.000
2114 64.0 161.0 68.0 118.0 914.000
2120 159.0 255.0 77.0 101.0 974.000
2120 258.0 293.0 47.0 70.0 922.000
2128 467.0 216.0 33.0 94.0 766.000
2146 133.0 96.0 105.0 111.0 986.000
2146 290.0 194.0 193.0 181.0 985.000
2146 408.0 197.0 89.0 178.0 772.000
2168 314.0 116.0 125.0 131.0 847.000
2168 63.0 82.0 149.0 222.0 704.000
2177 1.0 14.0 451.0 348.0 993.000
2204 33.0 16.0 384.0 345.0 850.000
2215 48.0 182.0 152.0 181.0 955.000
2215 74.0 106.0 43.0 95.0 766.000
2216 344.0 2.0 76.0 108.0 975.000
2216 373.0 3.0 97.0 113.0 857.000
2216 436.0 29.0 63.0 98.0 715.000
2226 149.0 154.0 58.0 43.0 713.000
2239 149.0 134.0 256.0 221.0 930.000
2239 450.0 259.0 50.0 113.0 870.000
2246 88.0 71.0 235.0 386.0 997.000
2246 6.0 174.0 129.0 134.0 802.000
2254 374.0 1.0 119.0 128.0 918.000
2270 270.0 238.0 91.0 90.0 967.000
2270 474.0 205.0 27.0 68.0 902.000
2270 455.0 197.0 36.0 79.0 714.000
2303 1.0 1.0 194.0 204.0 996.000
2312 2.0 245.0 154.0 130.0 966.000
2312 260.0 244.0 240.0 129.0 758.000
2327 10.0 131.0 286.0 229.0 834.000
2327 286.0 133.0 209.0 235.0 798.000
2330 116.0 199.0 119.0 215.0 949.000
2346 211.0 132.0 35.0 110.0 749.000
2359 14.0 180.0 264.0 317.0 970.000
2366 174.0 161.0 148.0 96.0 969.000
2381 441.0 8.0 59.0 193.0 723.000
2389 216.0 206.0 103.0 128.0 999.000
2389 1.0 166.0 84.0 159.0 998.000
2392 72.0 94.0 87.0 156.0 703.000
2404 221.0 182.0 110.0 119.0 991.000
2404 66.0 185.0 87.0 119.0 988.000
2407 1.0 346.0 61.0 148.0 989.000
2427 4.0 358.0 45.0 140.0 982.000
2436 183.0 145.0 79.0 53.0 942.000
2436 8.0 147.0 109.0 138.0 915.000
2436 405.0 115.0 95.0 106.0 911.000
2439 311.0 137.0 182.0 176.0 961.000
2443 187.0 205.0 66.0 76.0 989.000
2443 273.0 189.0 65.0 101.0 970.000
2443 348.0 174.0 73.0 106.0 967.000
2443 146.0 174.0 43.0 20.0 900.000
2443 133.0 211.0 57.0 81.0 740.000
2457 5.0 18.0 315.0 289.0 731.000
2480 432.0 201.0 66.0 102.0 715.000
2505 1.0 219.0 128.0 122.0 847.000
2517 60.0 109.0 196.0 214.0 986.000
2517 298.0 107.0 134.0 219.0 974.000
2517 5.0 106.0 113.0 223.0 958.000
2517 105.0 103.0 72.0 150.0 700.000
2544 456.0 229.0 44.0 135.0 705.000
2551 1.0 12.0 190.0 363.0 783.000
2584 356.0 88.0 72.0 58.0 997.000
2584 39.0 96.0 73.0 102.0 980.000
2584 400.0 185.0 99.0 188.0 946.000
2586 177.0 377.0 198.0 123.0 994.000
2586 1.0 317.0 67.0 99.0 950.000
2588 323.0 231.0 73.0 95.0 925.000
2588 171.0 266.0 107.0 109.0 812.000
2592 292.0 41.0 101.0 116.0 722.000
2613 254.0 323.0 199.0 52.0 734.000
2613 159.0 155.0 53.0 46.0 712.000
2630 177.0 159.0 71.0 79.0 869.000
2643 438.0 236.0 62.0 102.0 816.000
2645 291.0 191.0 85.0 139.0 998.000
2650 91.0 188.0 50.0 47.0 977.000
2650 179.0 196.0 38.0 40.0 975.000
2650 245.0 181.0 77.0 50.0 942.000
2650 160.0 193.0 44.0 47.0 861.000
2650 163.0 199.0 19.0 36.0 813.000
2650 99.0 196.0 21.0 36.0 772.000
2650 133.0 196.0 38.0 44.0 755.000
2653 1.0 130.0 91.0 222.0 999.000
2676 271.0 228.0 41.0 58.0 995.000
2676 135.0 224.0 47.0 64.0 988.000
2676 171.0 229.0 55.0 67.0 987.000
2676 89.0 225.0 38.0 62.0 935.000
2696 94.0 249.0 106.0 124.0 979.000
2696 317.0 258.0 67.0 90.0 935.000
2696 232.0 266.0 50.0 85.0 896.000
2719 1.0 53.0 74.0 131.0 982.000
2719 281.0 75.0 53.0 143.0 965.000
2724 3.0 26.0 103.0 338.0 815.000
2733 132.0 240.0 67.0 83.0 798.000
2738 414.0 171.0 86.0 142.0 995.000
2738 7.0 252.0 171.0 122.0 856.000
2761 165.0 264.0 91.0 123.0 875.000
2761 33.0 220.0 53.0 188.0 866.000
2761 103.0 186.0 20.0 31.0 747.000
2766 322.0 1.0 178.0 170.0 971.000
2766 132.0 47.0 263.0 314.0 746.000
2766 216.0 4.0 119.0 99.0 740.000
2767 2.0 276.0 114.0 57.0 905.000
2785 331.0 105.0 88.0 146.0 997.000
2785 407.0 79.0 49.0 118.0 924.000
2788 100.0 302.0 89.0 185.0 826.000
2789 3.0 236.0 131.0 139.0 993.000
2789 273.0 194.0 69.0 168.0 979.000
2789 332.0 168.0 81.0 154.0 977.000
2789 185.0 201.0 107.0 174.0 956.000
2789 13.0 183.0 82.0 75.0 923.000
2789 366.0 164.0 58.0 116.0 848.000
2801 374.0 1.0 122.0 110.0 996.000
2801 71.0 14.0 313.0 365.0 886.000
2803 148.0 185.0 108.0 81.0 984.000
2816 283.0 156.0 206.0 180.0 854.000
2818 164.0 236.0 109.0 139.0 989.000
2818 8.0 252.0 143.0 123.0 980.000
2818 271.0 123.0 33.0 65.0 931.000
2818 411.0 204.0 50.0 106.0 867.000
2820 375.0 125.0 112.0 152.0 997.000
2820 227.0 188.0 100.0 119.0 996.000
2820 315.0 39.0 73.0 119.0 978.000
2820 41.0 87.0 74.0 111.0 965.000
2820 199.0 37.0 59.0 93.0 962.000
2820 66.0 141.0 105.0 120.0 908.000
2820 413.0 106.0 71.0 73.0 838.000
2820 425.0 28.0 56.0 75.0 835.000
2820 282.0 36.0 47.0 66.0 772.000
2820 86.0 61.0 57.0 97.0 752.000
2839 90.0 106.0 281.0 366.0 973.000
2852 162.0 6.0 121.0 37.0 887.000
2855 8.0 144.0 117.0 169.0 997.000
2855 202.0 229.0 137.0 146.0 990.000
2855 68.0 174.0 64.0 134.0 849.000
2855 281.0 176.0 190.0 199.0 833.000
2855 318.0 251.0 121.0 124.0 775.000
2859 118.0 253.0 200.0 198.0 917.000
2864 3.0 192.0 135.0 185.0 825.000
2865 192.0 191.0 91.0 124.0 983.000
2865 292.0 285.0 81.0 30.0 809.000
2869 23.0 148.0 80.0 108.0 882.000
2869 373.0 141.0 92.0 117.0 722.000
2870 413.0 105.0 54.0 87.0 736.000
2887 6.0 10.0 62.0 105.0 742.000
2889 3.0 227.0 138.0 122.0 846.000
2898 14.0 95.0 221.0 262.0 999.000
2905 94.0 54.0 146.0 289.0 988.000
2905 271.0 84.0 45.0 35.0 962.000
2905 328.0 78.0 67.0 43.0 944.000
2905 173.0 93.0 206.0 236.0 818.000
2912 294.0 20.0 44.0 59.0 997.000
2912 338.0 15.0 44.0 60.0 992.000
2912 377.0 20.0 43.0 58.0 987.000
2912 423.0 19.0 55.0 59.0 986.000
2912 161.0 24.0 46.0 52.0 982.000
2912 217.0 22.0 37.0 65.0 975.000
2930 416.0 121.0 61.0 94.0 999.000
2930 248.0 116.0 36.0 49.0 982.000
2930 298.0 123.0 33.0 43.0 942.000
2930 183.0 123.0 47.0 73.0 827.000
2930 369.0 116.0 35.0 16.0 765.000
2934 260.0 144.0 59.0 88.0 731.000
2938 54.0 275.0 221.0 79.0 922.000
2938 410.0 198.0 69.0 150.0 717.000
2949 215.0 263.0 109.0 106.0 746.000
2953 153.0 220.0 102.0 155.0 995.000
2953 301.0 205.0 48.0 134.0 982.000
2953 243.0 206.0 76.0 156.0 911.000
2953 85.0 208.0 95.0 153.0 705.000
2974 95.0 210.0 86.0 121.0 985.000
2974 288.0 168.0 85.0 96.0 967.000
2981 2.0 268.0 54.0 65.0 860.000
2981 345.0 230.0 40.0 101.0 833.000
2989 199.0 185.0 91.0 106.0 996.000
2989 350.0 174.0 66.0 113.0 984.000
2989 75.0 173.0 62.0 106.0 971.000
2989 321.0 178.0 35.0 74.0 945.000
2989 114.0 194.0 80.0 109.0 942.000
2989 2.0 280.0 77.0 77.0 903.000
2989 416.0 181.0 62.0 96.0 818.000
2989 396.0 176.0 94.0 181.0 778.000
2989 380.0 156.0 45.0 26.0 746.000
3015 240.0 29.0 74.0 92.0 902.000
3016 13.0 214.0 99.0 159.0 997.000
3016 172.0 216.0 95.0 159.0 996.000
3016 251.0 195.0 53.0 129.0 992.000
3016 101.0 188.0 42.0 38.0 903.000
3016 98.0 182.0 60.0 150.0 871.000
3027 92.0 200.0 51.0 84.0 980.000
3027 208.0 208.0 52.0 83.0 923.000
3027 90.0 296.0 53.0 95.0 848.000
3027 119.0 166.0 30.0 28.0 830.000
3027 92.0 173.0 24.0 70.0 775.000
3029 367.0 91.0 45.0 50.0 736.000
3035 49.0 152.0 97.0 109.0 878.000
3035 399.0 282.0 82.0 93.0 859.000
3052 323.0 151.0 115.0 121.0 946.000
3057 12.0 137.0 157.0 143.0 713.000
3091 77.0 463.0 232.0 35.0 926.000
3097 84.0 282.0 43.0 152.0 936.000
3111 26.0 1.0 157.0 87.0 973.000
3111 368.0 11.0 132.0 119.0 872.000
3111 455.0 45.0 45.0 107.0 822.000
3113 359.0 67.0 55.0 61.0 925.000
3113 330.0 72.0 42.0 71.0 752.000
3113 170.0 63.0 39.0 49.0 703.000
3117 295.0 192.0 151.0 161.0 747.000
3120 93.0 195.0 115.0 80.0 919.000
3122 34.0 119.0 85.0 93.0 987.000
3126 144.0 99.0 145.0 77.0 784.000
3126 309.0 109.0 130.0 73.0 781.000
3131 424.0 213.0 49.0 67.0 926.000
3131 364.0 271.0 128.0 101.0 840.000
3132 1.0 11.0 473.0 339.0 737.000
3153 166.0 172.0 108.0 100.0 726.000
3154 275.0 172.0 72.0 93.0 923.000
3165 50.0 96.0 39.0 62.0 763.000
3172 252.0 183.0 49.0 54.0 937.000
3172 224.0 214.0 96.0 120.0 937.000
3172 387.0 128.0 64.0 87.0 919.000
3190 31.0 274.0 179.0 98.0 990.000
3190 401.0 257.0 99.0 118.0 980.000
3199 333.0 6.0 167.0 217.0 707.000
3201 1.0 248.0 60.0 126.0 828.000
3205 127.0 200.0 86.0 132.0 999.000
3205 27.0 200.0 90.0 127.0 990.000
3210 300.0 262.0 75.0 163.0 993.000
3210 2.0 278.0 74.0 117.0 992.000
3213 2.0 30.0 60.0 140.0 756.000
3225 6.0 218.0 204.0 280.0 849.000
3231 126.0 282.0 133.0 186.0 729.000
3232 47.0 226.0 165.0 149.0 932.000
3247 89.0 242.0 46.0 74.0 970.000
3247 303.0 261.0 35.0 23.0 964.000
3247 142.0 260.0 63.0 60.0 961.000
3247 3.0 242.0 55.0 70.0 954.000
3247 181.0 223.0 21.0 30.0 835.000
3247 233.0 237.0 30.0 26.0 806.000
3250 453.0 255.0 47.0 116.0 975.000
3250 3.0 260.0 63.0 115.0 975.000
3250 307.0 106.0 36.0 53.0 934.000
3291 263.0 217.0 236.0 158.0 937.000
3291 399.0 207.0 101.0 158.0 933.000
3291 1.0 187.0 42.0 59.0 803.000
3291 5.0 213.0 195.0 162.0 712.000
3299 175.0 371.0 129.0 127.0 844.000
3307 375.0 204.0 125.0 158.0 875.000
3307 28.0 243.0 109.0 132.0 792.000
3313 46.0 155.0 119.0 126.0 973.000
3324 86.0 178.0 182.0 181.0 885.000
3333 254.0 24.0 87.0 105.0 975.000
3333 174.0 16.0 106.0 92.0 885.000
3333 408.0 53.0 92.0 133.0 875.000
3333 93.0 2.0 108.0 93.0 850.000
3343 1.0 198.0 30.0 145.0 980.000
3345 102.0 221.0 77.0 75.0 915.000
3345 161.0 157.0 43.0 28.0 846.000
3359 1.0 68.0 69.0 143.0 868.000
3370 209.0 40.0 119.0 132.0 994.000
3370 276.0 75.0 99.0 181.0 905.000
3372 304.0 181.0 145.0 139.0 994.000
3387 62.0 148.0 50.0 27.0 989.000
3387 212.0 157.0 69.0 94.0 980.000
3387 135.0 140.0 37.0 18.0 949.000
3387 123.0 151.0 48.0 125.0 874.000
3387 299.0 193.0 190.0 179.0 767.000
3387 225.0 132.0 41.0 20.0 762.000
3417 9.0 186.0 175.0 189.0 962.000
3430 269.0 131.0 102.0 155.0 998.000
3430 154.0 151.0 51.0 120.0 992.000
3430 114.0 159.0 102.0 136.0 707.000
3439 244.0 176.0 54.0 35.0 722.000
3460 162.0 241.0 120.0 59.0 989.000
3460 353.0 113.0 44.0 72.0 955.000
3460 257.0 187.0 96.0 95.0 938.000
3460 228.0 116.0 66.0 106.0 936.000
3460 310.0 95.0 35.0 55.0 882.000
3474 390.0 231.0 110.0 101.0 949.000
3492 207.0 240.0 168.0 252.0 864.000
3495 107.0 215.0 59.0 88.0 981.000
3495 74.0 214.0 34.0 82.0 907.000
3500 77.0 266.0 65.0 74.0 987.000
3517 65.0 205.0 104.0 92.0 939.000
3517 350.0 211.0 120.0 162.0 822.000
3521 27.0 36.0 426.0 271.0 853.000
3525 3.0 193.0 32.0 48.0 716.000
3550 305.0 213.0 84.0 155.0 939.000
3563 263.0 125.0 102.0 57.0 993.000
3563 152.0 132.0 43.0 50.0 954.000
3563 35.0 130.0 63.0 45.0 946.000
3563 72.0 125.0 46.0 51.0 887.000
3563 124.0 127.0 29.0 49.0 851.000
3563 265.0 127.0 52.0 43.0 850.000
3566 200.0 161.0 50.0 53.0 916.000
3566 464.0 138.0 36.0 65.0 814.000
3566 437.0 131.0 55.0 90.0 787.000
3569 361.0 218.0 139.0 131.0 970.000
3573 240.0 112.0 122.0 100.0 971.000
3579 1.0 329.0 67.0 46.0 867.000
3582 179.0 46.0 110.0 88.0 993.000
3582 1.0 70.0 124.0 119.0 955.000
3582 397.0 48.0 98.0 83.0 786.000
3590 184.0 72.0 234.0 301.0 998.000
3596 184.0 239.0 137.0 242.0 903.000
3596 38.0 476.0 135.0 24.0 730.000
3619 162.0 250.0 53.0 89.0 988.000
3622 13.0 8.0 116.0 121.0 844.000
3629 296.0 269.0 161.0 106.0 899.000
3631 137.0 148.0 71.0 88.0 993.000
3631 244.0 147.0 67.0 94.0 984.000
3640 302.0 115.0 149.0 170.0 994.000
3651 12.0 388.0 85.0 112.0 956.000
3651 158.0 296.0 81.0 160.0 953.000
3663 90.0 166.0 66.0 42.0 995.000
3663 48.0 215.0 126.0 119.0 848.000
3663 266.0 175.0 37.0 56.0 802.000
3665 139.0 174.0 77.0 59.0 995.000
3665 367.0 201.0 70.0 89.0 989.000
3670 192.0 86.0 51.0 66.0 996.000
3670 236.0 159.0 57.0 77.0 911.000
3675 194.0 293.0 50.0 78.0 980.000
3675 391.0 282.0 34.0 67.0 967.000
3675 446.0 273.0 46.0 75.0 957.000
3675 423.0 287.0 37.0 63.0 955.000
3681 78.0 16.0 308.0 304.0 797.000
3690 356.0 43.0 39.0 54.0 922.000
3690 46.0 54.0 76.0 135.0 855.000
3690 402.0 57.0 95.0 121.0 806.000
3697 121.0 1.0 120.0 75.0 899.000
3703 1.0 327.0 145.0 173.0 778.000
3704 285.0 246.0 59.0 84.0 954.000
3711 425.0 82.0 74.0 151.0 975.000
3712 8.0 103.0 150.0 93.0 989.000
3733 1.0 154.0 60.0 76.0 761.000
3749 89.0 13.0 122.0 167.0 764.000
3751 297.0 211.0 59.0 95.0 990.000
3751 26.0 191.0 90.0 124.0 969.000
3752 416.0 179.0 84.0 175.0 976.000
3752 303.0 132.0 96.0 174.0 959.000
3752 130.0 181.0 49.0 89.0 855.000
3769 259.0 172.0 33.0 62.0 963.000
3769 294.0 149.0 78.0 96.0 959.000
3794 209.0 97.0 86.0 119.0 948.000
3797 326.0 259.0 169.0 114.0 917.000
3821 358.0 200.0 29.0 54.0 934.000
3821 192.0 221.0 40.0 75.0 874.000
3821 388.0 211.0 17.0 39.0 718.000
3828 147.0 245.0 61.0 34.0 982.000
3828 242.0 230.0 51.0 96.0 957.000
3828 1.0 262.0 46.0 42.0 894.000
3828 162.0 307.0 75.0 69.0 880.000
3828 273.0 229.0 40.0 86.0 788.000
3828 270.0 216.0 29.0 20.0 741.000
3836 6.0 57.0 365.0 432.0 940.000
3837 15.0 105.0 55.0 67.0 914.000
3837 7.0 144.0 104.0 268.0 817.000
3842 361.0 174.0 47.0 73.0 955.000
3844 333.0 271.0 114.0 104.0 997.000
3856 399.0 218.0 101.0 53.0 974.000
3859 74.0 213.0 105.0 160.0 984.000
3859 249.0 212.0 180.0 158.0 959.000
3868 85.0 216.0 140.0 158.0 873.000
3876 200.0 172.0 35.0 42.0 958.000
3883 226.0 1.0 169.0 195.0 917.000
3886 72.0 166.0 172.0 203.0 997.000
3886 380.0 160.0 96.0 132.0 990.000
3887 342.0 228.0 157.0 103.0 947.000
3889 38.0 137.0 26.0 47.0 967.000
3894 108.0 231.0 39.0 50.0 732.000
3894 180.0 249.0 54.0 31.0 725.000
3919 341.0 173.0 145.0 160.0 922.000
3919 219.0 214.0 97.0 119.0 919.000
3919 40.0 180.0 125.0 154.0 906.000
3919 16.0 112.0 49.0 84.0 853.000
3959 80.0 142.0 109.0 49.0 739.000
3991 245.0 240.0 16.0 21.0 725.000
3991 154.0 240.0 33.0 22.0 701.000
3991 183.0 225.0 26.0 38.0 700.000
3996 9.0 316.0 100.0 55.0 850.000
3998 10.0 7.0 165.0 165.0 837.000
4000 196.0 163.0 71.0 37.0 948.000
4000 163.0 161.0 113.0 64.0 875.000
4000 234.0 164.0 27.0 37.0 728.000
4007 304.0 280.0 139.0 95.0 989.000
4007 270.0 196.0 59.0 30.0 938.000
4007 167.0 208.0 105.0 167.0 933.000
4023 296.0 125.0 76.0 131.0 981.000
4023 45.0 123.0 231.0 274.0 901.000
4025 116.0 138.0 97.0 145.0 998.000
4025 286.0 130.0 80.0 139.0 995.000
4025 213.0 138.0 83.0 175.0 984.000
4035 306.0 213.0 170.0 148.0 960.000
4047 6.0 278.0 44.0 54.0 948.000
4047 319.0 275.0 55.0 28.0 895.000
4047 207.0 255.0 65.0 29.0 842.000
4050 4.0 11.0 64.0 92.0 990.000
4060 55.0 30.0 382.0 340.0 798.000
4065 113.0 362.0 99.0 130.0 981.000
4066 5.0 32.0 328.0 418.0 979.000
4072 147.0 112.0 66.0 88.0 929.000
4078 172.0 222.0 51.0 39.0 995.000
4078 232.0 277.0 102.0 94.0 937.000
4078 264.0 243.0 63.0 94.0 918.000
4089 10.0 204.0 117.0 107.0 798.000
4097 41.0 256.0 164.0 114.0 971.000
4097 418.0 207.0 49.0 90.0 813.000
4103 251.0 7.0 80.0 94.0 915.000
4103 306.0 15.0 57.0 97.0 907.000
4143 285.0 177.0 57.0 63.0 991.000
4156 426.0 137.0 45.0 50.0 895.000
4165 138.0 115.0 93.0 94.0 983.000
4165 228.0 97.0 105.0 70.0 971.000
4165 2.0 150.0 65.0 112.0 888.000
4165 302.0 97.0 44.0 51.0 727.000
4170 43.0 42.0 283.0 384.0 989.000
4178 12.0 206.0 233.0 169.0 734.000
4180 342.0 209.0 93.0 127.0 954.000
4180 320.0 295.0 78.0 80.0 842.000
4180 363.0 240.0 116.0 134.0 825.000
4180 425.0 210.0 46.0 71.0 822.000
4180 439.0 199.0 59.0 101.0 739.000
4191 254.0 179.0 85.0 116.0 999.000
4191 362.0 183.0 71.0 106.0 922.000
4194 3.0 204.0 93.0 162.0 907.000
4210 387.0 342.0 113.0 32.0 845.000
4212 9.0 94.0 254.0 392.0 901.000
4217 169.0 255.0 118.0 182.0 999.000
4221 4.0 229.0 168.0 229.0 999.000
4221 176.0 239.0 148.0 199.0 996.000
4223 55.0 15.0 69.0 78.0 984.000
4223 374.0 8.0 64.0 88.0 973.000
4223 288.0 15.0 59.0 75.0 934.000
4223 140.0 20.0 66.0 57.0 911.000
4223 433.0 29.0 68.0 61.0 812.000
4224 5.0 312.0 105.0 161.0 834.000
4229 44.0 206.0 46.0 62.0 816.000
4235 48.0 1.0 451.0 367.0 794.000
4246 348.0 192.0 119.0 120.0 980.000
4246 237.0 320.0 54.0 55.0 773.000
4280 23.0 3.0 423.0 318.0 942.000
4284 137.0 127.0 29.0 36.0 762.000
4286 1.0 260.0 74.0 70.0 706.000
4292 374.0 163.0 53.0 73.0 937.000
4293 264.0 211.0 65.0 76.0 928.000
4293 328.0 189.0 170.0 184.0 909.000
4293 145.0 217.0 91.0 89.0 850.000
4304 309.0 67.0 183.0 212.0 995.000
4304 2.0 100.0 229.0 275.0 798.000
4307 289.0 1.0 51.0 25.0 790.000
4307 221.0 1.0 63.0 28.0 789.000
4307 311.0 178.0 184.0 193.0 717.000
4321 360.0 156.0 129.0 102.0 964.000
4321 54.0 98.0 99.0 92.0 789.000
4321 89.0 192.0 93.0 111.0 760.000
4323 63.0 179.0 134.0 288.0 997.000
4333 321.0 105.0 69.0 40.0 708.000
4342 141.0 76.0 219.0 188.0 915.000
4350 118.0 68.0 257.0 260.0 833.000
4354 21.0 56.0 46.0 55.0 956.000
4362 4.0 331.0 105.0 44.0 956.000
4362 102.0 339.0 129.0 36.0 935.000
4362 275.0 333.0 121.0 42.0 925.000
4363 108.0 179.0 64.0 88.0 998.000
4363 5.0 214.0 70.0 87.0 906.000
4363 194.0 184.0 18.0 47.0 734.000
4369 35.0 14.0 444.0 352.0 966.000
4373 52.0 191.0 129.0 184.0 979.000
4389 351.0 298.0 79.0 77.0 980.000
4389 477.0 249.0 23.0 59.0 769.000
4397 83.0 211.0 101.0 46.0 961.000
4397 309.0 237.0 68.0 32.0 931.000
4408 92.0 176.0 256.0 324.0 954.000
4429 138.0 228.0 143.0 147.0 866.000
4435 323.0 103.0 107.0 116.0 867.000
4450 2.0 202.0 89.0 173.0 986.000
4450 234.0 231.0 208.0 135.0 740.000
4450 461.0 242.0 39.0 131.0 731.000
4450 251.0 159.0 38.0 52.0 704.000
4457 80.0 22.0 257.0 446.0 998.000
4458 3.0 96.0 182.0 164.0 985.000
4461 337.0 191.0 150.0 130.0 936.000
4465 6.0 105.0 193.0 263.0 992.000
4465 8.0 264.0 187.0 111.0 742.000
4467 1.0 119.0 41.0 141.0 842.000
4467 31.0 129.0 52.0 128.0 830.000
4469 9.0 240.0 122.0 112.0 761.000
4478 102.0 105.0 185.0 258.0 999.000
4478 315.0 249.0 168.0 120.0 996.000
4487 248.0 327.0 133.0 173.0 993.000
4488 83.0 73.0 78.0 147.0 989.000
4488 291.0 109.0 116.0 181.0 972.000
4500 80.0 76.0 17.0 20.0 708.000
4513 330.0 227.0 98.0 99.0 992.000
4513 99.0 227.0 91.0 94.0 990.000
4513 144.0 209.0 66.0 55.0 986.000
4513 315.0 210.0 63.0 62.0 950.000
4529 375.0 85.0 60.0 87.0 896.000
4534 148.0 277.0 51.0 82.0 940.000
4534 35.0 410.0 155.0 90.0 915.000
4542 349.0 241.0 102.0 48.0 983.000
4546 388.0 228.0 77.0 136.0 863.000
4566 113.0 74.0 72.0 43.0 954.000
4566 368.0 93.0 89.0 62.0 953.000
4566 264.0 77.0 71.0 62.0 931.000
4566 4.0 212.0 153.0 104.0 776.000
4593 328.0 281.0 115.0 65.0 727.000
4596 279.0 242.0 133.0 117.0 916.000
4596 173.0 272.0 122.0 97.0 851.000
4596 450.0 229.0 30.0 53.0 827.000
4617 263.0 160.0 119.0 206.0 902.000
4617 72.0 155.0 62.0 149.0 802.000
4638 1.0 147.0 117.0 200.0 822.000
4639 415.0 166.0 81.0 108.0 992.000
4639 329.0 165.0 84.0 117.0 984.000
4640 3.0 285.0 140.0 85.0 877.000
4640 5.0 312.0 168.0 179.0 797.000
4642 87.0 221.0 72.0 112.0 955.000
4667 63.0 234.0 48.0 56.0 858.000
4672 97.0 235.0 32.0 96.0 808.000
4677 140.0 1.0 101.0 33.0 872.000
4683 103.0 188.0 82.0 105.0 992.000
4698 373.0 147.0 121.0 154.0 925.000
4698 299.0 145.0 47.0 105.0 776.000
4702 138.0 269.0 77.0 106.0 995.000
4702 299.0 274.0 35.0 31.0 864.000
4702 391.0 264.0 97.0 108.0 841.000
4707 252.0 138.0 83.0 180.0 745.000
4719 239.0 269.0 121.0 220.0 934.000
4719 204.0 212.0 44.0 84.0 795.000
4719 189.0 237.0 72.0 213.0 726.000
4732 82.0 104.0 268.0 271.0 979.000
4734 289.0 171.0 108.0 134.0 996.000
4734 373.0 155.0 82.0 144.0 967.000
4734 162.0 161.0 104.0 159.0 967.000
4734 99.0 142.0 59.0 144.0 838.000
4735 400.0 258.0 61.0 117.0 832.000
4776 79.0 339.0 152.0 157.0 996.000
4776 240.0 296.0 55.0 52.0 984.000
4776 241.0 388.0 134.0 111.0 974.000
4776 34.0 296.0 61.0 99.0 733.000
4786 348.0 232.0 110.0 136.0 793.000
4788 410.0 167.0 68.0 77.0 991.000
4788 35.0 173.0 66.0 90.0 959.000
4789 308.0 270.0 90.0 64.0 918.000
4791 255.0 367.0 79.0 118.0 837.000
4797 111.0 16.0 372.0 342.0 750.000
4805 356.0 194.0 105.0 98.0 992.000
4805 221.0 216.0 126.0 78.0 989.000
4805 4.0 270.0 63.0 105.0 916.000
4805 119.0 264.0 76.0 45.0 888.000
4805 28.0 274.0 77.0 86.0 785.000
4806 2.0 172.0 99.0 122.0 778.000
4813 1.0 1.0 124.0 143.0 899.000
4818 261.0 166.0 181.0 202.0 998.000
4819 245.0 206.0 75.0 128.0 996.000
4819 358.0 196.0 48.0 102.0 985.000
4821 105.0 24.0 96.0 81.0 915.000
4826 270.0 190.0 202.0 185.0 935.000
4841 1.0 226.0 40.0 106.0 995.000
4841 119.0 246.0 73.0 112.0 989.000
4860 2.0 242.0 89.0 133.0 874.000
4861 74.0 159.0 113.0 75.0 932.000
4861 421.0 70.0 80.0 187.0 782.000
4863 29.0 1.0 464.0 355.0 772.000
4865 450.0 117.0 48.0 101.0 985.000
4869 318.0 205.0 129.0 168.0 856.000
4877 8.0 77.0 209.0 298.0 830.000
4878 343.0 249.0 133.0 107.0 996.000
4878 296.0 117.0 126.0 134.0 986.000
4878 305.0 199.0 74.0 49.0 983.000
4878 23.0 214.0 144.0 142.0 982.000
4878 139.0 236.0 134.0 120.0 920.000
4878 32.0 182.0 69.0 48.0 884.000
4878 215.0 182.0 43.0 45.0 802.000
4893 36.0 116.0 55.0 82.0 967.000
4897 3.0 114.0 119.0 186.0 988.000
4898 188.0 164.0 80.0 133.0 987.000
4898 63.0 193.0 98.0 117.0 986.000
4898 407.0 139.0 66.0 89.0 961.000
4898 349.0 142.0 49.0 81.0 954.000
4898 1.0 187.0 78.0 116.0 882.000
4898 278.0 140.0 60.0 79.0 834.000
4918 452.0 209.0 48.0 83.0 959.000
4918 24.0 172.0 52.0 65.0 844.000
4925 305.0 255.0 67.0 81.0 994.000
4927 218.0 85.0 32.0 61.0 963.000
4927 275.0 110.0 160.0 157.0 821.000
4934 61.0 239.0 90.0 119.0 991.000
4934 1.0 246.0 60.0 136.0 918.000
4936 86.0 234.0 100.0 139.0 815.000
