000003 0.984 262.7 152.1 306.9 199.3
000003 0.914 234.6 163.3 290.7 200.4
000006 0.997 135.8 205.1 256.0 374.5
000006 0.838 258.8 206.6 368.8 370.0
000006 0.774 244.8 287.3 344.6 372.4
000008 0.995 196.2 27.9 359.1 245.7
000053 0.906 6.4 34.4 452.4 369.0
000084 0.996 340.4 152.8 386.5 235.1
000084 0.995 284.2 164.0 343.3 270.6
000084 0.981 141.4 176.7 199.0 280.4
000084 0.979 227.3 187.1 287.3 302.9
000114 0.702 2.3 1.0 459.9 350.3
000116 0.930 1.0 216.2 38.9 301.7
000126 0.963 111.7 176.5 180.6 215.2
000126 0.945 317.4 166.7 359.1 215.6
000126 0.861 252.1 171.6 288.3 215.1
000126 0.836 94.3 166.8 129.6 189.1
000126 0.769 287.3 160.2 316.8 200.8
000144 0.953 393.0 227.9 465.7 321.9
000157 0.900 106.8 38.5 391.7 234.3
000181 0.866 312.6 177.8 394.0 225.6
000185 0.981 289.3 291.3 350.0 390.2
000196 0.999 73.4 159.4 168.1 298.8
000196 0.995 269.1 150.3 342.5 270.3
000196 0.954 1.1 196.1 74.5 360.8
000205 0.716 32.7 429.7 273.7 499.3
000217 0.995 127.7 218.6 237.4 333.5
000226 0.992 73.1 272.4 274.3 369.9
000226 0.987 287.6 269.3 421.5 369.3
000226 0.823 457.7 215.8 499.9 304.2
000226 0.712 1.8 208.1 65.0 308.4
000234 0.998 317.3 96.5 471.4 322.5
000234 0.842 204.2 203.7 284.5 342.2
000234 0.804 93.7 156.2 176.0 271.4
000239 0.819 2.5 183.7 22.6 280.9
000247 0.990 4.7 149.7 127.1 315.4
000280 0.940 12.0 171.4 120.1 336.2
000280 0.926 323.6 93.4 406.2 193.7
000280 0.750 262.9 121.4 345.5 228.9
000299 0.753 216.1 237.0 347.7 368.0
000314 0.996 210.5 181.9 295.3 314.2
000314 0.966 182.8 129.0 225.6 200.5
000314 0.966 198.2 124.2 225.1 141.7
000314 0.861 263.5 126.9 311.1 202.4
000314 0.761 1.5 216.8 39.6 287.0
000314 0.750 1.1 281.9 100.0 332.7
000327 0.897 202.6 32.7 279.0 91.1
000366 0.973 250.7 233.6 349.0 415.9
000366 0.955 15.7 194.6 99.4 434.6
000366 0.725 12.8 183.3 49.1 269.8
000377 0.860 378.5 263.2 496.3 375.1
000384 0.893 42.9 124.4 172.3 266.9
000385 0.997 157.4 196.0 283.8 375.5
000385 0.929 373.6 170.1 500.5 365.2
000397 0.930 269.4 194.9 297.3 264.9
000397 0.776 287.0 196.9 321.1 266.2
000429 0.756 405.5 211.5 484.3 370.6
000452 0.791 33.2 122.0 287.7 347.9
000481 0.925 44.2 270.7 184.6 357.5
000481 0.796 117.2 292.4 199.9 356.8
000487 0.977 346.1 247.9 484.8 375.5
000487 0.971 256.6 143.2 301.5 228.7
000487 0.968 29.0 249.5 184.8 376.5
000487 0.753 185.3 178.4 253.6 339.4
000510 0.998 42.2 247.6 160.7 375.5
000510 0.998 263.3 256.6 379.7 375.4
000510 0.996 151.1 270.9 254.9 375.5
000510 0.920 115.6 234.6 182.4 314.2
000510 0.816 230.2 238.2 272.4 276.0
000510 0.733 228.7 233.1 279.3 358.0
000510 0.716 141.6 236.4 184.2 274.1
000546 0.783 372.5 205.5 500.5 374.5
000547 0.928 152.5 391.5 209.8 498.5
000547 0.878 254.8 385.8 304.1 499.2
000547 0.817 6.7 406.6 70.8 497.2
000547 0.773 311.1 182.1 345.8 242.3
000573 0.947 1.0 64.9 152.9 220.8
000573 0.925 373.6 134.8 497.6 239.6
000575 0.823 24.3 96.4 273.9 468.2
000595 0.990 197.5 194.6 344.3 375.5
000595 0.987 147.1 172.2 230.9 354.4
000595 0.944 356.4 229.9 500.5 375.5
000595 0.902 299.1 152.0 346.6 197.4
000595 0.898 364.9 163.8 434.4 216.5
000595 0.828 166.8 147.0 228.7 189.4
000617 0.936 116.8 25.5 242.3 93.1
000621 0.995 328.5 164.3 465.7 369.3
000621 0.857 459.4 144.8 500.5 212.9
000621 0.776 414.3 149.0 500.5 367.8
000641 0.987 63.4 41.6 390.2 366.0
000650 0.936 3.3 169.4 55.0 270.2
000652 0.898 33.0 142.9 272.7 373.5
000658 0.890 30.2 241.5 63.1 342.6
000658 0.755 2.2 232.3 36.7 325.9
000683 0.757 20.0 296.1 140.7 332.3
000691 0.860 14.3 82.1 238.7 253.1
000745 0.960 152.5 1.0 226.8 42.3
000749 0.994 194.9 59.6 306.3 124.4
000749 0.965 326.9 58.5 452.5 136.8
000749 0.838 53.6 96.2 261.9 351.8
000749 0.808 304.3 66.0 465.7 371.7
000749 0.750 1.0 152.6 144.8 350.8
000790 0.835 410.0 279.4 500.5 331.9
000856 0.981 380.0 160.4 500.5 260.4
000870 0.809 100.1 114.1 149.4 153.9
000886 0.702 400.1 93.5 449.6 114.7
000905 0.864 158.7 45.0 500.5 371.5
000938 0.992 323.8 181.0 433.7 325.7
000938 0.885 217.8 167.9 284.3 242.2
000938 0.750 396.7 343.6 455.3 375.5
000939 0.816 1.2 462.1 78.5 498.6
000940 0.795 131.0 164.0 454.6 367.2
000953 0.998 24.6 186.2 130.2 351.8
000974 0.974 5.9 237.5 141.1 334.5
000994 0.978 215.5 149.6 464.1 371.7
000994 0.933 290.4 144.2 416.8 249.9
001023 0.955 439.9 284.2 496.5 399.4
001023 0.857 180.0 253.7 284.8 308.0
001023 0.835 113.7 249.2 179.6 302.5
001023 0.765 169.7 261.8 210.1 303.5
001025 0.921 9.9 39.4 105.7 188.2
001029 0.972 35.5 40.5 212.8 173.2
001035 0.772 324.6 209.7 391.9 299.4
001039 0.996 177.2 225.0 307.3 364.0
001081 0.995 142.9 172.5 274.8 361.2
001087 0.976 20.9 46.4 201.6 308.3
001087 0.770 120.7 73.1 238.4 206.8
001100 0.807 1.0 30.3 121.7 256.3
001133 0.749 4.5 26.5 28.7 218.8
001138 0.996 269.4 182.9 338.9 292.9
001138 0.991 145.3 198.7 230.6 274.3
001138 0.978 148.1 229.1 217.5 364.6
001138 0.790 56.6 210.7 106.7 247.9
001139 0.800 1.9 153.1 139.6 353.1
001163 0.982 47.6 131.3 117.0 222.2
001163 0.969 112.1 124.3 175.2 197.3
001163 0.952 2.6 146.2 62.7 290.1
001163 0.894 192.7 159.8 238.0 191.6
001179 0.992 170.9 153.6 336.4 367.3
001189 0.998 46.3 246.7 132.5 412.9
001189 0.998 256.1 252.7 344.3 419.8
001189 0.971 139.0 276.5 246.2 459.8
001189 0.861 85.7 246.9 113.5 286.0
001189 0.850 173.1 245.2 207.6 267.0
001189 0.712 263.3 248.9 301.2 310.7
001244 0.898 291.2 222.6 382.2 375.5
001244 0.862 3.1 160.0 66.8 269.5
001246 0.974 175.6 204.8 479.6 376.5
001256 0.806 484.9 119.2 500.5 144.6
001276 0.993 315.1 162.5 396.4 277.0
001276 0.986 6.9 171.7 235.1 371.4
001276 0.962 389.3 180.0 482.6 303.1
001302 0.996 163.3 97.2 241.7 162.5
001302 0.977 263.0 90.3 336.7 164.0
001302 0.964 192.9 215.3 360.4 375.5
001302 0.953 4.3 219.9 199.2 375.5
001319 0.939 75.8 198.6 259.8 375.5
001319 0.815 235.5 136.5 487.8 365.1
001340 0.942 207.5 53.3 400.7 289.1
001351 0.887 208.8 153.0 268.9 253.1
001354 0.846 365.2 167.4 426.4 244.8
001367 0.802 2.8 271.6 167.1 375.5
001374 0.890 245.2 274.5 330.5 358.4
001407 0.991 67.3 287.0 168.0 375.3
001407 0.981 429.9 276.2 500.5 375.5
001407 0.969 29.7 251.2 110.5 374.1
001407 0.963 6.8 219.7 60.5 315.5
001489 0.998 202.7 45.3 297.0 102.4
001489 0.940 3.1 80.0 111.5 147.6
001513 0.937 313.7 231.0 460.8 374.2
001519 0.991 33.9 249.7 124.1 339.6
001534 0.989 245.8 272.5 343.6 366.1
001534 0.980 83.3 266.2 171.1 325.4
001534 0.974 166.2 198.7 242.1 273.9
001534 0.910 113.6 181.6 167.5 246.4
001534 0.890 47.7 262.5 81.4 315.1
001534 0.818 5.4 267.4 72.6 314.8
001546 0.711 359.1 1.0 494.2 177.8
001549 0.767 1.5 163.5 30.0 210.0
001551 0.972 187.3 163.3 464.8 364.7
001551 0.865 1.0 99.1 137.8 311.9
001551 0.730 174.5 238.7 283.4 368.6
001564 0.759 186.0 263.6 264.6 296.9
001585 0.805 1.0 217.4 79.0 340.4
001599 0.970 241.1 145.8 329.0 232.9
001599 0.729 173.5 145.5 238.9 225.9
001599 0.703 337.5 244.5 500.5 375.5
001600 0.975 145.7 302.0 264.0 375.3
001600 0.853 268.6 321.4 416.9 373.3
001609 0.986 175.4 76.9 270.3 119.9
001609 0.978 337.3 110.8 375.4 200.0
001609 0.965 23.5 107.9 68.5 197.5
001609 0.754 1.0 166.9 30.4 264.1
001629 0.825 4.7 182.4 142.0 361.1
001648 0.740 3.8 256.8 110.7 375.5
001666 0.891 114.9 168.1 151.1 208.6
001666 0.841 335.1 199.6 397.7 243.2
001670 0.908 17.0 4.9 73.7 76.7
001674 0.996 213.3 285.0 291.2 323.3
001674 0.992 48.1 288.5 133.3 375.5
001674 0.985 137.2 323.0 241.4 375.5
001674 0.797 352.9 304.8 389.8 374.6
001696 0.808 266.7 140.8 333.0 231.7
001712 0.701 5.7 271.9 114.1 369.2
001735 0.981 94.5 81.8 239.5 343.5
001742 0.980 142.5 248.8 269.2 473.4
001742 0.783 91.2 270.1 154.1 447.1
001773 0.986 104.4 206.5 187.5 326.4
001773 0.857 200.9 218.2 270.4 334.5
001805 0.925 260.5 99.0 380.1 139.2
001811 0.814 130.4 171.0 180.8 193.2
001814 0.970 248.9 5.2 416.6 191.3
001826 0.991 390.4 159.7 478.1 311.8
001839 0.732 295.5 35.7 355.3 143.2
001914 0.877 3.0 319.5 81.6 489.0
001921 0.806 33.9 347.4 125.3 457.3
001942 0.951 1.7 125.9 39.9 178.3
001949 0.996 142.6 318.9 313.1 500.5
001949 0.971 293.2 309.9 374.0 489.6
001949 0.929 38.5 254.7 145.4 458.6
001949 0.903 60.2 263.1 138.7 300.7
001949 0.849 153.0 251.1 234.8 290.7
001949 0.738 64.8 334.6 162.3 495.5
001961 0.841 13.0 204.9 163.6 369.6
001990 0.999 188.7 147.6 348.1 372.4
001990 0.992 366.1 68.7 445.0 183.7
001990 0.992 1.0 133.4 115.5 338.4
001990 0.991 425.1 82.5 499.6 192.2
002065 0.777 58.0 38.4 459.3 304.6
002074 0.722 281.7 187.0 313.6 254.4
002081 0.845 1.0 199.7 86.9 281.6
002087 0.946 397.4 306.6 459.3 372.8
002100 0.990 100.8 232.9 144.5 288.1
002100 0.981 230.2 235.9 266.0 287.5
002100 0.828 166.6 229.5 204.7 279.4
002141 0.748 254.0 166.9 297.2 220.9
002159 0.987 5.5 70.6 94.8 215.6
002161 0.992 154.7 234.6 218.3 309.5
002161 0.982 196.7 226.0 246.9 299.5
002167 0.946 299.5 146.2 403.3 330.6
002189 0.858 2.1 191.5 89.9 299.9
002198 0.816 332.1 199.6 477.5 344.4
002227 0.708 1.0 131.3 76.3 239.6
002264 0.904 336.3 245.8 370.4 315.1
002264 0.827 147.3 226.2 203.9 318.5
002264 0.737 210.7 222.5 268.9 354.8
002282 0.901 192.4 338.5 321.5 374.6
002297 0.832 370.2 169.8 500.5 373.0
002301 0.852 1.1 239.9 183.8 365.7
002322 0.990 6.9 366.5 116.7 499.3
002322 0.987 276.5 338.7 342.1 496.6
002322 0.977 43.7 325.5 103.7 359.9
002322 0.960 140.3 362.7 240.3 500.5
002353 0.962 368.5 246.5 500.5 373.7
002353 0.951 39.4 245.9 183.6 368.0
002353 0.947 204.3 240.6 251.7 328.6
002353 0.915 248.6 240.6 297.8 325.2
002353 0.822 260.3 222.5 305.2 243.4
002389 0.998 351.9 182.5 453.9 374.9
002389 0.993 249.5 201.7 371.4 375.5
002389 0.992 80.2 188.8 148.8 244.7
002389 0.880 75.0 190.1 201.9 372.2
002414 0.721 227.6 243.7 313.0 273.9
002426 0.718 3.4 255.0 262.6 373.8
002449 0.880 3.6 264.6 224.6 373.2
002449 0.761 249.3 291.6 347.2 374.6
002455 0.828 469.2 265.6 500.4 360.8
002463 0.899 274.0 212.1 330.2 418.2
002463 0.786 3.2 226.2 43.0 409.7
002506 0.987 14.3 90.8 193.2 467.3
002506 0.953 138.9 64.8 303.3 390.5
002506 0.947 5.8 15.7 97.2 112.6
002506 0.897 1.0 25.4 93.6 224.1
002510 0.982 167.8 99.3 228.0 172.7
002510 0.825 225.4 93.0 277.3 132.2
002510 0.771 238.7 87.7 273.6 115.8
002538 0.900 83.1 285.5 163.4 345.5
002575 0.993 14.2 239.8 74.2 351.4
002581 0.856 444.5 181.8 500.5 314.6
002601 0.894 269.9 161.4 487.3 367.4
002610 0.956 21.6 317.2 129.2 374.7
002610 0.943 79.5 336.5 238.4 374.8
002610 0.717 293.9 316.9 357.2 366.7
002617 0.910 49.0 136.5 116.6 228.5
002624 0.925 412.3 210.9 494.6 269.7
002624 0.716 83.8 258.8 250.8 375.5
002638 0.999 212.9 180.5 336.4 372.8
002644 0.998 148.0 195.1 266.0 347.4
002650 0.998 322.5 99.6 391.2 205.9
002650 0.998 225.1 79.4 313.1 213.8
002654 0.941 12.3 241.3 133.3 372.0
002674 0.980 39.4 282.4 99.7 375.5
002674 0.911 169.2 312.0 276.4 375.5
002674 0.910 343.1 304.7 402.7 340.3
002674 0.907 367.6 321.2 431.2 375.5
002674 0.892 6.7 309.1 52.4 375.5
002674 0.886 288.4 288.9 329.6 331.7
002674 0.856 94.1 273.1 118.0 317.1
002674 0.811 174.7 277.5 223.4 311.1
002674 0.784 253.6 277.4 276.4 300.7
002705 0.881 1.8 189.3 54.7 362.2
002705 0.756 424.4 246.1 499.8 343.4
002705 0.724 411.1 89.4 481.4 222.8
002724 0.995 184.8 230.2 346.9 375.5
002724 0.990 323.5 203.3 438.6 330.5
002724 0.989 7.0 222.5 148.3 374.1
002724 0.989 82.7 184.5 151.7 252.2
002724 0.962 193.8 176.2 240.2 232.0
002724 0.814 331.7 178.0 404.2 227.7
002753 0.990 370.5 204.4 473.5 356.1
002753 0.988 97.8 219.8 226.9 368.3
002777 0.989 205.8 214.2 278.5 329.1
002777 0.947 276.9 192.2 318.4 271.0
002777 0.805 146.2 212.0 213.0 307.5
002787 0.933 58.6 9.4 482.2 375.5
002788 0.915 10.7 155.7 126.2 306.8
002788 0.845 81.6 111.1 124.6 146.6
002788 0.839 136.3 194.7 218.6 311.6
002799 0.956 4.2 45.7 69.5 175.0
002809 0.812 31.2 222.5 74.6 271.0
002809 0.729 90.9 283.3 198.5 352.5
002813 0.971 181.7 200.8 406.6 356.2
002813 0.837 415.2 151.6 500.5 334.5
002846 0.838 52.5 159.9 115.4 247.4
002846 0.759 42.0 140.1 82.9 156.6
002850 0.998 105.8 227.2 304.7 375.5
002862 0.982 86.5 202.7 137.2 261.6
002862 0.824 214.5 207.8 268.6 310.3
002862 0.716 144.2 252.2 167.1 288.4
002887 0.831 382.7 236.1 500.5 375.5
002911 0.902 343.7 153.6 431.2 294.2
002926 0.829 420.5 23.8 500.2 333.5
002930 0.988 177.1 167.4 248.7 301.2
002930 0.986 246.1 131.3 333.2 299.4
002930 0.983 319.5 142.6 408.3 300.9
002930 0.968 109.8 164.3 185.5 301.0
002930 0.895 253.7 106.9 325.4 214.4
002930 0.872 349.2 124.7 387.5 168.8
002930 0.829 325.1 117.6 387.1 198.0
002930 0.710 330.1 107.4 356.8 141.8
002949 0.964 275.2 203.2 481.3 375.5
002971 0.973 176.6 257.5 235.5 316.8
002974 0.783 80.4 224.7 139.2 321.5
002974 0.716 17.6 226.4 90.5 321.4
003049 0.979 263.0 246.5 352.2 372.1
003049 0.972 54.2 230.3 142.4 358.9
003049 0.842 22.7 194.8 57.9 278.7
003049 0.767 2.1 196.3 40.7 264.2
003062 0.714 346.7 127.8 493.8 361.3
003099 0.971 7.9 9.0 314.2 341.0
003115 0.912 183.9 135.3 246.2 219.5
003115 0.904 153.8 138.5 198.5 212.9
003139 0.904 342.7 59.2 423.9 126.3
003139 0.847 1.0 62.8 77.5 275.4
003141 0.977 331.3 165.5 392.4 231.1
003141 0.972 384.6 191.5 457.6 332.9
003141 0.943 79.8 181.3 150.6 272.4
003141 0.914 413.2 235.5 497.0 375.5
003141 0.886 2.3 222.6 149.6 369.1
003141 0.861 133.0 173.3 190.1 242.5
003196 0.709 37.8 91.8 260.3 418.9
003197 0.862 409.1 244.3 500.5 355.3
003206 0.894 154.4 142.6 219.6 282.1
003206 0.728 39.4 118.1 108.4 176.1
003221 0.883 453.9 250.3 500.1 320.2
003221 0.704 462.6 272.9 495.1 295.5
003245 0.977 31.6 189.9 95.3 290.9
003245 0.959 149.9 171.8 220.1 301.5
003245 0.706 149.3 166.1 182.8 237.1
003251 0.999 287.3 236.0 429.4 375.5
003251 0.996 116.3 171.4 209.5 338.6
003251 0.990 306.4 154.5 358.2 193.0
003251 0.826 152.0 137.9 199.5 170.7
003266 0.810 2.8 120.7 128.3 488.9
003297 0.820 15.8 208.6 192.2 495.3
003297 0.805 2.2 178.5 101.9 345.9
003297 0.791 298.8 190.9 345.6 331.0
003314 0.854 271.6 288.5 498.0 373.5
003317 0.952 4.3 74.0 297.6 373.3
003319 0.893 134.9 6.8 497.7 310.6
003322 0.845 145.8 190.2 197.8 287.3
003323 0.986 344.5 130.4 478.0 367.2
003323 0.919 52.4 235.1 184.4 375.5
003342 0.956 117.5 206.0 155.3 267.9
003345 0.994 155.0 222.1 225.7 350.2
003345 0.993 230.8 226.7 302.2 349.2
003345 0.993 302.2 223.2 371.3 347.6
003345 0.992 80.8 223.0 154.7 350.5
003345 0.986 369.9 205.3 437.1 327.4
003345 0.984 22.4 198.8 87.5 316.4
003384 0.795 260.5 3.7 387.5 98.9
003389 0.887 291.0 315.2 471.9 371.2
003437 0.759 1.4 161.2 43.4 216.9
003438 0.954 254.5 201.2 352.9 342.4
003448 0.986 34.8 158.8 121.2 302.8
003448 0.941 181.8 138.7 276.6 282.3
003459 0.959 127.7 159.6 194.5 207.1
003459 0.881 374.1 207.5 500.5 375.5
003502 0.999 339.5 154.7 445.9 341.9
003502 0.996 11.5 143.1 103.6 322.2
003502 0.994 222.3 174.8 354.1 375.5
003502 0.994 95.9 172.9 226.5 373.4
003502 0.936 246.5 122.4 333.8 158.5
003502 0.918 153.4 123.4 236.3 156.6
003507 0.830 3.0 295.6 90.7 370.7
003507 0.744 230.3 298.4 398.3 377.5
003520 0.986 6.3 58.7 149.3 193.1
003520 0.983 256.2 50.2 335.5 180.5
003526 0.989 373.1 163.4 417.1 235.4
003526 0.958 427.1 200.2 480.8 268.2
003582 0.965 320.8 110.2 396.9 204.4
003590 0.930 115.3 132.2 184.4 232.9
003590 0.882 362.9 137.1 432.2 234.9
003600 0.963 212.0 102.7 444.1 358.0
003613 0.761 190.8 60.6 281.2 137.8
003617 0.947 23.2 158.3 146.4 375.5
003617 0.770 169.9 300.9 378.0 375.5
003624 0.987 141.3 274.6 261.3 375.1
003624 0.950 18.7 215.9 68.1 355.3
003624 0.942 113.1 215.7 169.1 272.0
003624 0.904 339.6 215.0 372.5 285.9
003624 0.825 321.5 210.7 356.1 281.7
003624 0.799 254.3 212.9 289.4 269.1
003643 0.904 326.1 289.1 374.4 444.1
003650 0.984 277.5 1.2 420.9 127.4
003650 0.714 1.0 310.6 81.3 370.1
003676 0.931 43.8 183.8 140.7 299.1
003736 0.939 386.2 165.7 500.5 369.6
003736 0.874 83.1 57.1 289.9 356.5
003738 0.965 361.8 33.9 441.4 186.2
003755 0.990 117.6 270.1 306.4 367.4
003755 0.987 316.8 232.1 500.5 374.5
003757 0.928 295.4 125.0 458.9 234.2
003761 0.996 78.1 182.9 202.9 368.0
003761 0.984 209.6 207.9 322.9 375.2
003770 0.996 303.3 40.6 440.3 128.1
003770 0.958 42.2 77.4 156.8 175.1
003775 0.995 80.3 18.5 439.5 324.4
003775 0.711 368.4 6.1 411.0 86.4
003819 0.881 370.3 1.0 500.5 187.3
003853 0.923 295.4 176.8 361.9 239.6
003881 0.995 29.4 25.2 95.1 113.9
003881 0.959 201.6 25.2 265.3 80.4
003881 0.902 122.2 32.2 184.9 107.1
003884 0.836 155.1 68.5 226.9 220.2
003894 0.997 127.3 38.2 217.3 120.1
003894 0.991 263.8 32.5 352.8 102.3
003902 0.951 2.8 187.1 131.0 313.4
003902 0.911 287.6 200.8 348.0 320.2
003902 0.824 338.2 233.5 375.5 356.8
003909 0.893 391.5 230.3 497.2 333.5
003928 0.876 96.8 169.8 158.3 249.1
003950 0.806 147.9 190.6 204.9 282.1
003950 0.795 101.2 181.3 146.6 282.1
004001 0.929 86.7 228.2 148.3 271.8
004040 0.995 134.4 212.3 200.5 291.8
004040 0.967 51.4 232.6 137.3 335.2
004045 0.940 1.0 95.3 37.7 238.8
004053 0.993 111.5 202.8 167.8 288.0
004053 0.992 70.2 201.7 113.5 284.0
004053 0.895 67.0 204.8 89.6 280.5
004053 0.859 87.7 192.7 109.4 209.9
004053 0.783 150.9 201.9 178.9 280.3
004061 0.870 46.1 1.0 296.9 240.7
004068 0.997 87.7 22.1 193.9 147.9
004068 0.845 3.4 34.7 106.8 130.8
004096 0.808 139.2 7.1 485.8 270.3
004096 0.795 19.2 3.0 301.8 266.6
004098 0.926 279.2 174.3 347.0 316.6
004101 0.801 86.7 92.8 153.3 184.1
004109 0.807 123.1 71.1 352.3 346.2
004119 0.972 451.5 201.0 493.5 325.7
004128 0.844 1.1 102.7 39.8 165.5
004128 0.829 273.7 44.1 313.7 120.1
004139 0.938 429.1 27.4 500.1 237.9
004139 0.735 361.6 20.3 434.8 136.0
004166 0.995 266.5 278.7 370.0 332.5
004166 0.988 306.2 208.2 353.7 252.4
004166 0.934 360.3 195.2 398.0 239.0
004166 0.701 4.9 200.3 109.9 323.5
004180 0.997 199.6 9.2 268.4 127.6
004227 0.918 322.3 152.4 483.4 349.0
004250 0.958 4.0 213.7 87.9 408.1
004250 0.914 64.5 161.4 132.3 279.0
004262 0.974 158.7 255.1 236.0 356.0
004262 0.923 257.9 293.0 304.9 363.1
004285 0.767 466.7 216.3 499.5 310.3
004319 0.986 132.9 96.5 238.2 206.9
004319 0.986 290.1 193.7 483.4 374.7
004319 0.772 408.1 196.5 497.2 375.5
004366 0.847 313.9 115.5 438.6 246.6
004366 0.704 63.1 81.5 211.5 304.5
004385 0.994 1.0 13.7 452.3 362.1
004427 0.850 32.7 15.6 416.6 361.3
004449 0.955 48.3 182.4 199.5 362.9
004449 0.767 74.3 105.8 117.0 201.1
004451 0.976 344.1 2.3 419.9 109.9
004451 0.858 373.0 2.7 469.6 116.0
004451 0.716 435.9 28.7 498.6 127.2
004469 0.714 148.5 154.4 206.7 197.3
004491 0.931 149.5 134.2 405.5 354.6
004491 0.870 449.9 258.6 500.5 372.1
004506 0.998 88.4 71.0 322.5 457.3
004506 0.803 6.3 173.6 134.7 308.1
004525 0.918 373.6 1.0 493.3 129.4
004559 0.968 269.6 237.7 361.3 327.5
004559 0.903 474.3 205.3 500.5 273.1
004559 0.714 455.2 197.3 491.2 276.1
004620 0.996 1.0 1.0 195.5 204.7
004640 0.967 2.5 244.6 156.4 375.5
004640 0.758 260.5 244.3 500.5 373.5
004668 0.835 9.7 131.4 295.8 360.2
004668 0.798 286.3 133.4 495.3 368.1
004677 0.949 115.6 199.1 235.1 414.0
004712 0.749 211.1 132.5 245.5 241.9
004733 0.971 14.2 179.9 277.7 497.2
004744 0.970 174.0 160.8 321.9 256.6
004767 0.724 440.9 7.5 500.5 200.5
004781 0.999 215.9 206.4 318.9 333.5
004781 0.998 1.0 165.6 84.8 325.4
004791 0.704 72.1 93.5 158.8 249.5
004813 0.991 221.0 181.8 331.3 300.5
004813 0.989 65.7 184.6 153.3 303.9
004820 0.990 1.0 346.4 62.5 493.5
004862 0.983 3.5 357.6 49.4 498.3
004881 0.942 183.1 144.7 261.7 197.9
004881 0.915 7.7 147.1 117.3 285.0
004881 0.911 404.6 115.2 500.0 220.9
004887 0.961 311.3 136.8 492.7 313.1
004892 0.989 187.1 204.5 253.2 281.4
004892 0.970 273.1 189.3 338.2 289.6
004892 0.967 347.8 174.0 420.8 279.7
004892 0.900 146.1 173.9 189.5 194.1
004892 0.741 133.1 210.6 190.4 292.5
004919 0.731 4.6 18.2 320.2 306.9
004964 0.716 432.5 200.8 497.7 303.4
005019 0.848 1.0 219.3 129.0 340.9
005044 0.987 60.4 108.8 256.5 323.3
005044 0.975 297.8 107.4 432.2 325.6
005044 0.959 5.3 106.3 118.2 328.9
005044 0.701 105.4 102.6 177.4 253.1
005100 0.706 455.6 229.1 500.5 363.8
005115 0.783 1.2 12.2 190.7 375.5
005174 0.998 356.1 88.2 428.3 146.3
005174 0.980 39.3 95.8 111.8 198.4
005174 0.946 399.7 184.7 499.4 373.2
005180 0.995 176.7 376.7 375.5 500.5
005180 0.951 1.0 317.2 67.9 415.5
005184 0.925 323.3 231.0 396.0 326.2
005184 0.813 170.9 265.8 278.1 375.5
005193 0.722 291.9 40.6 393.0 156.9
005233 0.734 254.4 322.8 452.5 375.1
005233 0.712 158.7 154.9 211.6 201.2
005266 0.870 176.9 159.2 248.2 237.9
005291 0.816 437.9 235.7 500.0 337.8
005295 0.999 290.9 190.6 375.8 330.1
005302 0.977 91.1 188.4 141.2 235.0
005302 0.975 178.9 195.5 217.1 236.5
005302 0.942 244.7 180.8 322.1 231.1
005302 0.861 159.6 193.0 203.6 239.6
005302 0.813 163.3 199.0 182.2 234.7
005302 0.772 98.6 195.6 120.2 231.6
005302 0.755 133.4 195.6 171.3 239.8
005313 0.999 1.1 129.9 92.5 351.7
005362 0.995 270.8 227.7 311.8 285.7
005362 0.988 135.2 224.1 182.2 288.0
005362 0.987 171.4 229.0 225.7 295.9
005362 0.935 89.1 225.2 127.0 287.0
005412 0.980 93.9 248.7 199.6 372.7
005412 0.935 317.5 257.9 384.3 347.9
005412 0.897 231.6 265.7 282.3 351.2
005464 0.982 1.0 52.5 75.2 183.8
005464 0.966 281.1 74.8 333.5 217.6
005474 0.815 3.4 26.3 105.5 364.0
005491 0.798 132.4 239.8 199.5 322.7
005498 0.995 414.0 170.7 499.6 313.1
005498 0.856 7.5 251.9 177.7 373.8
005545 0.875 165.0 263.7 256.3 387.4
005545 0.867 33.0 219.5 86.5 407.8
005545 0.747 103.4 186.4 122.6 216.8
005555 0.972 322.4 1.0 500.5 170.9
005555 0.746 131.9 46.7 394.9 360.7
005555 0.741 216.3 4.3 334.7 102.7
005556 0.906 2.3 275.7 116.4 333.2
005589 0.998 330.8 104.6 418.9 251.5
005589 0.925 406.6 78.7 455.7 196.9
005596 0.826 99.8 301.9 188.5 486.9
005597 0.994 3.0 235.9 134.0 375.5
005597 0.979 272.6 194.3 341.5 362.1
005597 0.978 332.3 168.0 413.0 321.6
005597 0.956 184.7 200.7 291.7 375.5
005597 0.923 12.7 182.9 95.3 257.7
005597 0.848 365.8 164.3 423.8 280.0
005623 0.996 373.6 1.0 496.3 111.0
005623 0.887 71.3 14.0 384.3 379.0
005627 0.985 148.4 185.1 255.6 266.4
005656 0.854 283.1 156.5 489.3 335.5
005661 0.990 164.5 235.8 272.6 375.5
005661 0.980 7.7 252.5 150.7 375.5
005661 0.931 270.8 122.8 304.4 188.2
005661 0.867 410.9 203.6 461.1 310.1
005665 0.998 375.3 124.9 486.9 276.8
005665 0.996 227.4 187.8 326.7 307.2
005665 0.978 314.9 38.6 387.5 158.1
005665 0.965 41.0 87.3 115.0 198.3
005665 0.963 198.9 37.3 257.6 129.7
005665 0.908 66.2 141.1 171.4 260.8
005665 0.839 412.6 106.4 483.5 178.7
005665 0.835 425.1 28.3 480.7 103.4
005665 0.772 282.3 35.9 329.2 102.3
005665 0.753 86.0 61.5 143.2 157.8
005703 0.974 89.9 106.1 370.5 471.8
005726 0.887 161.7 5.7 283.3 42.7
005734 0.997 8.0 144.5 124.6 313.0
005734 0.990 202.5 228.8 338.5 375.5
005734 0.849 67.9 174.3 131.7 307.8
005734 0.834 281.0 176.4 471.4 375.5
005734 0.775 318.1 251.5 438.8 375.5
005745 0.918 117.7 253.1 318.1 451.5
005753 0.825 3.1 192.0 138.1 377.3
005754 0.984 191.9 190.5 282.5 315.1
005754 0.810 292.0 284.8 373.4 315.3
005766 0.883 23.2 147.5 103.3 256.0
005766 0.722 372.5 141.5 464.5 257.8
005767 0.736 413.5 104.8 466.9 191.9
005801 0.743 6.5 9.5 68.2 114.9
005804 0.847 2.5 227.4 140.7 348.9
005827 0.999 13.7 94.7 234.9 357.1
005844 0.988 93.7 53.8 240.0 342.8
005844 0.962 270.7 83.6 316.3 119.5
005844 0.945 327.7 78.0 394.6 121.2
005844 0.819 173.2 93.0 378.9 329.3
005858 0.997 293.6 19.6 337.9 79.2
005858 0.993 337.9 15.4 382.1 75.5
005858 0.987 377.2 20.4 419.9 78.2
005858 0.986 423.5 18.7 478.3 77.5
005858 0.982 161.5 23.6 207.1 75.6
005858 0.975 216.6 21.9 254.1 87.1
005898 0.999 416.0 120.7 477.5 214.5
005898 0.982 247.8 116.3 284.3 164.7
005898 0.942 298.2 122.7 331.3 166.0
005898 0.828 182.9 123.1 229.6 195.9
005898 0.765 369.1 116.2 404.1 132.0
005907 0.731 260.4 143.8 318.5 231.9
005921 0.923 54.0 275.3 275.0 353.9
005921 0.717 410.4 198.5 478.8 347.7
005935 0.747 215.2 262.6 323.9 369.1
005941 0.995 152.5 220.1 254.7 374.9
005941 0.983 301.2 205.2 348.7 339.4
005941 0.911 242.9 206.4 319.1 361.7
005941 0.706 84.6 208.0 180.1 360.7
005976 0.985 94.7 209.6 180.9 330.8
005976 0.968 287.9 167.6 373.0 263.6
005994 0.860 1.8 268.3 55.6 333.0
005994 0.833 344.8 229.8 384.8 331.0
006010 0.996 199.0 185.3 289.9 291.4
006010 0.985 350.1 173.8 415.9 286.8
006010 0.971 74.8 173.0 137.2 279.3
006010 0.945 320.9 178.4 355.7 252.5
006010 0.942 114.5 193.9 194.3 302.6
006010 0.903 1.7 280.0 78.7 357.3
006010 0.818 416.4 180.9 478.3 277.0
006010 0.779 395.5 176.1 490.0 356.9
006010 0.746 380.1 155.8 424.6 182.2
006056 0.903 239.8 29.1 313.7 121.0
006057 0.998 13.5 213.8 112.3 373.3
006057 0.996 171.8 215.5 266.6 374.9
006057 0.993 250.5 195.0 304.5 323.6
006057 0.904 100.7 188.1 143.0 226.0
006057 0.872 98.1 182.3 158.3 332.2
006081 0.980 91.8 200.3 143.4 283.9
006081 0.923 207.9 207.9 259.9 290.6
006081 0.848 90.3 295.8 143.4 390.6
006081 0.830 118.7 165.7 148.6 193.6
006081 0.776 91.7 172.5 116.5 243.4
006083 0.736 366.8 91.2 411.6 140.6
006093 0.879 48.6 152.5 146.3 261.5
006093 0.860 399.0 282.4 480.9 375.2
006126 0.947 322.9 150.8 438.0 271.9
006142 0.714 12.2 136.7 168.8 279.7
006226 0.927 77.0 463.4 309.4 497.7
006239 0.936 83.9 281.9 126.7 433.7
006271 0.974 26.2 1.0 182.6 88.3
006271 0.872 368.1 10.9 500.5 129.8
006271 0.823 455.4 44.5 500.2 152.3
006274 0.925 358.6 66.5 414.1 127.8
006274 0.753 329.6 72.4 371.9 143.1
006274 0.704 169.7 63.3 208.7 112.2
006287 0.748 295.4 192.3 445.8 353.2
006293 0.920 92.9 195.2 207.8 274.6
006297 0.987 34.3 118.8 119.2 212.5
006307 0.785 144.3 99.2 288.9 176.3
006307 0.781 308.5 108.8 439.3 182.0
006313 0.926 423.7 213.3 472.7 279.7
006313 0.840 363.7 271.2 491.7 372.0
006315 0.738 1.0 10.6 474.4 349.8
006359 0.726 165.9 172.3 273.8 272.4
006360 0.923 274.6 172.4 347.3 264.6
006380 0.764 50.1 95.6 89.1 157.5
006393 0.938 252.2 182.6 301.2 237.1
006393 0.938 224.0 213.6 320.2 333.5
006393 0.919 387.0 128.4 450.7 215.2
006422 0.991 30.7 273.9 209.6 372.4
006422 0.980 401.4 256.7 500.5 375.3
006451 0.708 333.3 6.2 500.5 223.2
006453 0.829 1.0 248.0 61.2 373.6
006461 1.000 126.6 200.0 212.8 331.9
006461 0.990 27.0 199.5 117.1 326.6
006477 0.993 299.7 261.7 374.6 424.5
006477 0.992 2.1 278.3 75.6 394.9
006481 0.757 1.9 30.5 61.9 169.8
006504 0.849 5.5 218.4 209.6 497.8
006514 0.730 125.9 281.8 259.3 467.7
006516 0.933 47.1 225.5 211.9 375.5
006541 0.971 89.4 241.8 135.3 316.1
006541 0.965 303.2 260.8 338.0 284.0
006541 0.962 142.5 259.6 205.3 319.5
006541 0.955 2.8 242.3 57.9 312.2
006541 0.836 181.2 222.9 202.2 252.9
006541 0.807 232.9 237.4 262.5 262.7
006546 0.976 453.1 254.6 500.5 370.9
006546 0.975 2.5 259.6 65.8 375.5
006546 0.934 306.8 106.0 342.6 159.4
006630 0.938 263.4 216.5 498.7 375.5
006630 0.933 399.5 206.8 500.5 365.2
006630 0.804 1.2 187.4 43.1 245.8
006630 0.712 5.1 213.0 200.2 375.5
006646 0.845 174.5 371.1 304.2 498.5
006662 0.875 375.5 203.9 500.5 362.5
006662 0.793 27.5 243.3 137.2 375.5
006676 0.973 45.7 154.8 164.6 281.2
006705 0.885 85.6 177.7 268.1 358.8
006721 0.975 254.2 24.2 341.3 129.3
006721 0.885 174.1 15.8 279.6 107.8
006721 0.876 407.7 52.5 500.5 186.4
006721 0.850 93.5 2.0 200.9 95.5
006743 0.980 1.0 198.2 30.7 342.7
006745 0.915 101.6 220.8 178.9 295.6
006745 0.847 160.6 156.9 204.2 185.1
006774 0.869 1.0 67.6 70.3 211.5
006792 0.994 209.4 40.2 328.5 172.2
006792 0.905 276.4 75.2 375.5 256.5
006795 0.995 304.4 181.2 449.2 319.9
006826 0.989 61.8 148.2 111.8 175.2
006826 0.980 212.1 157.2 281.5 251.5
006826 0.949 135.0 140.2 172.0 158.1
006826 0.875 123.2 151.4 170.7 275.9
006826 0.767 299.3 193.4 488.7 372.1
006826 0.762 225.1 131.8 265.7 152.0
006895 0.963 9.3 186.3 183.9 375.2
006923 0.999 268.8 131.3 371.3 286.3
006923 0.993 153.9 150.9 204.6 271.1
006923 0.707 114.0 158.9 216.3 295.4
006941 0.723 244.3 175.6 298.1 210.6
006984 0.989 162.4 241.2 281.8 300.0
006984 0.956 353.4 113.1 397.1 185.4
006984 0.939 256.9 187.1 352.6 282.5
006984 0.936 227.6 116.1 293.7 221.6
006984 0.882 309.7 95.1 344.9 150.1
007012 0.950 389.5 231.5 500.3 331.6
007051 0.865 207.1 239.6 375.5 492.4
007057 0.981 107.1 215.0 165.6 303.3
007057 0.907 73.9 214.2 108.2 295.6
007067 0.988 76.5 266.0 142.2 340.1
007110 0.939 65.2 204.8 169.2 296.9
007110 0.822 350.1 210.5 469.9 372.7
007116 0.853 27.3 35.8 453.2 306.6
007124 0.716 3.2 192.5 34.7 241.1
007178 0.939 305.1 212.7 388.7 367.7
007202 0.993 263.2 124.9 364.7 181.7
007202 0.955 152.4 131.7 195.3 182.3
007202 0.946 35.1 129.7 97.5 175.2
007202 0.888 72.1 125.2 117.9 176.3
007202 0.851 124.1 127.3 152.9 176.1
007202 0.850 265.1 126.7 316.9 170.4
007207 0.916 199.5 160.8 249.7 214.5
007207 0.815 463.9 138.3 500.5 202.8
007207 0.787 437.0 131.2 491.9 220.7
007220 0.970 360.9 217.7 499.7 349.4
007228 0.972 240.3 111.8 362.5 211.5
007237 0.867 1.1 328.8 68.0 375.5
007240 0.993 178.7 46.4 288.8 134.4
007240 0.956 1.4 69.9 124.6 188.8
007240 0.787 396.7 47.6 495.4 130.5
007255 0.998 183.9 71.7 418.2 372.8
007268 0.904 184.1 239.5 320.5 481.4
007268 0.731 38.2 475.9 173.1 500.4
007315 0.988 162.2 250.3 215.4 339.2
007319 0.844 13.0 8.1 128.8 128.7
007332 0.899 296.4 268.8 457.4 375.5
007335 0.993 137.4 147.9 208.1 235.6
007335 0.985 244.2 146.9 311.1 241.0
007348 0.995 302.3 115.3 451.5 285.3
007366 0.956 12.0 387.7 97.3 500.5
007366 0.953 157.7 296.1 239.4 455.9
007391 0.996 90.2 165.8 155.7 207.9
007391 0.848 48.2 215.4 174.3 333.5
007391 0.803 266.3 174.9 303.4 231.3
007393 0.995 138.8 173.7 216.5 232.7
007393 0.989 366.7 200.7 436.8 289.7
007401 0.996 192.4 86.3 243.3 152.0
007401 0.911 236.0 159.0 293.3 236.4
007406 0.981 193.9 293.4 244.2 371.5
007406 0.968 391.3 282.0 424.7 349.3
007406 0.957 445.6 273.0 492.5 347.7
007406 0.955 423.1 287.4 460.0 349.9
007420 0.797 77.5 15.6 385.6 319.7
007442 0.922 356.5 43.0 395.2 97.2
007442 0.855 46.3 54.4 122.1 189.3
007442 0.806 401.9 57.1 496.8 178.1
007456 0.900 121.5 1.0 240.5 76.0
007471 0.779 1.3 327.0 146.4 500.5
007472 0.955 285.2 245.6 344.2 329.6
007492 0.976 424.6 81.6 499.5 232.9
007494 0.990 8.4 102.9 158.4 196.0
007531 0.762 1.2 154.4 61.1 230.3
007561 0.764 88.8 12.9 211.1 180.0
007564 0.990 297.1 210.5 355.8 305.8
007564 0.969 25.6 191.4 115.5 315.0
007567 0.977 416.1 179.1 500.5 353.5
007567 0.959 303.3 131.8 398.6 305.8
007567 0.856 130.2 180.5 179.3 269.7
007597 0.964 259.3 172.3 291.9 234.3
007597 0.960 294.4 149.2 372.4 244.5
007644 0.948 209.1 96.5 295.2 216.0
007648 0.918 326.2 258.9 494.7 372.6
007708 0.935 357.8 200.1 387.4 254.4
007708 0.875 191.9 221.2 231.8 295.5
007708 0.719 388.3 211.0 404.9 249.9
007722 0.982 147.5 244.9 207.5 278.7
007722 0.957 241.8 230.1 293.0 326.4
007722 0.895 1.3 262.2 46.7 303.9
007722 0.881 162.1 306.6 236.8 376.5
007722 0.789 273.5 228.6 313.0 315.3
007722 0.742 270.2 216.5 299.3 236.0
007738 0.941 5.7 56.8 371.4 488.8
007739 0.914 15.1 105.5 69.7 172.1
007739 0.818 6.9 144.4 111.2 411.7
007752 0.955 360.5 174.3 407.8 247.3
007756 0.998 333.3 270.5 446.7 375.5
007782 0.975 399.2 217.8 499.9 271.4
007785 0.984 74.0 213.4 179.4 373.2
007785 0.960 249.4 211.8 428.6 370.5
007801 0.873 85.5 216.4 225.0 374.4
007816 0.958 200.4 172.3 234.8 213.6
007828 0.918 225.7 1.0 394.6 196.0
007832 0.997 72.3 166.2 243.9 368.9
007832 0.991 379.5 160.4 476.0 292.0
007835 0.948 342.1 228.4 499.3 331.2
007839 0.967 37.8 137.3 63.5 183.7
007849 0.732 107.8 231.0 146.9 281.3
007849 0.725 180.2 248.8 234.1 280.4
007896 0.922 341.0 172.9 485.6 332.7
007896 0.919 219.1 214.2 316.4 333.3
007896 0.907 39.6 180.3 165.2 333.5
007896 0.854 16.0 112.5 64.5 196.3
007982 0.740 80.0 141.6 188.5 191.1
008039 0.726 244.6 240.2 261.0 260.6
008039 0.701 154.0 240.4 186.9 262.3
008039 0.700 183.0 225.2 208.5 262.6
008050 0.850 9.1 315.9 109.4 371.5
008054 0.838 10.0 6.7 175.2 171.6
008056 0.949 195.6 163.2 267.2 199.8
008056 0.876 163.0 161.1 275.7 224.6
008056 0.729 234.3 164.3 261.4 200.5
008073 0.989 303.9 280.1 442.5 375.0
008073 0.938 269.7 196.2 328.7 226.2
008073 0.933 167.2 207.5 271.6 375.5
008110 0.981 296.2 124.6 372.1 255.6
008110 0.901 45.3 122.9 276.3 396.8
008113 0.999 115.8 137.8 213.3 283.2
008113 0.996 286.3 130.0 366.0 269.3
008113 0.984 213.1 138.1 295.9 313.2
008131 0.960 306.0 212.9 476.4 361.2
008153 0.949 5.8 277.6 50.2 332.4
008153 0.896 319.3 275.0 374.1 302.8
008153 0.843 207.5 255.1 272.5 284.3
008156 0.990 3.6 10.8 67.6 103.2
008178 0.798 55.0 30.5 437.5 369.8
008184 0.982 113.3 361.7 212.0 491.6
008185 0.979 5.4 31.8 333.0 449.5
008196 0.930 147.1 111.9 212.6 199.9
008210 0.995 171.7 222.4 223.5 261.2
008210 0.937 232.4 277.4 333.9 371.2
008210 0.918 264.4 243.5 327.5 337.3
008233 0.799 10.0 203.6 127.2 311.4
008245 0.971 41.4 255.7 205.1 369.7
008245 0.814 418.3 206.8 467.3 296.8
008257 0.916 251.1 7.3 330.9 100.6
008257 0.907 306.3 15.2 362.6 111.6
008347 0.992 284.6 177.4 341.7 239.9
008367 0.895 426.2 137.3 470.8 187.0
008382 0.983 138.1 114.8 231.0 209.5
008382 0.972 228.1 97.1 333.1 167.5
008382 0.888 2.5 149.8 66.7 262.2
008382 0.728 301.7 97.5 345.7 148.3
008394 0.989 43.2 42.5 326.2 425.8
008405 0.734 11.9 206.4 245.1 374.8
008407 0.954 342.4 209.4 434.7 336.4
008407 0.843 320.0 295.3 398.2 374.6
008407 0.826 363.3 240.1 479.2 373.5
008407 0.822 424.6 210.1 471.2 280.9
008407 0.739 439.5 199.3 497.7 300.2
008431 0.999 253.7 179.3 338.8 295.2
008431 0.922 362.1 182.8 432.8 289.1
008436 0.908 3.2 204.4 95.6 366.2
008471 0.845 387.5 342.4 500.5 373.9
008474 0.902 9.1 93.8 262.7 486.5
008486 0.999 169.4 254.8 287.2 436.8
008490 0.999 3.8 229.5 172.0 458.4
008490 0.997 176.4 239.1 324.2 438.4
008493 0.984 55.3 14.7 124.4 93.4
008493 0.974 373.8 7.9 438.4 95.7
008493 0.934 288.3 14.6 346.7 90.1
008493 0.911 140.0 19.7 206.0 77.3
008493 0.813 433.4 29.4 500.5 89.5
008496 0.835 4.6 312.5 110.2 473.0
008505 0.816 44.1 206.4 89.6 267.9
008516 0.794 48.2 1.0 499.1 367.6
008543 0.980 347.8 192.0 466.7 312.3
008543 0.774 236.9 320.1 291.1 375.5
008600 0.942 22.6 2.8 446.2 321.1
008611 0.762 136.6 127.5 165.9 162.6
008614 0.706 1.2 260.2 75.3 329.8
008626 0.938 374.1 163.2 427.5 235.8
008627 0.928 263.8 211.2 329.2 287.5
008627 0.910 327.7 189.4 497.5 372.6
008627 0.850 144.7 216.8 236.1 306.0
008646 0.996 309.3 66.6 492.3 278.5
008646 0.798 1.5 100.1 231.0 375.5
008650 0.790 289.1 1.2 339.9 26.0
008650 0.789 220.8 1.3 283.7 28.9
008650 0.717 311.1 177.5 495.0 371.3
008671 0.964 359.7 156.2 488.7 258.3
008671 0.789 53.9 98.4 152.9 190.0
008671 0.761 89.1 191.8 182.4 303.2
008673 0.998 63.2 179.3 197.1 467.2
008686 0.708 320.5 104.7 389.9 144.9
008705 0.915 140.7 76.0 359.7 264.2
008721 0.834 117.7 68.1 375.2 328.1
008734 0.957 21.4 55.6 67.3 110.5
008751 0.956 4.3 330.5 109.4 375.5
008751 0.936 102.2 338.7 231.1 374.8
008751 0.925 274.9 332.6 396.2 374.7
008754 0.998 107.5 179.2 171.9 267.0
008754 0.907 5.4 214.2 75.3 301.3
008754 0.734 194.3 184.1 211.9 230.6
008767 0.967 34.6 14.1 479.4 366.4
008779 0.979 51.7 190.6 180.8 374.9
008803 0.981 351.3 297.9 429.8 374.5
008803 0.769 476.8 248.7 500.5 308.0
008821 0.961 82.9 211.1 183.6 257.3
008821 0.932 308.7 237.0 377.2 269.1
008844 0.955 92.0 176.0 348.3 500.5
008887 0.866 138.4 227.9 280.9 375.5
008897 0.867 323.2 102.6 430.5 219.2
008922 0.986 1.9 202.1 91.5 375.5
008922 0.741 234.4 230.5 442.0 366.0
008922 0.732 461.0 242.4 500.5 372.6
008922 0.704 251.3 159.4 288.8 211.4
008938 0.999 79.9 22.5 336.7 467.7
008941 0.985 2.6 95.8 184.9 259.5
008947 0.936 336.9 190.8 487.4 320.7
008954 0.993 6.0 104.7 199.3 368.5
008954 0.743 8.4 263.9 195.0 374.8
008957 0.843 1.0 119.3 42.4 259.7
008957 0.830 31.3 128.8 83.4 256.9
008963 0.761 9.0 239.9 131.4 352.4
008991 1.000 101.6 105.3 287.3 363.2
008991 0.996 315.3 249.4 483.1 368.9
009009 0.993 248.3 327.2 380.8 500.4
009010 0.990 83.1 73.3 160.8 220.2
009010 0.972 291.4 109.0 407.3 289.5
009031 0.708 79.7 75.5 96.7 96.3
009056 0.992 329.9 226.9 428.2 325.7
009056 0.991 98.6 226.6 190.2 321.4
009056 0.987 144.2 208.8 210.2 263.8
009056 0.950 314.8 209.8 378.2 271.9
009084 0.896 375.0 85.5 435.3 172.2
009095 0.940 147.6 277.1 199.5 359.4
009095 0.915 34.8 409.8 190.1 499.9
009109 0.984 348.6 240.6 451.4 289.1
009118 0.864 387.8 228.0 465.3 364.4
009154 0.955 112.5 74.2 184.6 117.3
009154 0.953 367.5 92.6 457.4 154.9
009154 0.931 264.4 77.2 335.3 139.4
009154 0.776 4.2 211.7 157.0 316.5
009220 0.728 327.8 281.1 443.0 345.5
009225 0.917 279.2 242.2 411.9 359.1
009225 0.852 173.2 271.5 295.0 368.7
009225 0.827 449.6 228.8 479.7 281.9
009263 0.903 262.9 159.7 381.9 365.9
009263 0.802 72.1 154.6 134.2 303.9
009310 0.822 1.0 146.8 118.4 347.4
009311 0.993 414.7 165.5 496.4 273.6
009311 0.984 329.3 165.2 413.4 281.9
009313 0.878 3.4 285.3 143.5 369.6
009313 0.798 4.5 312.4 173.2 490.7
009317 0.955 86.8 221.1 158.5 333.0
009367 0.858 63.5 234.5 111.4 289.9
009379 0.809 97.3 234.9 128.6 331.2
009385 0.872 140.5 1.1 240.9 34.1
009397 0.993 102.8 187.9 184.6 293.1
009435 0.926 372.7 146.9 494.4 300.6
009435 0.776 299.2 145.2 345.9 250.1
009444 0.996 138.4 269.2 214.8 375.5
009444 0.865 299.3 274.4 333.8 304.8
009444 0.842 390.8 264.1 488.1 372.1
009452 0.745 252.4 137.8 335.3 318.1
009486 0.935 239.4 268.7 360.3 489.0
009486 0.796 204.0 212.1 247.7 295.9
009486 0.727 189.4 237.0 261.0 450.1
009511 0.979 81.6 103.8 349.9 375.5
009514 0.996 289.2 170.5 397.4 305.0
009514 0.968 372.6 155.4 455.4 299.5
009514 0.968 162.2 161.1 266.1 320.3
009514 0.839 99.2 142.1 158.5 285.8
009521 0.832 399.7 257.7 461.1 374.7
009606 0.997 78.9 339.1 231.3 496.2
009606 0.984 240.4 295.5 295.0 347.9
009606 0.975 240.6 387.7 375.5 498.6
009606 0.734 34.1 296.0 94.8 395.0
009628 0.793 348.0 232.2 458.5 368.1
009631 0.992 410.3 166.8 478.1 243.8
009631 0.960 34.8 173.2 100.5 262.9
009632 0.918 307.9 270.4 398.5 333.5
009635 0.837 254.8 367.1 334.4 485.1
009646 0.751 110.9 15.6 483.4 358.5
009662 0.992 355.5 194.2 460.6 291.5
009662 0.989 220.8 215.6 346.7 293.6
009662 0.916 3.5 270.4 66.8 375.5
009662 0.889 119.5 263.7 195.1 308.9
009662 0.785 28.2 273.6 105.3 359.5
009663 0.778 1.6 171.6 101.2 294.4
009677 0.900 1.0 1.0 124.8 143.8
009689 0.999 261.0 166.3 442.3 367.7
009690 0.996 244.8 206.4 320.3 333.5
009690 0.986 358.4 195.9 405.6 298.0
009696 0.915 105.2 23.8 201.2 104.7
009708 0.935 270.4 190.0 472.0 375.5
009741 0.995 1.1 225.9 41.2 331.8
009741 0.989 119.2 245.8 192.0 358.4
009782 0.875 2.4 242.0 90.8 375.5
009783 0.932 74.0 158.8 187.1 233.8
009783 0.782 421.4 70.0 500.5 257.1
009786 0.772 28.9 1.0 493.4 355.8
009788 0.985 450.2 116.5 498.1 218.4
009798 0.856 318.2 205.0 447.5 373.2
009814 0.830 8.3 76.9 217.0 375.4
009815 0.997 342.9 249.3 475.5 356.5
009815 0.987 295.8 117.2 422.4 251.2
009815 0.984 305.3 199.5 379.2 248.1
009815 0.982 22.9 214.3 166.8 356.1
009815 0.921 138.8 236.3 272.7 356.5
009815 0.885 31.7 181.9 101.3 230.0
009815 0.803 215.3 182.1 257.8 226.9
009846 0.968 36.4 116.5 90.7 198.4
009853 0.989 3.3 113.7 122.3 299.8
009854 0.988 188.5 163.7 267.5 296.7
009854 0.987 63.3 193.3 161.4 309.7
009854 0.961 406.8 139.2 473.4 227.5
009854 0.954 348.6 142.1 397.6 222.8
009854 0.883 1.0 186.7 78.5 302.7
009854 0.834 277.5 139.5 338.2 219.3
009901 0.960 451.9 208.7 500.0 291.9
009901 0.845 23.6 172.2 76.3 237.3
009914 0.995 304.6 254.6 372.0 335.8
009916 0.964 218.4 85.5 250.1 146.3
009916 0.821 274.6 109.9 434.9 267.0
009928 0.992 60.6 239.0 150.8 358.2
009928 0.918 1.0 246.3 60.9 381.9
009930 0.815 85.8 234.5 185.9 373.0
