000013 0.997 292.3 160.2 436.0 252.5
000025 0.982 3.5 75.6 65.0 251.3
000025 0.953 57.8 137.5 368.2 371.1
000273 0.983 229.6 148.9 308.4 185.6
000297 1.000 99.3 124.8 263.5 402.5
000345 0.999 265.9 124.5 495.7 259.0
000345 0.729 265.0 152.4 381.1 246.7
000360 0.999 84.8 34.6 499.0 369.7
000360 0.957 1.0 55.3 225.2 374.7
000360 0.708 170.3 8.2 432.3 78.5
000386 1.000 287.3 157.8 429.7 265.2
000386 0.983 132.6 161.4 204.9 232.8
000432 0.988 316.0 200.6 374.8 237.0
000475 0.984 355.6 83.0 397.8 127.4
000475 0.967 329.3 85.6 358.3 131.3
000504 0.999 338.7 105.8 499.3 411.1
000725 0.999 69.8 158.9 116.5 217.0
000725 0.997 355.3 146.8 385.6 210.0
000725 0.996 174.8 160.3 211.2 216.7
000725 0.978 255.5 168.7 278.9 208.5
000986 0.991 255.8 179.1 386.9 286.3
000986 0.964 52.5 131.8 173.0 212.4
000986 0.939 110.0 145.9 187.4 215.2
000986 0.937 433.7 147.6 500.5 223.9
000986 0.930 335.8 152.8 427.2 219.6
000986 0.794 297.6 131.7 337.6 201.5
001044 0.872 204.8 39.7 337.0 120.2
001100 0.995 158.0 144.6 326.3 291.7
001103 0.991 140.5 120.7 327.0 368.5
001120 0.998 279.9 190.7 351.9 241.1
001120 0.998 408.9 208.5 467.0 260.8
001120 0.997 217.5 184.5 277.8 234.3
001120 0.976 120.7 156.7 173.6 194.8
001120 0.783 11.8 121.3 43.5 152.1
001416 0.864 1.0 124.4 340.3 323.2
001471 1.000 160.4 125.3 306.8 401.9
001508 0.777 107.6 255.9 368.1 496.2
001589 1.000 35.1 1.0 257.9 323.5
001589 0.999 330.5 100.7 436.4 308.9
001641 0.999 165.0 61.7 394.0 357.5
001641 0.776 357.9 32.9 452.4 158.9
001697 0.998 272.6 223.7 346.3 285.4
001716 0.992 210.9 170.3 253.7 236.7
001716 0.991 109.2 109.8 173.4 163.8
001716 0.984 124.6 145.9 170.2 196.6
001716 0.964 257.3 176.0 316.2 230.4
001716 0.951 452.9 189.0 494.5 213.8
001716 0.929 377.9 163.4 410.7 192.1
001716 0.915 161.8 162.6 209.1 225.8
001716 0.913 270.9 146.9 303.5 183.6
001764 0.999 278.8 103.6 348.2 149.0
001764 0.998 129.5 103.2 216.6 149.0
001764 0.990 106.7 93.8 138.9 136.1
001764 0.979 217.4 101.1 281.6 147.6
001764 0.977 469.8 102.4 500.5 151.5
001764 0.949 1.2 112.4 17.0 136.9
001917 0.993 188.9 169.3 263.4 205.1
001917 0.986 342.9 177.8 409.0 217.2
001917 0.952 434.7 184.8 476.2 216.8
001917 0.801 415.4 184.4 442.3 205.8
001917 0.800 408.1 183.3 451.0 219.0
001917 0.778 246.3 174.7 266.8 202.1
001974 0.802 293.0 175.3 390.7 244.2
001987 1.000 185.3 123.2 290.8 293.3
002005 1.000 76.2 94.4 254.2 317.9
002005 0.999 351.5 133.6 485.0 217.5
002005 0.926 256.1 155.3 289.3 174.1
002092 0.995 20.8 335.1 87.0 424.4
002092 0.988 101.8 330.2 220.6 417.6
002115 1.000 197.0 107.4 289.1 256.0
002115 0.969 345.2 71.6 372.1 110.8
002133 0.995 2.3 183.9 357.9 374.8
002173 1.000 62.0 12.6 499.4 333.5
002299 0.999 1.5 24.5 437.7 368.0
002313 0.999 1.0 76.3 455.4 428.4
002314 0.999 3.5 8.7 328.2 262.1
002314 0.916 5.1 48.9 48.7 89.5
002326 0.995 237.3 171.6 278.1 247.5
002326 0.974 294.9 125.8 344.2 177.7
002326 0.944 281.4 105.2 314.5 137.9
002338 0.767 463.8 87.6 497.4 113.0
002576 1.000 152.5 110.2 439.7 316.4
002623 1.000 1.0 1.0 440.2 375.5
002623 0.999 402.7 251.1 500.5 358.4
002676 0.990 346.3 246.2 380.2 300.5
002676 0.985 281.1 253.1 331.1 307.7
002676 0.956 242.4 249.7 282.2 302.9
002676 0.943 204.3 257.1 264.6 305.5
002770 0.803 71.9 199.8 164.6 259.6
002789 1.000 52.8 135.6 173.3 213.4
002789 0.934 224.5 174.1 240.2 194.1
002789 0.920 455.2 191.0 480.9 207.1
002789 0.754 481.6 191.8 498.3 208.7
002818 0.993 390.4 208.5 436.1 259.2
002818 0.993 297.8 211.7 379.6 282.1
002818 0.989 232.7 208.8 293.9 265.4
002818 0.985 77.7 220.5 120.2 270.4
002818 0.973 123.7 208.5 154.7 264.0
002818 0.966 454.5 210.9 496.6 253.7
002818 0.955 152.2 223.9 180.3 276.2
002818 0.886 2.3 207.0 48.7 260.3
002903 1.000 27.3 22.8 479.8 373.1
002991 1.000 21.0 87.0 312.1 498.4
003030 0.996 123.5 71.6 460.4 349.4
003030 0.819 153.5 82.5 471.9 199.2
003068 1.000 73.7 90.9 423.1 329.5
003201 0.999 399.7 30.1 498.9 261.4
003201 0.998 144.4 16.3 410.0 294.9
003201 0.998 4.1 45.6 166.9 252.1
003215 0.859 109.0 236.1 157.1 284.5
003241 0.714 68.2 110.9 407.1 329.5
003288 0.996 108.0 247.6 214.0 314.3
003394 0.999 26.9 36.3 431.5 372.5
003394 0.972 330.5 75.7 500.5 182.8
003633 0.999 325.6 150.5 485.4 247.3
003633 0.999 38.4 136.6 169.4 241.1
003633 0.997 181.6 138.8 331.9 236.5
003633 0.941 6.3 129.6 101.7 219.2
003633 0.905 190.9 188.4 237.9 232.9
003633 0.803 3.3 167.6 49.5 215.1
003693 0.953 98.3 133.5 276.9 329.0
003697 0.754 125.6 61.1 252.0 207.7
003840 0.997 83.0 44.7 375.5 481.8
003840 0.986 1.0 63.1 130.4 376.1
003841 0.978 1.0 41.1 434.6 442.0
003982 0.989 131.0 201.0 162.6 231.3
003982 0.934 244.4 196.3 293.7 226.8
003982 0.707 340.7 200.5 386.4 228.9
004022 0.987 456.6 151.8 500.5 190.5
004022 0.976 46.4 223.1 126.4 270.1
004022 0.957 206.6 155.1 241.7 210.7
004022 0.769 20.9 185.1 81.0 220.5
004022 0.752 80.7 157.8 106.9 182.4
004022 0.719 56.4 189.2 88.5 217.6
004181 0.990 6.2 31.4 480.9 299.4
004233 1.000 129.5 135.8 407.9 354.5
004233 0.982 78.7 113.6 101.4 149.8
004233 0.831 354.6 111.0 375.3 150.1
004234 0.967 2.0 29.2 58.5 195.9
004332 0.724 156.6 334.9 298.8 475.6
004375 0.982 109.5 159.7 171.3 226.0
004399 0.999 236.8 144.4 363.2 242.4
004399 0.702 170.8 120.3 217.4 235.7
004445 1.000 238.2 77.7 454.9 221.2
004445 0.997 75.0 92.7 180.7 157.6
004445 0.997 37.8 126.2 149.4 250.3
004445 0.981 444.1 141.6 500.5 242.3
004445 0.895 222.0 133.0 266.5 238.4
004608 1.000 115.2 57.1 337.4 308.2
004635 0.992 229.7 125.8 324.6 229.1
004741 0.999 133.8 116.7 208.4 205.5
004741 0.997 234.2 92.5 365.5 184.1
004741 0.725 209.8 109.4 244.5 143.9
004772 1.000 50.2 135.3 389.5 252.5
004775 0.997 56.7 1.5 444.8 329.9
004807 0.966 125.2 23.2 398.1 304.6
004901 0.997 107.1 130.5 332.4 321.4
004980 0.999 90.3 199.5 129.4 225.3
004980 0.998 378.9 206.3 464.7 253.9
004980 0.992 465.3 197.4 495.5 224.2
004980 0.984 361.1 198.7 390.5 224.7
004980 0.984 19.9 200.2 69.1 236.3
004980 0.981 308.3 192.1 336.3 212.1
004980 0.932 147.5 183.7 164.0 202.2
005017 0.857 348.4 217.9 385.6 273.1
005053 0.906 21.8 145.2 80.7 202.9
005080 1.000 81.2 49.0 427.0 304.5
005141 0.933 12.2 172.9 182.2 327.3
005241 0.905 107.7 1.0 500.5 338.7
005335 0.999 297.2 209.8 449.1 316.4
005335 0.999 208.5 204.9 269.9 277.7
005335 0.972 46.7 210.3 80.4 252.9
005335 0.841 394.2 209.6 462.1 290.7
005339 0.999 174.3 31.5 412.6 384.8
005339 0.999 1.0 22.2 199.9 319.6
005339 0.996 392.2 65.6 496.5 233.6
005339 0.893 147.6 86.2 215.7 237.6
005339 0.862 478.9 83.1 500.2 214.2
005361 0.772 1.0 100.6 371.2 492.7
005617 0.999 207.8 138.1 343.2 263.5
005711 0.999 144.4 158.9 372.5 321.3
005711 0.950 143.1 146.5 274.1 205.8
005711 0.727 149.7 141.4 240.9 181.6
005795 0.883 14.6 40.9 477.4 475.9
005797 0.995 1.5 105.0 278.9 340.5
005876 1.000 158.0 254.2 389.4 423.0
006021 0.700 74.2 48.0 224.6 180.0
006060 0.926 8.0 144.1 330.6 328.1
006085 0.999 310.8 46.0 472.8 171.3
006085 0.991 165.2 59.2 285.1 165.1
006085 0.956 80.3 143.9 262.1 313.8
006173 0.998 298.6 226.2 353.1 298.9
006173 0.997 210.1 230.5 285.6 309.1
006173 0.993 89.7 230.2 176.4 310.0
006173 0.982 156.1 227.5 201.8 303.6
006173 0.928 350.7 257.7 398.0 299.7
006173 0.723 108.0 276.0 140.5 317.2
006237 0.781 56.3 84.1 110.4 179.1
006316 0.999 10.6 40.7 215.1 287.0
006316 0.998 227.8 32.4 478.2 272.5
006378 0.999 156.2 176.5 222.2 265.3
006378 0.995 275.9 170.8 374.6 282.2
006414 0.990 165.9 15.6 484.8 333.5
006423 0.718 397.4 154.2 448.8 184.4
006527 0.994 61.9 11.1 484.6 321.7
006573 1.000 33.0 3.4 433.8 373.0
006579 0.966 148.3 11.7 217.6 131.7
006579 0.865 16.0 37.1 162.6 127.7
006589 0.995 227.8 131.6 360.3 225.0
006591 0.978 219.1 187.8 349.3 329.0
006649 0.913 282.5 220.5 373.9 321.4
006770 0.844 184.3 157.7 209.8 187.7
006770 0.811 187.0 156.6 264.9 184.5
006770 0.766 75.4 158.6 180.7 214.0
006770 0.738 221.4 153.9 381.9 312.2
006815 0.811 38.8 112.0 163.6 228.0
006881 0.999 131.2 5.6 500.5 349.3
006973 0.997 58.3 1.0 385.6 328.1
006973 0.984 292.6 31.1 500.5 248.1
007069 0.997 91.6 125.4 178.5 186.2
007069 0.994 159.4 151.2 213.0 193.3
007069 0.992 370.9 181.5 433.3 229.3
007069 0.939 355.1 127.7 386.5 151.4
007069 0.856 46.5 131.4 69.9 162.1
007069 0.803 88.3 135.8 131.1 187.6
007118 0.995 23.3 63.2 349.7 323.6
007158 0.999 18.7 87.6 371.4 468.7
007265 0.703 83.5 32.7 349.9 313.3
007452 0.999 190.7 196.4 312.1 431.6
007452 0.968 19.5 190.3 150.1 322.6
007452 0.942 218.9 187.6 313.9 234.5
007516 0.997 280.5 166.2 497.9 349.1
007516 0.784 180.6 148.0 364.7 278.9
007554 0.996 421.1 176.3 468.6 214.9
007554 0.944 21.1 185.9 72.6 232.7
007554 0.911 39.7 181.7 76.4 217.0
007554 0.734 144.6 175.7 167.4 199.2
007587 0.954 49.9 88.9 444.6 386.6
007599 1.000 23.3 133.6 228.5 290.3
007599 1.000 226.8 142.0 387.0 291.6
007602 0.992 49.5 110.8 373.4 358.6
007602 0.992 267.4 130.8 500.5 375.5
007602 0.983 14.9 2.9 357.8 175.7
007602 0.848 319.0 2.0 468.9 137.4
007851 1.000 99.8 93.1 403.1 273.0
007941 0.857 16.9 1.0 384.8 483.2
008000 0.998 106.0 132.7 228.2 302.2
008000 0.819 244.7 211.7 392.3 301.7
008035 0.990 17.8 374.8 195.2 491.9
008078 0.996 244.6 263.0 369.7 351.6
008081 0.994 70.3 125.0 291.4 287.2
008090 0.999 125.6 174.8 353.4 344.6
008090 0.996 434.8 163.1 475.6 194.5
008090 0.964 459.2 91.2 484.5 113.8
008090 0.961 15.6 124.4 41.7 150.4
008090 0.953 360.7 132.8 384.5 150.2
008111 0.998 12.9 25.3 256.8 299.6
008111 0.841 72.8 22.3 234.9 64.3
008304 0.998 7.8 115.3 354.0 480.1
008344 0.768 10.1 101.8 42.0 137.6
008358 1.000 116.7 38.2 342.7 275.4
008358 0.772 107.6 148.7 246.7 275.3
008418 0.996 324.0 76.4 449.5 263.3
008418 0.957 427.6 41.9 457.5 61.4
008418 0.950 267.6 45.1 310.9 70.9
008418 0.945 364.8 176.1 500.5 338.1
008418 0.920 383.1 45.1 407.2 78.0
008418 0.725 180.1 38.9 204.7 56.7
008527 0.987 136.9 153.7 356.9 369.5
008527 0.977 319.0 111.2 500.5 265.9
008527 0.939 79.9 103.1 241.9 222.3
008527 0.930 307.6 103.4 470.9 158.5
008527 0.898 1.0 139.2 51.4 292.0
008605 0.980 138.5 132.1 192.8 228.7
008605 0.969 210.6 132.7 289.7 227.7
008637 0.991 113.2 109.1 390.3 240.2
008758 0.997 104.8 146.7 284.3 295.8
008758 0.997 25.6 137.4 137.8 221.6
008758 0.991 171.6 105.3 242.4 176.9
008758 0.986 51.5 85.6 99.0 108.4
008758 0.964 198.6 60.9 249.5 82.2
008763 0.998 50.2 104.9 350.5 455.2
008812 0.745 332.1 40.2 500.5 361.1
008853 0.998 110.8 196.7 329.7 325.9
008863 0.998 437.6 211.8 479.4 268.5
008863 0.998 196.4 241.0 247.3 295.0
008863 0.997 64.2 232.3 132.2 299.5
008863 0.992 308.3 212.9 353.7 258.9
008863 0.987 338.7 211.9 386.5 260.9
008863 0.987 251.2 214.8 290.3 259.7
008863 0.976 119.1 211.8 154.6 239.0
008863 0.955 220.8 199.1 250.2 248.3
008863 0.793 102.7 231.5 155.8 281.1
009082 1.000 8.9 91.7 280.6 342.6
009170 0.995 148.1 146.9 206.6 249.9
009170 0.958 245.2 152.2 359.3 288.2
009170 0.887 106.2 136.6 146.7 186.7
009170 0.720 189.5 140.9 228.4 195.1
009223 0.997 57.9 196.6 229.8 316.2
009264 1.000 125.5 96.7 500.2 372.7
009264 0.882 36.9 89.4 252.5 165.2
009301 1.000 185.1 92.4 500.2 375.5
009400 0.714 353.6 133.2 434.4 259.3
009450 0.996 244.9 171.1 372.6 336.4
009450 0.985 19.3 134.9 173.1 333.6
009450 0.941 4.1 137.6 95.3 242.8
009450 0.919 155.7 121.2 275.4 193.0
009450 0.872 105.2 127.3 197.9 231.2
009450 0.746 51.1 111.8 66.9 128.5
009450 0.701 346.2 115.1 375.5 160.9
009539 0.782 87.4 202.1 125.7 258.7
009569 0.930 228.0 307.5 452.6 373.3
009569 0.830 219.8 204.3 398.1 356.4
009760 1.000 56.4 106.4 500.5 372.5
009768 0.996 50.0 165.2 103.5 235.4
009768 0.941 300.7 165.5 340.8 232.3
009768 0.896 116.9 155.4 196.9 236.8
009771 0.997 155.8 223.1 437.9 371.4
009771 0.985 87.1 165.8 402.3 314.0
009787 0.755 314.8 38.6 425.3 184.3
009864 0.788 405.4 173.4 464.1 238.7
009909 1.000 46.2 39.7 355.7 331.4
009909 0.962 303.1 172.4 374.6 231.1
009912 0.999 93.5 66.5 374.7 351.0
