9 292.0 160.0 144.0 92.0 996.000
14 3.0 76.0 62.0 175.0 981.000
14 58.0 138.0 310.0 233.0 953.000
135 230.0 149.0 78.0 37.0 982.000
150 99.0 125.0 164.0 277.0 999.000
170 266.0 125.0 230.0 134.0 999.000
170 265.0 152.0 116.0 95.0 728.000
179 85.0 35.0 414.0 335.0 998.000
179 1.0 55.0 224.0 320.0 956.000
179 170.0 8.0 262.0 70.0 707.000
195 287.0 158.0 143.0 107.0 999.000
195 133.0 161.0 72.0 72.0 983.000
220 316.0 201.0 59.0 36.0 987.000
244 356.0 83.0 42.0 44.0 983.000
244 329.0 86.0 29.0 45.0 967.000
256 339.0 106.0 160.0 305.0 998.000
375 70.0 159.0 47.0 58.0 998.000
375 355.0 147.0 31.0 63.0 997.000
375 175.0 160.0 36.0 57.0 995.000
375 255.0 169.0 24.0 40.0 978.000
496 256.0 179.0 131.0 107.0 990.000
496 52.0 132.0 121.0 80.0 963.000
496 110.0 146.0 77.0 69.0 938.000
496 434.0 148.0 67.0 76.0 937.000
496 336.0 153.0 91.0 67.0 929.000
496 298.0 132.0 40.0 69.0 793.000
528 205.0 40.0 132.0 80.0 871.000
557 158.0 145.0 168.0 147.0 994.000
558 141.0 121.0 186.0 248.0 991.000
567 280.0 191.0 72.0 50.0 997.000
567 409.0 209.0 58.0 52.0 997.000
567 217.0 184.0 61.0 50.0 997.000
567 121.0 157.0 53.0 38.0 976.000
567 12.0 121.0 32.0 31.0 782.000
714 1.0 124.0 339.0 199.0 863.000
741 160.0 125.0 147.0 277.0 999.000
759 108.0 256.0 260.0 240.0 776.000
800 35.0 1.0 223.0 323.0 999.000
800 330.0 101.0 106.0 208.0 999.000
827 165.0 62.0 229.0 295.0 998.000
827 358.0 33.0 94.0 126.0 776.000
856 273.0 224.0 73.0 61.0 998.000
869 211.0 170.0 43.0 67.0 992.000
869 109.0 110.0 64.0 54.0 990.000
869 125.0 146.0 45.0 51.0 983.000
869 257.0 176.0 59.0 54.0 964.000
869 453.0 189.0 42.0 25.0 951.000
869 378.0 163.0 33.0 29.0 929.000
869 162.0 163.0 47.0 63.0 914.000
869 271.0 147.0 33.0 37.0 913.000
890 279.0 104.0 69.0 45.0 998.000
890 130.0 103.0 87.0 46.0 997.000
890 107.0 94.0 32.0 42.0 989.000
890 217.0 101.0 65.0 47.0 978.000
890 470.0 102.0 30.0 49.0 976.000
890 1.0 112.0 16.0 25.0 949.000
970 189.0 169.0 74.0 36.0 993.000
970 343.0 178.0 66.0 39.0 985.000
970 435.0 185.0 41.0 32.0 952.000
970 415.0 184.0 27.0 22.0 800.000
970 408.0 183.0 43.0 36.0 799.000
970 246.0 175.0 21.0 27.0 777.000
998 293.0 175.0 98.0 69.0 802.000
1004 185.0 123.0 106.0 170.0 999.000
1015 76.0 94.0 178.0 224.0 999.000
1015 351.0 134.0 134.0 84.0 999.000
1015 256.0 155.0 33.0 19.0 926.000
1062 21.0 335.0 66.0 89.0 995.000
1062 102.0 330.0 119.0 88.0 988.000
1073 197.0 107.0 92.0 149.0 999.000
1073 345.0 72.0 27.0 39.0 969.000
1083 2.0 184.0 356.0 191.0 994.000
1102 62.0 13.0 437.0 321.0 999.000
1156 2.0 25.0 436.0 343.0 999.000
1162 1.0 76.0 454.0 352.0 998.000
1163 3.0 9.0 325.0 253.0 999.000
1163 5.0 49.0 44.0 41.0 915.000
1169 237.0 172.0 41.0 75.0 995.000
1169 295.0 126.0 49.0 52.0 973.000
1169 281.0 105.0 33.0 33.0 943.000
1173 464.0 88.0 33.0 25.0 766.000
1283 152.0 110.0 288.0 206.0 999.000
1308 1.0 1.0 439.0 374.0 999.000
1308 403.0 251.0 97.0 107.0 998.000
1334 346.0 246.0 34.0 55.0 989.000
1334 281.0 253.0 50.0 55.0 985.000
1334 242.0 250.0 40.0 53.0 955.000
1334 204.0 257.0 61.0 48.0 942.000
1379 72.0 200.0 93.0 60.0 802.000
1387 53.0 136.0 120.0 77.0 999.000
1387 224.0 174.0 16.0 20.0 933.000
1387 455.0 191.0 26.0 16.0 919.000
1387 482.0 192.0 16.0 17.0 754.000
1401 390.0 208.0 46.0 51.0 993.000
1401 298.0 212.0 82.0 70.0 992.000
1401 233.0 209.0 61.0 56.0 989.000
1401 78.0 221.0 42.0 49.0 985.000
1401 124.0 209.0 31.0 55.0 972.000
1401 454.0 211.0 43.0 43.0 966.000
1401 152.0 224.0 28.0 52.0 955.000
1401 2.0 207.0 47.0 53.0 886.000
1449 27.0 23.0 453.0 350.0 999.000
1489 21.0 87.0 291.0 411.0 999.000
1508 124.0 72.0 336.0 277.0 995.000
1508 154.0 83.0 318.0 116.0 819.000
1526 74.0 91.0 349.0 239.0 999.000
1587 400.0 30.0 99.0 231.0 998.000
1587 144.0 16.0 266.0 279.0 998.000
1587 4.0 46.0 163.0 206.0 997.000
1593 109.0 236.0 48.0 49.0 859.000
1608 68.0 111.0 339.0 219.0 713.000
1630 108.0 248.0 106.0 66.0 995.000
1685 27.0 36.0 404.0 337.0 999.000
1685 331.0 76.0 169.0 107.0 971.000
1805 326.0 151.0 159.0 96.0 999.000
1805 38.0 137.0 131.0 104.0 998.000
1805 182.0 139.0 150.0 98.0 997.000
1805 6.0 130.0 96.0 89.0 940.000
1805 191.0 188.0 47.0 45.0 904.000
1805 3.0 168.0 47.0 47.0 802.000
1830 98.0 134.0 179.0 195.0 953.000
1831 126.0 61.0 126.0 147.0 754.000
1904 83.0 45.0 292.0 437.0 997.000
1904 1.0 63.0 129.0 313.0 985.000
1905 1.0 41.0 434.0 401.0 978.000
1976 131.0 201.0 32.0 30.0 988.000
1976 244.0 196.0 50.0 31.0 934.000
1976 341.0 200.0 45.0 29.0 706.000
1989 457.0 152.0 43.0 38.0 987.000
1989 46.0 223.0 80.0 47.0 976.000
1989 207.0 155.0 35.0 56.0 957.000
1989 21.0 185.0 60.0 35.0 768.000
1989 81.0 158.0 26.0 24.0 752.000
1989 56.0 189.0 33.0 29.0 719.000
2079 6.0 31.0 475.0 268.0 989.000
2104 130.0 136.0 278.0 218.0 999.000
2104 79.0 114.0 22.0 36.0 981.000
2104 355.0 111.0 20.0 39.0 830.000
2105 2.0 29.0 56.0 167.0 967.000
2151 157.0 335.0 142.0 141.0 723.000
2171 109.0 160.0 62.0 66.0 982.000
2183 237.0 144.0 126.0 98.0 999.000
2183 171.0 120.0 46.0 116.0 702.000
2212 238.0 78.0 217.0 143.0 999.000
2212 75.0 93.0 106.0 65.0 997.000
2212 38.0 126.0 111.0 124.0 996.000
2212 444.0 142.0 56.0 100.0 981.000
2212 222.0 133.0 45.0 105.0 894.000
2295 115.0 57.0 222.0 251.0 999.000
2308 230.0 126.0 95.0 103.0 991.000
2365 134.0 117.0 74.0 89.0 998.000
2365 234.0 92.0 132.0 92.0 996.000
2365 210.0 109.0 34.0 35.0 725.000
2384 50.0 135.0 339.0 117.0 999.000
2386 57.0 1.0 388.0 329.0 996.000
2400 125.0 23.0 273.0 282.0 966.000
2448 107.0 130.0 225.0 191.0 996.000
2488 90.0 199.0 39.0 26.0 998.000
2488 379.0 206.0 86.0 48.0 998.000
2488 465.0 197.0 31.0 27.0 991.000
2488 361.0 199.0 30.0 26.0 984.000
2488 20.0 200.0 49.0 36.0 983.000
2488 308.0 192.0 28.0 20.0 980.000
2488 147.0 184.0 17.0 18.0 931.000
2504 348.0 218.0 38.0 55.0 856.000
2523 22.0 145.0 59.0 58.0 906.000
2532 81.0 49.0 346.0 255.0 999.000
2565 12.0 173.0 170.0 154.0 932.000
2619 108.0 1.0 392.0 338.0 905.000
2665 297.0 210.0 152.0 106.0 998.000
2665 209.0 205.0 61.0 73.0 998.000
2665 47.0 210.0 33.0 43.0 971.000
2665 394.0 210.0 68.0 81.0 841.000
2666 174.0 31.0 239.0 354.0 999.000
2666 1.0 22.0 199.0 298.0 998.000
2666 392.0 66.0 104.0 168.0 995.000
2666 148.0 86.0 68.0 152.0 892.000
2666 479.0 83.0 21.0 131.0 862.000
2675 1.0 101.0 370.0 392.0 771.000
2797 208.0 138.0 135.0 126.0 999.000
2844 144.0 159.0 228.0 162.0 999.000
2844 143.0 147.0 131.0 59.0 950.000
2844 150.0 141.0 91.0 41.0 727.000
2883 15.0 41.0 462.0 435.0 883.000
2884 1.0 105.0 278.0 236.0 995.000
2920 158.0 254.0 231.0 169.0 999.000
2996 74.0 48.0 151.0 132.0 700.000
3018 8.0 144.0 323.0 184.0 926.000
3030 311.0 46.0 162.0 125.0 999.000
3030 165.0 59.0 120.0 106.0 990.000
3030 80.0 144.0 182.0 170.0 956.000
3073 299.0 226.0 54.0 73.0 998.000
3073 210.0 230.0 76.0 79.0 997.000
3073 90.0 230.0 86.0 80.0 992.000
3073 156.0 227.0 46.0 77.0 981.000
3073 351.0 258.0 47.0 42.0 928.000
3073 108.0 276.0 33.0 41.0 722.000
3096 56.0 84.0 54.0 95.0 780.000
3133 11.0 41.0 204.0 246.0 999.000
3133 228.0 32.0 250.0 241.0 998.000
3163 156.0 176.0 66.0 89.0 998.000
3163 276.0 171.0 99.0 111.0 994.000
3186 166.0 16.0 319.0 318.0 989.000
3191 397.0 154.0 52.0 30.0 718.000
3239 62.0 11.0 423.0 311.0 994.000
3263 33.0 3.0 401.0 370.0 999.000
3266 148.0 12.0 70.0 120.0 965.000
3266 16.0 37.0 147.0 91.0 865.000
3271 228.0 132.0 132.0 93.0 994.000
3273 219.0 188.0 130.0 141.0 978.000
3300 282.0 221.0 92.0 100.0 913.000
3357 184.0 158.0 26.0 30.0 843.000
3357 187.0 157.0 78.0 28.0 811.000
3357 75.0 159.0 106.0 55.0 766.000
3357 221.0 154.0 161.0 158.0 737.000
3381 39.0 112.0 125.0 116.0 811.000
3409 131.0 6.0 370.0 343.0 998.000
3452 58.0 1.0 328.0 327.0 997.000
3452 293.0 31.0 208.0 217.0 983.000
3501 92.0 125.0 86.0 61.0 996.000
3501 159.0 151.0 54.0 42.0 994.000
3501 371.0 182.0 62.0 47.0 992.000
3501 355.0 128.0 31.0 23.0 939.000
3501 46.0 131.0 24.0 31.0 855.000
3501 88.0 136.0 43.0 52.0 803.000
3522 23.0 63.0 327.0 261.0 995.000
3540 19.0 88.0 352.0 381.0 999.000
3594 84.0 33.0 266.0 280.0 703.000
3694 191.0 196.0 121.0 236.0 998.000
3694 20.0 190.0 130.0 133.0 967.000
3694 219.0 188.0 95.0 47.0 942.000
3728 281.0 166.0 217.0 183.0 997.000
3728 181.0 148.0 184.0 131.0 783.000
3745 421.0 176.0 48.0 39.0 996.000
3745 21.0 186.0 52.0 47.0 944.000
3745 40.0 182.0 36.0 35.0 911.000
3745 145.0 176.0 22.0 23.0 734.000
3762 50.0 89.0 395.0 298.0 954.000
3771 23.0 134.0 206.0 156.0 999.000
3771 227.0 142.0 160.0 150.0 999.000
3772 50.0 111.0 323.0 248.0 992.000
3772 267.0 131.0 233.0 244.0 991.000
3772 15.0 3.0 343.0 173.0 983.000
3772 319.0 2.0 150.0 135.0 847.000
3896 100.0 93.0 303.0 180.0 999.000
3936 17.0 1.0 368.0 482.0 857.000
3970 106.0 133.0 122.0 169.0 997.000
3970 245.0 212.0 147.0 90.0 818.000
3989 18.0 375.0 177.0 117.0 990.000
4010 245.0 263.0 125.0 89.0 996.000
4012 70.0 125.0 221.0 162.0 994.000
4015 126.0 175.0 227.0 170.0 999.000
4015 435.0 163.0 41.0 32.0 995.000
4015 459.0 91.0 25.0 23.0 963.000
4015 16.0 124.0 26.0 26.0 961.000
4015 361.0 133.0 24.0 17.0 952.000
4024 13.0 25.0 244.0 275.0 997.000
4024 73.0 22.0 162.0 42.0 840.000
4125 8.0 115.0 346.0 365.0 998.000
4142 10.0 102.0 32.0 36.0 768.000
4151 117.0 38.0 226.0 237.0 999.000
4151 108.0 149.0 139.0 126.0 771.000
4186 324.0 76.0 126.0 187.0 996.000
4186 428.0 42.0 29.0 19.0 957.000
4186 268.0 45.0 43.0 26.0 949.000
4186 365.0 176.0 135.0 162.0 944.000
4186 383.0 45.0 24.0 33.0 919.000
4186 180.0 39.0 25.0 18.0 724.000
4238 137.0 154.0 220.0 215.0 986.000
4238 319.0 111.0 181.0 155.0 976.000
4238 80.0 103.0 162.0 119.0 939.000
4238 308.0 103.0 163.0 56.0 929.000
4238 1.0 139.0 50.0 153.0 897.000
4282 138.0 132.0 55.0 97.0 979.000
4282 211.0 133.0 79.0 95.0 968.000
4299 113.0 109.0 277.0 131.0 990.000
4364 105.0 147.0 179.0 149.0 997.000
4364 26.0 137.0 112.0 85.0 996.000
4364 172.0 105.0 70.0 72.0 991.000
4364 51.0 86.0 48.0 22.0 985.000
4364 199.0 61.0 51.0 21.0 963.000
4367 50.0 105.0 300.0 350.0 998.000
4393 332.0 40.0 168.0 321.0 744.000
4414 111.0 197.0 219.0 129.0 998.000
4419 438.0 212.0 41.0 56.0 998.000
4419 196.0 241.0 51.0 54.0 997.000
4419 64.0 232.0 68.0 67.0 997.000
4419 308.0 213.0 46.0 46.0 991.000
4419 339.0 212.0 48.0 49.0 986.000
4419 251.0 215.0 39.0 45.0 986.000
4419 119.0 212.0 36.0 27.0 975.000
4419 221.0 199.0 29.0 49.0 954.000
4419 103.0 231.0 53.0 50.0 793.000
4527 9.0 92.0 272.0 251.0 999.000
4573 148.0 147.0 59.0 103.0 994.000
4573 245.0 152.0 114.0 136.0 957.000
4573 106.0 137.0 41.0 50.0 887.000
4573 190.0 141.0 38.0 54.0 719.000
4595 58.0 197.0 172.0 119.0 996.000
4618 125.0 97.0 375.0 276.0 999.000
4618 37.0 89.0 216.0 76.0 882.000
4634 185.0 92.0 315.0 283.0 999.000
4685 354.0 133.0 80.0 126.0 713.000
4705 245.0 171.0 128.0 165.0 996.000
4705 19.0 135.0 154.0 199.0 985.000
4705 4.0 138.0 91.0 105.0 941.000
4705 156.0 121.0 119.0 72.0 919.000
4705 105.0 127.0 93.0 104.0 872.000
4705 51.0 112.0 16.0 17.0 746.000
4705 346.0 115.0 29.0 46.0 701.000
4744 87.0 202.0 39.0 57.0 781.000
4757 228.0 307.0 225.0 66.0 930.000
4757 220.0 204.0 178.0 152.0 830.000
4850 56.0 106.0 444.0 266.0 999.000
4853 50.0 165.0 54.0 70.0 996.000
4853 301.0 166.0 40.0 66.0 940.000
4853 117.0 155.0 80.0 82.0 895.000
4856 156.0 223.0 282.0 148.0 997.000
4856 87.0 166.0 315.0 148.0 984.000
4864 315.0 39.0 110.0 145.0 755.000
4902 405.0 173.0 59.0 66.0 788.000
4922 46.0 40.0 310.0 291.0 999.000
4922 303.0 172.0 72.0 59.0 961.000
4924 94.0 67.0 281.0 284.0 999.000
