000006 0.881 147.7 188.7 346.2 371.9
000084 0.923 148.6 170.3 328.0 293.0
000085 0.856 171.8 167.2 500.5 327.4
000126 0.860 170.6 180.4 248.7 206.0
000144 0.756 109.0 174.3 413.5 328.8
000149 0.734 79.0 66.2 494.8 364.8
000178 0.874 15.5 84.9 500.5 350.4
000181 0.846 277.7 282.1 492.1 375.5
000212 0.863 134.9 165.0 437.6 329.2
000217 0.943 139.8 185.8 383.8 326.6
000226 0.841 85.3 232.5 374.2 299.6
000280 0.974 210.1 183.7 500.5 364.4
000314 0.867 188.2 133.0 306.4 207.7
000314 0.713 233.9 233.0 417.4 333.5
000327 0.819 5.1 91.2 495.7 375.5
000366 0.857 83.3 156.5 263.6 477.0
000369 0.865 13.7 255.3 446.8 373.0
000377 0.960 1.0 242.9 398.2 372.3
000452 0.896 9.7 292.6 260.4 375.5
000490 0.791 1.0 158.1 118.3 289.9
000502 0.820 359.1 129.2 500.5 223.6
000510 0.770 56.9 255.7 339.1 369.8
000547 0.725 185.3 255.6 260.6 302.8
000573 0.925 4.2 200.6 468.5 372.5
000587 0.872 125.8 247.0 499.7 375.4
000595 0.822 161.1 173.3 457.0 350.8
000606 0.919 152.2 221.0 495.5 372.4
000617 0.910 11.2 105.6 492.5 375.5
000621 0.792 417.3 211.6 500.5 327.4
000744 0.880 45.2 177.4 401.0 371.8
000745 0.980 5.0 34.8 500.5 299.6
000749 0.920 48.4 103.3 459.7 366.9
000762 0.819 33.1 208.1 498.8 375.5
000856 0.963 76.5 191.0 500.5 368.8
000870 0.750 164.9 265.7 499.1 375.5
001023 0.983 14.4 276.4 405.2 396.5
001047 0.723 10.5 214.0 327.1 375.2
001067 0.810 143.5 240.8 500.5 373.9
001138 0.873 1.0 217.4 189.5 373.0
001139 0.970 111.5 149.9 361.2 364.2
001139 0.798 1.0 137.0 128.2 343.6
001169 0.934 1.0 277.5 495.1 333.0
001177 0.757 32.9 255.1 384.3 372.2
001179 0.833 36.8 172.6 286.0 365.7
001189 0.941 80.9 258.9 306.7 448.6
001253 0.798 7.2 334.3 360.8 498.4
001302 0.953 19.2 146.7 491.5 367.7
001354 0.935 4.5 235.5 465.3 357.8
001368 0.855 6.9 312.9 363.6 500.5
001391 0.800 268.1 278.0 498.1 372.4
001431 0.723 7.3 141.7 500.5 374.2
001438 0.912 2.8 121.5 369.9 495.9
001489 0.959 15.3 79.9 497.3 323.3
001534 0.967 1.0 308.1 324.6 375.5
001558 0.813 1.0 310.5 500.5 374.6
001564 0.894 71.8 294.1 500.5 375.5
001569 0.922 1.0 308.8 373.2 495.6
001600 0.839 1.0 241.0 170.4 369.9
001609 0.991 14.0 113.5 375.5 500.5
001631 0.880 1.0 412.8 373.4 500.5
001674 0.937 123.4 317.5 366.5 375.5
001720 0.852 34.9 201.2 399.7 357.9
001740 0.790 7.3 35.6 500.5 375.5
001742 0.749 7.2 243.6 221.3 459.9
001757 0.929 11.9 176.7 259.5 496.1
001805 0.981 15.5 127.5 429.9 329.4
001856 0.851 187.8 240.8 265.5 394.9
001949 0.966 36.9 273.3 357.2 480.4
001975 0.961 67.9 155.1 490.3 372.5
001990 0.965 70.2 148.1 265.4 356.2
001990 0.727 67.5 141.7 278.0 217.1
002026 0.879 285.4 234.5 491.7 368.4
002035 0.772 70.2 134.4 354.8 341.8
002167 0.908 22.0 157.8 350.8 325.3
002188 0.986 2.1 9.1 500.5 375.5
002189 0.893 59.0 240.3 500.5 374.7
002211 0.707 3.8 427.4 275.5 500.5
002301 0.960 73.1 133.9 449.4 371.3
002322 0.915 43.1 336.3 287.4 485.3
002389 0.980 36.7 200.2 416.1 375.5
002499 0.931 5.8 81.2 460.7 327.5
002536 0.872 14.4 117.9 487.0 323.1
002551 0.821 1.0 260.1 365.8 333.0
002560 0.835 1.0 326.1 370.3 500.1
002614 0.895 152.3 226.2 433.6 326.0
002624 0.965 195.8 230.9 497.3 371.3
002705 0.719 62.3 299.6 491.2 374.7
002724 0.766 54.2 217.5 370.9 365.5
002753 0.769 244.2 232.9 338.3 349.5
002777 0.834 74.9 218.5 225.6 326.8
002788 0.891 57.4 132.0 295.0 302.7
002788 0.818 6.1 120.7 107.9 170.2
002788 0.745 42.6 143.3 264.4 211.6
002788 0.700 2.3 115.4 131.4 145.3
002799 0.984 17.0 130.8 485.3 372.5
002809 0.978 1.0 375.2 246.3 492.1
002856 0.982 34.9 35.4 500.1 322.9
002862 0.910 103.7 208.1 258.5 290.5
002885 0.985 5.9 219.7 228.8 369.1
002888 0.883 74.8 310.0 487.8 375.0
002904 0.813 19.9 256.4 499.3 375.5
002950 0.718 1.0 276.8 324.3 493.7
002974 0.960 1.0 365.0 373.4 500.0
003010 0.817 10.0 77.7 500.5 372.7
003020 0.834 206.8 320.0 495.3 374.7
003071 0.785 12.1 289.1 328.5 497.4
003123 0.992 57.5 237.9 469.5 372.2
003141 0.972 81.3 191.2 414.4 369.9
003206 0.777 199.6 161.6 315.7 291.4
003221 0.893 187.7 287.5 476.4 350.0
003249 0.718 53.5 154.5 500.5 372.4
003251 0.974 108.6 160.4 398.7 357.7
003297 0.975 7.8 216.0 351.7 497.6
003322 0.808 172.0 206.5 260.9 282.3
003322 0.783 29.3 315.6 194.6 373.3
003323 0.839 66.4 135.7 440.7 357.5
003423 0.905 274.4 304.4 500.3 374.5
003437 0.781 1.2 210.6 66.4 367.1
003448 0.834 76.9 142.0 205.4 312.4
003459 0.826 99.2 184.2 399.8 370.6
003485 0.863 31.1 287.3 495.0 375.4
003502 0.914 75.0 136.3 412.6 356.5
003532 0.770 176.4 228.9 321.6 286.2
003540 0.870 30.0 1.0 496.1 365.4
003544 0.760 28.3 279.5 327.4 371.6
003561 0.980 3.2 67.0 315.1 498.3
003617 0.848 89.3 180.5 362.4 367.6
003643 0.731 4.1 401.7 358.8 500.1
003649 0.917 55.3 191.6 424.7 332.9
003668 0.968 26.7 154.3 364.7 329.4
003725 0.822 22.8 158.1 488.1 372.3
003742 0.767 4.2 219.0 240.7 320.7
003761 0.936 116.3 157.3 395.9 365.1
003770 0.992 4.5 92.7 460.9 370.7
003771 0.706 28.0 278.7 478.1 375.5
003800 0.945 1.0 115.5 375.5 500.5
003894 0.993 22.9 85.9 500.5 374.9
003902 0.971 14.6 247.3 362.6 498.6
003928 0.979 15.4 226.6 363.9 489.8
004032 0.955 1.0 1.0 462.3 369.3
004053 0.836 70.6 199.4 177.2 288.3
004055 0.922 13.3 179.1 373.5 496.4
004098 0.912 220.8 190.6 440.6 325.8
004118 0.845 194.4 188.8 412.6 334.5
004166 0.940 282.1 220.6 498.3 324.0
004179 0.743 1.0 113.1 100.9 292.7
004180 0.814 22.4 134.5 487.9 375.5
004222 0.725 369.7 202.3 500.5 309.7
004250 0.925 19.0 323.5 360.5 478.2
004250 0.828 75.1 211.0 303.3 330.1
004250 0.722 112.8 129.5 283.0 235.6
004311 0.717 137.1 366.8 496.3 495.2
004319 0.915 32.4 157.2 455.1 359.2
004348 0.933 31.0 62.7 493.1 375.5
004355 0.722 4.0 217.0 485.0 373.7
004482 0.948 35.4 256.8 482.5 373.3
004525 0.995 55.7 4.5 498.0 318.6
004559 0.836 302.5 227.5 480.6 323.8
004567 0.750 3.5 280.9 169.0 375.5
004599 0.924 1.0 198.8 375.5 499.7
004640 0.826 75.5 123.5 376.4 348.2
004712 0.799 1.0 174.5 131.6 375.5
004740 0.839 117.5 236.9 496.9 372.5
004819 0.951 115.3 210.0 370.8 497.0
004881 0.959 24.0 189.4 488.3 371.5
004892 0.917 11.4 258.6 471.3 374.9
005025 0.871 280.4 214.4 500.5 374.8
005049 0.919 180.7 170.7 455.3 372.5
005096 0.893 1.0 37.8 320.4 305.1
005140 0.948 134.9 121.6 500.2 331.2
005151 0.870 1.0 244.8 490.8 375.5
005174 0.991 4.8 128.5 428.0 367.9
005180 0.707 1.6 424.8 67.2 497.2
005226 0.893 116.1 272.8 487.1 375.4
005226 0.831 1.0 331.0 134.7 372.6
005233 0.873 90.4 207.4 413.7 370.0
005252 0.941 54.4 210.1 333.5 489.1
005302 0.938 102.9 191.5 209.1 237.2
005302 0.711 102.4 185.7 211.0 206.1
005377 0.983 2.6 218.1 460.4 372.6
005464 0.973 2.0 129.6 333.5 500.1
005491 0.870 12.1 293.5 497.0 374.6
005491 0.785 357.6 272.1 500.5 375.5
005597 0.959 13.3 192.6 290.0 370.5
005612 0.817 8.2 243.9 270.6 357.2
005622 0.911 116.2 212.8 459.2 370.0
005623 0.943 19.1 6.4 421.7 383.2
005628 0.981 36.8 38.8 500.5 367.8
005726 0.938 1.0 43.1 375.5 500.5
005758 0.955 1.0 64.4 499.8 372.0
005844 0.873 119.4 104.5 430.9 349.0
005871 0.936 1.9 59.9 375.5 500.5
005935 0.822 9.7 295.7 154.9 353.3
005941 0.890 23.1 225.4 233.1 369.8
005976 0.869 127.2 219.8 368.6 330.8
006010 0.804 95.7 184.2 248.4 286.4
006056 0.950 16.4 87.7 490.3 329.3
006057 0.926 81.4 196.1 282.2 368.0
006068 0.723 94.0 288.1 324.8 439.4
006081 0.917 106.1 194.9 253.0 291.6
006086 0.926 1.0 224.7 488.9 476.3
006093 0.758 19.2 269.6 428.0 379.5
006142 0.898 18.8 112.8 183.8 228.2
006142 0.831 47.5 256.6 348.4 372.6
006142 0.768 25.4 111.3 193.1 151.4
006195 0.768 1.0 390.5 168.6 488.3
006226 0.905 25.8 225.4 248.7 461.5
006271 0.996 1.4 36.6 497.4 370.2
006313 0.718 1.0 237.0 100.9 365.0
006380 0.921 69.7 97.0 426.3 371.1
006452 0.816 7.8 345.1 134.1 496.8
006461 0.929 57.4 205.6 184.3 323.1
006505 0.778 1.0 249.4 171.4 277.6
006541 0.950 102.6 229.6 190.3 287.6
006541 0.885 223.6 262.9 348.0 317.6
006541 0.849 144.0 246.9 263.8 309.2
006546 0.946 39.4 196.5 479.4 373.8
006630 0.825 9.1 181.5 459.4 371.5
006662 0.847 186.4 266.0 449.8 373.8
006663 0.926 84.1 79.0 493.4 303.5
006686 0.882 1.5 339.8 370.0 375.5
006721 0.996 11.4 76.2 491.8 372.3
006750 0.746 29.2 82.2 360.1 281.6
006771 0.829 95.2 161.7 406.0 328.0
006787 0.797 64.9 211.7 325.7 490.0
006798 0.734 257.5 380.0 375.5 491.8
006816 0.772 195.4 229.7 335.0 300.0
006830 0.863 1.0 184.4 104.3 345.9
006923 0.939 17.6 182.2 170.1 297.4
006926 0.772 6.4 314.3 80.1 420.9
006937 0.761 178.3 226.8 375.5 462.3
006941 0.915 76.0 212.8 388.0 373.5
006980 0.947 12.6 10.5 500.5 374.2
007057 0.707 67.0 219.9 164.5 298.9
007110 0.895 49.2 249.2 371.2 370.0
007228 0.973 19.6 215.2 495.4 372.3
007228 0.726 144.5 123.3 312.4 219.2
007237 0.914 1.1 241.1 252.6 373.2
007240 0.924 4.1 97.6 495.7 368.9
007306 0.949 87.6 216.9 486.2 375.4
007335 0.800 165.3 149.0 297.2 234.8
007391 0.982 58.3 191.6 346.2 332.0
007393 0.994 107.5 224.6 441.2 333.5
007442 0.987 37.8 93.3 489.6 373.5
007472 0.971 327.5 307.5 500.5 373.5
007492 0.730 224.5 194.4 396.3 267.4
007494 0.850 2.3 166.2 489.9 371.8
007499 0.783 6.0 238.7 500.5 375.0
007531 0.954 3.0 145.8 467.9 371.9
007651 0.943 6.4 264.3 343.0 480.3
007652 0.932 14.6 206.1 491.3 333.5
007708 0.726 355.4 190.8 404.7 254.2
007722 0.980 1.0 273.5 260.3 376.0
007722 0.736 222.5 220.3 340.5 316.3
007739 0.911 6.8 376.0 360.0 498.7
007747 0.709 3.7 300.4 295.6 371.2
007752 0.727 1.0 219.5 393.2 366.9
007801 0.923 163.4 246.0 438.0 365.6
007817 0.729 14.1 441.6 473.7 500.3
007829 0.884 1.0 311.3 323.3 500.5
007888 0.732 1.0 216.5 498.6 329.8
007891 0.862 1.0 328.6 326.2 498.3
007896 0.841 140.1 144.1 374.7 264.3
007989 0.942 6.2 186.0 286.0 498.5
008045 0.879 1.0 47.2 475.2 377.7
008056 0.753 181.7 203.9 496.1 316.0
008073 0.939 177.6 203.1 449.5 357.1
008113 0.815 155.0 140.8 334.1 289.3
008153 0.948 3.4 259.5 375.0 492.8
008184 0.954 94.6 333.4 255.8 484.3
008196 0.951 16.2 217.9 490.0 372.3
008198 0.989 36.0 45.5 499.2 329.2
008210 0.997 1.0 237.5 293.0 375.5
008239 0.947 17.7 242.0 488.1 372.1
008245 0.724 83.1 222.9 459.6 370.8
008257 0.987 41.3 78.2 398.9 297.4
008287 0.820 4.8 262.7 245.4 373.4
008382 0.978 11.3 157.3 490.8 432.9
008431 0.954 281.5 163.0 400.4 278.4
008474 0.814 211.4 238.0 368.4 496.3
008490 0.921 56.2 236.5 306.6 438.1
008490 0.715 73.5 231.8 302.6 300.6
008493 0.724 2.1 15.7 83.9 82.9
008505 0.889 1.0 265.4 437.6 375.1
008520 0.929 43.0 110.3 479.8 363.6
008528 0.825 100.8 203.7 487.2 371.6
008591 0.931 7.3 131.8 333.5 487.9
008627 0.825 106.6 275.8 350.4 368.6
008686 0.940 26.7 135.7 491.6 372.4
008697 0.817 26.7 157.1 355.9 497.0
008705 0.718 4.8 255.2 491.4 375.5
008719 0.927 8.2 237.2 500.5 375.5
008754 0.829 26.1 183.2 127.3 280.0
008778 0.805 72.8 59.8 500.5 367.3
008941 0.949 1.0 219.7 371.6 375.5
008945 0.966 4.5 174.8 499.1 332.0
008947 0.807 173.3 282.8 470.8 369.0
009012 0.953 1.0 139.6 375.5 494.4
009075 0.824 8.4 259.7 454.4 373.6
009095 0.971 1.0 312.3 225.5 495.6
009118 0.945 430.0 255.2 496.6 373.2
009154 0.955 58.8 93.7 480.3 321.5
009164 0.924 81.6 349.3 351.6 497.3
009171 0.910 1.0 203.8 484.6 372.7
009257 0.703 1.0 187.8 500.5 368.8
009297 0.950 158.3 170.7 494.9 370.2
009313 0.797 5.6 354.7 177.9 493.3
009366 0.845 1.5 178.2 334.5 494.3
009385 0.987 1.0 19.8 500.5 371.8
009444 0.722 262.1 289.0 412.4 370.7
009452 0.803 265.0 197.4 410.9 312.7
009482 0.821 74.1 179.9 355.1 370.1
009514 0.731 240.0 158.2 334.4 281.4
009521 0.853 397.3 268.1 500.5 357.6
009547 0.939 1.0 290.6 374.3 496.9
009561 0.724 10.0 259.6 463.8 373.9
009582 0.915 12.9 87.0 499.1 375.3
009602 0.835 4.6 20.3 500.5 375.5
009606 0.978 106.8 320.7 357.5 492.4
009606 0.708 72.7 317.7 350.8 392.0
009662 0.966 46.0 289.2 487.4 371.9
009690 0.928 263.6 204.9 394.9 309.2
009715 0.735 403.8 201.3 498.5 232.9
009742 0.987 10.1 37.2 498.8 422.2
009782 0.826 143.1 211.8 492.2 375.5
009798 0.871 70.4 197.5 341.8 371.2
009812 0.946 122.7 339.1 327.4 495.5
009815 0.973 38.6 205.5 440.8 351.9
009853 0.783 1.0 291.1 480.7 373.5
009854 0.740 49.3 146.6 214.8 280.5
