5 148.0 189.0 198.0 183.0 880.000
44 149.0 170.0 179.0 123.0 922.000
45 172.0 167.0 329.0 160.0 855.000
66 171.0 180.0 78.0 26.0 859.000
73 109.0 174.0 304.0 155.0 755.000
76 79.0 66.0 416.0 299.0 734.000
88 15.0 85.0 485.0 265.0 873.000
90 278.0 282.0 214.0 93.0 845.000
106 135.0 165.0 303.0 164.0 862.000
109 140.0 186.0 244.0 141.0 942.000
111 85.0 233.0 289.0 67.0 841.000
139 210.0 184.0 290.0 180.0 974.000
157 188.0 133.0 118.0 75.0 867.000
157 234.0 233.0 183.0 101.0 712.000
163 5.0 91.0 491.0 284.0 818.000
184 83.0 157.0 181.0 320.0 856.000
186 14.0 255.0 433.0 118.0 865.000
190 1.0 243.0 397.0 129.0 959.000
232 10.0 293.0 250.0 82.0 895.000
251 1.0 158.0 117.0 132.0 790.000
255 359.0 129.0 141.0 95.0 820.000
260 57.0 256.0 282.0 114.0 770.000
275 185.0 256.0 76.0 47.0 724.000
292 4.0 201.0 464.0 171.0 925.000
301 126.0 247.0 374.0 128.0 871.000
304 161.0 173.0 296.0 178.0 822.000
310 152.0 221.0 344.0 151.0 918.000
316 11.0 106.0 481.0 269.0 909.000
318 417.0 212.0 83.0 115.0 791.000
384 45.0 177.0 356.0 195.0 879.000
385 5.0 35.0 495.0 265.0 980.000
387 48.0 103.0 412.0 264.0 919.000
392 33.0 208.0 466.0 167.0 818.000
433 77.0 191.0 423.0 178.0 963.000
439 165.0 266.0 334.0 109.0 750.000
514 14.0 276.0 391.0 121.0 982.000
530 10.0 214.0 317.0 161.0 723.000
540 144.0 241.0 356.0 133.0 810.000
577 1.0 217.0 189.0 156.0 873.000
578 111.0 150.0 250.0 214.0 969.000
578 1.0 137.0 127.0 207.0 798.000
590 1.0 278.0 494.0 55.0 933.000
592 33.0 255.0 351.0 117.0 756.000
594 37.0 173.0 249.0 193.0 833.000
599 81.0 259.0 226.0 190.0 940.000
630 7.0 334.0 354.0 164.0 797.000
652 19.0 147.0 472.0 221.0 952.000
679 5.0 235.0 460.0 123.0 935.000
688 7.0 313.0 357.0 187.0 854.000
701 268.0 278.0 230.0 94.0 799.000
723 7.0 142.0 493.0 232.0 722.000
727 3.0 121.0 367.0 375.0 912.000
749 15.0 80.0 482.0 243.0 958.000
770 1.0 308.0 324.0 67.0 966.000
781 1.0 310.0 499.0 65.0 812.000
784 72.0 294.0 428.0 81.0 894.000
788 1.0 309.0 372.0 187.0 922.000
805 1.0 241.0 169.0 129.0 838.000
810 14.0 113.0 361.0 387.0 991.000
822 1.0 413.0 372.0 87.0 880.000
848 123.0 317.0 243.0 58.0 936.000
871 35.0 201.0 365.0 157.0 851.000
878 7.0 36.0 493.0 339.0 789.000
879 7.0 244.0 214.0 216.0 748.000
886 12.0 177.0 248.0 319.0 929.000
911 15.0 127.0 415.0 202.0 981.000
936 188.0 241.0 78.0 154.0 850.000
984 37.0 273.0 320.0 207.0 966.000
999 68.0 155.0 422.0 218.0 961.000
1006 70.0 148.0 195.0 208.0 965.000
1006 68.0 142.0 210.0 75.0 726.000
1025 285.0 235.0 207.0 133.0 878.000
1031 70.0 134.0 285.0 208.0 772.000
1100 22.0 158.0 329.0 167.0 908.000
1106 2.0 9.0 498.0 366.0 985.000
1107 59.0 240.0 441.0 135.0 892.000
1117 4.0 427.0 272.0 73.0 706.000
1157 73.0 134.0 376.0 237.0 960.000
1167 43.0 336.0 244.0 149.0 915.000
1194 37.0 200.0 379.0 175.0 980.000
1246 6.0 81.0 455.0 247.0 930.000
1265 14.0 118.0 473.0 205.0 871.000
1271 1.0 260.0 365.0 73.0 821.000
1276 1.0 326.0 369.0 174.0 835.000
1302 152.0 226.0 282.0 100.0 894.000
1309 196.0 231.0 301.0 140.0 965.000
1347 62.0 300.0 429.0 75.0 719.000
1355 54.0 218.0 317.0 148.0 766.000
1371 244.0 233.0 94.0 116.0 769.000
1382 75.0 219.0 151.0 108.0 834.000
1386 57.0 132.0 238.0 171.0 891.000
1386 6.0 121.0 102.0 49.0 817.000
1386 43.0 143.0 221.0 69.0 745.000
1386 2.0 115.0 129.0 30.0 700.000
1392 17.0 131.0 468.0 242.0 984.000
1397 1.0 375.0 245.0 117.0 978.000
1423 35.0 35.0 465.0 288.0 982.000
1427 104.0 208.0 155.0 82.0 909.000
1438 6.0 220.0 223.0 149.0 985.000
1440 75.0 310.0 413.0 65.0 883.000
1450 20.0 256.0 479.0 119.0 813.000
1471 1.0 277.0 323.0 217.0 717.000
1482 1.0 365.0 372.0 135.0 959.000
1497 10.0 78.0 490.0 295.0 816.000
1503 207.0 320.0 288.0 55.0 833.000
1529 12.0 289.0 317.0 208.0 784.000
1551 58.0 238.0 411.0 134.0 991.000
1559 81.0 191.0 333.0 179.0 972.000
1589 200.0 162.0 116.0 129.0 777.000
1596 188.0 287.0 288.0 63.0 893.000
1612 53.0 154.0 447.0 218.0 717.000
1613 109.0 160.0 290.0 198.0 973.000
1634 8.0 216.0 344.0 282.0 975.000
1649 172.0 206.0 89.0 76.0 807.000
1649 29.0 316.0 166.0 57.0 782.000
1650 66.0 136.0 375.0 221.0 839.000
1694 274.0 304.0 226.0 70.0 905.000
1701 1.0 211.0 65.0 156.0 780.000
1708 77.0 142.0 128.0 170.0 833.000
1712 99.0 184.0 301.0 187.0 825.000
1728 31.0 287.0 464.0 88.0 863.000
1736 75.0 136.0 338.0 220.0 914.000
1751 176.0 229.0 146.0 57.0 770.000
1756 30.0 1.0 466.0 364.0 869.000
1760 28.0 279.0 299.0 93.0 759.000
1769 3.0 67.0 312.0 431.0 980.000
1799 89.0 180.0 273.0 188.0 848.000
1808 4.0 402.0 355.0 98.0 730.000
1810 55.0 192.0 370.0 141.0 917.000
1818 27.0 154.0 338.0 175.0 967.000
1844 23.0 158.0 465.0 214.0 821.000
1856 4.0 219.0 237.0 102.0 767.000
1864 116.0 157.0 280.0 208.0 935.000
1871 5.0 93.0 456.0 278.0 992.000
1872 28.0 279.0 450.0 96.0 705.000
1884 1.0 115.0 374.0 385.0 944.000
1929 23.0 86.0 477.0 289.0 992.000
1934 15.0 247.0 348.0 252.0 970.000
1948 15.0 227.0 349.0 263.0 978.000
1995 1.0 1.0 461.0 368.0 955.000
2007 71.0 199.0 106.0 89.0 835.000
2009 13.0 179.0 361.0 317.0 921.000
2034 221.0 191.0 220.0 135.0 912.000
2045 194.0 189.0 219.0 146.0 845.000
2070 282.0 221.0 216.0 103.0 939.000
2077 1.0 113.0 100.0 180.0 743.000
2078 22.0 135.0 466.0 240.0 813.000
2100 370.0 202.0 131.0 108.0 725.000
2114 19.0 324.0 341.0 154.0 924.000
2114 75.0 211.0 228.0 119.0 827.000
2114 113.0 129.0 170.0 107.0 722.000
2141 137.0 367.0 359.0 128.0 716.000
2146 32.0 157.0 423.0 202.0 914.000
2160 31.0 63.0 462.0 313.0 932.000
2163 4.0 217.0 481.0 157.0 721.000
2234 35.0 257.0 448.0 116.0 947.000
2254 56.0 5.0 442.0 314.0 995.000
2270 303.0 227.0 178.0 97.0 836.000
2274 4.0 281.0 165.0 94.0 750.000
2292 1.0 199.0 374.0 301.0 923.000
2312 76.0 124.0 300.0 224.0 825.000
2346 1.0 174.0 131.0 201.0 799.000
2364 117.0 237.0 380.0 135.0 839.000
2406 115.0 210.0 256.0 287.0 950.000
2436 24.0 189.0 464.0 182.0 958.000
2443 11.0 259.0 460.0 116.0 916.000
2508 280.0 214.0 220.0 161.0 871.000
2520 181.0 171.0 274.0 202.0 918.000
2541 1.0 38.0 319.0 267.0 892.000
2564 135.0 122.0 365.0 209.0 947.000
2570 1.0 245.0 490.0 130.0 869.000
2584 5.0 129.0 423.0 239.0 991.000
2586 2.0 425.0 65.0 72.0 706.000
2609 116.0 273.0 371.0 102.0 893.000
2609 1.0 331.0 134.0 42.0 830.000
2613 90.0 207.0 324.0 163.0 873.000
2625 54.0 210.0 280.0 279.0 940.000
2650 103.0 192.0 106.0 45.0 938.000
2650 102.0 186.0 109.0 20.0 710.000
2682 3.0 218.0 457.0 155.0 982.000
2719 2.0 130.0 332.0 370.0 972.000
2733 12.0 294.0 485.0 81.0 869.000
2733 358.0 272.0 142.0 103.0 785.000
2789 13.0 193.0 277.0 177.0 958.000
2795 8.0 244.0 263.0 113.0 816.000
2800 116.0 213.0 343.0 157.0 910.000
2801 19.0 6.0 403.0 377.0 943.000
2804 37.0 39.0 463.0 329.0 981.000
2852 1.0 43.0 374.0 457.0 937.000
2866 1.0 64.0 499.0 308.0 954.000
2905 119.0 105.0 312.0 244.0 872.000
2918 2.0 60.0 373.0 440.0 936.000
2949 10.0 296.0 145.0 57.0 821.000
2953 23.0 225.0 210.0 145.0 890.000
2974 127.0 220.0 242.0 111.0 869.000
2989 96.0 184.0 152.0 102.0 804.000
3015 16.0 88.0 474.0 241.0 950.000
3016 81.0 196.0 201.0 172.0 926.000
3021 94.0 288.0 231.0 151.0 722.000
3027 106.0 195.0 147.0 97.0 916.000
3031 1.0 225.0 488.0 251.0 926.000
3035 19.0 270.0 409.0 109.0 757.000
3057 19.0 113.0 165.0 115.0 897.000
3057 48.0 257.0 300.0 116.0 830.000
3057 25.0 111.0 168.0 40.0 767.000
3081 1.0 391.0 168.0 97.0 768.000
3091 26.0 225.0 223.0 236.0 904.000
3111 1.0 37.0 496.0 333.0 996.000
3131 1.0 237.0 100.0 128.0 718.000
3165 70.0 97.0 356.0 274.0 920.000
3200 8.0 345.0 126.0 152.0 815.000
3205 57.0 206.0 127.0 117.0 929.000
3226 1.0 249.0 170.0 29.0 778.000
3247 103.0 230.0 87.0 58.0 949.000
3247 224.0 263.0 124.0 55.0 884.000
3247 144.0 247.0 120.0 62.0 849.000
3250 39.0 197.0 440.0 177.0 945.000
3291 9.0 182.0 450.0 190.0 824.000
3307 186.0 266.0 264.0 108.0 847.000
3308 84.0 79.0 409.0 224.0 926.000
3317 2.0 340.0 368.0 35.0 882.000
3333 11.0 76.0 481.0 296.0 996.000
3348 29.0 82.0 331.0 200.0 746.000
3358 95.0 162.0 311.0 166.0 828.000
3366 65.0 212.0 261.0 278.0 797.000
3374 257.0 380.0 118.0 112.0 734.000
3382 195.0 230.0 140.0 70.0 771.000
3388 1.0 184.0 103.0 162.0 862.000
3430 18.0 182.0 152.0 115.0 938.000
3432 6.0 314.0 74.0 107.0 772.000
3437 178.0 227.0 197.0 235.0 760.000
3439 76.0 213.0 312.0 160.0 914.000
3458 13.0 11.0 487.0 363.0 947.000
3495 67.0 220.0 98.0 79.0 706.000
3517 49.0 249.0 322.0 121.0 894.000
3573 20.0 215.0 475.0 157.0 972.000
3573 145.0 123.0 167.0 96.0 726.000
3579 1.0 241.0 252.0 132.0 913.000
3582 4.0 98.0 492.0 271.0 924.000
3613 88.0 217.0 398.0 158.0 948.000
3631 165.0 149.0 132.0 86.0 799.000
3663 58.0 192.0 288.0 140.0 981.000
3665 108.0 225.0 333.0 109.0 993.000
3690 38.0 93.0 452.0 281.0 986.000
3704 328.0 308.0 172.0 65.0 971.000
3711 224.0 194.0 172.0 73.0 729.000
3712 2.0 166.0 488.0 206.0 849.000
3715 6.0 239.0 494.0 136.0 782.000
3733 3.0 146.0 465.0 226.0 954.000
3798 6.0 264.0 337.0 216.0 942.000
3799 15.0 206.0 476.0 128.0 931.000
3821 355.0 191.0 50.0 63.0 726.000
3828 1.0 274.0 259.0 102.0 980.000
3828 223.0 220.0 118.0 96.0 735.000
3837 7.0 376.0 353.0 123.0 910.000
3840 4.0 300.0 292.0 71.0 708.000
3842 1.0 220.0 392.0 147.0 726.000
3868 163.0 246.0 275.0 120.0 923.000
3877 14.0 442.0 460.0 58.0 729.000
3884 1.0 311.0 322.0 190.0 883.000
3913 1.0 216.0 498.0 114.0 732.000
3914 1.0 329.0 325.0 169.0 862.000
3919 140.0 144.0 235.0 120.0 841.000
3964 6.0 186.0 280.0 312.0 942.000
3993 1.0 47.0 474.0 331.0 878.000
4000 182.0 204.0 314.0 112.0 753.000
4007 178.0 203.0 272.0 154.0 938.000
4025 155.0 141.0 179.0 148.0 814.000
4047 3.0 260.0 372.0 233.0 947.000
4065 95.0 333.0 161.0 151.0 954.000
4072 16.0 218.0 474.0 154.0 950.000
4073 36.0 45.0 463.0 284.0 989.000
4078 1.0 237.0 292.0 138.0 996.000
4093 18.0 242.0 470.0 130.0 947.000
4097 83.0 223.0 377.0 148.0 723.000
4103 41.0 78.0 358.0 219.0 986.000
4118 5.0 263.0 240.0 110.0 820.000
4165 11.0 157.0 480.0 276.0 977.000
4191 281.0 163.0 119.0 115.0 953.000
4212 211.0 238.0 157.0 258.0 814.000
4221 56.0 236.0 251.0 202.0 920.000
4221 74.0 232.0 229.0 69.0 714.000
4223 2.0 16.0 82.0 67.0 724.000
4229 1.0 265.0 437.0 110.0 888.000
4236 43.0 110.0 437.0 254.0 928.000
4239 101.0 204.0 386.0 168.0 824.000
4274 7.0 132.0 327.0 356.0 930.000
4293 107.0 276.0 243.0 93.0 824.000
4333 27.0 136.0 465.0 236.0 939.000
4338 27.0 157.0 329.0 340.0 817.000
4342 5.0 255.0 486.0 120.0 718.000
4349 8.0 237.0 492.0 138.0 926.000
4363 26.0 183.0 101.0 97.0 829.000
4372 73.0 60.0 427.0 307.0 805.000
4458 1.0 220.0 371.0 155.0 948.000
4459 5.0 175.0 494.0 157.0 966.000
4461 173.0 283.0 298.0 86.0 807.000
4490 1.0 140.0 374.0 354.0 952.000
4523 8.0 260.0 446.0 114.0 824.000
4534 1.0 312.0 225.0 184.0 971.000
4546 430.0 255.0 67.0 118.0 945.000
4566 59.0 94.0 421.0 228.0 954.000
4569 82.0 349.0 270.0 148.0 924.000
4574 1.0 204.0 484.0 169.0 909.000
4612 1.0 188.0 499.0 181.0 703.000
4631 158.0 171.0 337.0 199.0 949.000
4640 6.0 355.0 172.0 138.0 797.000
4666 1.0 178.0 334.0 316.0 844.000
4677 1.0 20.0 499.0 352.0 987.000
4702 262.0 289.0 150.0 82.0 722.000
4707 265.0 197.0 146.0 116.0 803.000
4716 74.0 180.0 281.0 190.0 821.000
4734 240.0 158.0 94.0 123.0 731.000
4735 397.0 268.0 103.0 90.0 853.000
4746 1.0 291.0 373.0 206.0 939.000
4754 10.0 260.0 454.0 114.0 723.000
4764 13.0 87.0 486.0 288.0 914.000
4774 5.0 20.0 495.0 355.0 834.000
4776 107.0 321.0 251.0 171.0 978.000
4776 73.0 318.0 278.0 74.0 707.000
4805 46.0 289.0 441.0 83.0 965.000
4819 264.0 205.0 131.0 104.0 928.000
4828 404.0 201.0 94.0 32.0 734.000
4842 10.0 37.0 489.0 385.0 986.000
4860 143.0 212.0 349.0 163.0 826.000
4869 70.0 198.0 272.0 173.0 871.000
4876 123.0 339.0 204.0 157.0 946.000
4878 39.0 205.0 402.0 147.0 972.000
4897 1.0 291.0 480.0 82.0 783.000
4898 49.0 147.0 166.0 133.0 740.000
