1 62.0 235.0 128.0 118.0 789.000
8 145.0 136.0 182.0 157.0 996.000
12 42.0 39.0 324.0 246.0 999.000
14 59.0 48.0 99.0 121.0 901.000
17 50.0 56.0 230.0 240.0 999.000
19 44.0 92.0 419.0 238.0 999.000
39 98.0 80.0 130.0 262.0 999.000
41 1.0 50.0 404.0 307.0 996.000
59 1.0 108.0 273.0 153.0 971.000
59 308.0 135.0 165.0 101.0 907.000
83 11.0 1.0 487.0 373.0 999.000
92 67.0 2.0 431.0 340.0 999.000
104 116.0 274.0 177.0 188.0 810.000
126 6.0 4.0 449.0 330.0 996.000
127 204.0 113.0 196.0 218.0 856.000
145 84.0 102.0 244.0 386.0 987.000
161 31.0 101.0 333.0 151.0 996.000
181 170.0 22.0 121.0 247.0 999.000
215 5.0 13.0 282.0 365.0 953.000
215 98.0 33.0 384.0 399.0 893.000
245 217.0 94.0 230.0 149.0 999.000
251 3.0 244.0 78.0 72.0 736.000
258 87.0 288.0 138.0 178.0 977.000
263 22.0 239.0 134.0 136.0 997.000
268 349.0 63.0 42.0 47.0 787.000
274 13.0 143.0 272.0 210.0 972.000
277 35.0 30.0 432.0 335.0 972.000
312 217.0 1.0 244.0 288.0 992.000
315 20.0 96.0 298.0 325.0 911.000
337 91.0 31.0 390.0 344.0 764.000
349 1.0 3.0 483.0 304.0 864.000
357 74.0 178.0 375.0 153.0 957.000
368 89.0 41.0 226.0 411.0 999.000
369 163.0 13.0 185.0 362.0 999.000
372 178.0 79.0 273.0 268.0 811.000
378 381.0 179.0 74.0 100.0 998.000
381 108.0 229.0 25.0 48.0 986.000
388 71.0 45.0 364.0 266.0 999.000
391 120.0 107.0 342.0 262.0 998.000
395 1.0 101.0 301.0 210.0 727.000
403 39.0 31.0 461.0 296.0 995.000
432 53.0 150.0 264.0 351.0 999.000
451 71.0 126.0 158.0 191.0 995.000
451 237.0 86.0 135.0 257.0 979.000
457 4.0 1.0 335.0 265.0 979.000
479 115.0 66.0 225.0 302.0 963.000
483 17.0 14.0 448.0 320.0 986.000
488 105.0 65.0 377.0 400.0 999.000
503 11.0 5.0 478.0 306.0 910.000
516 74.0 229.0 154.0 178.0 997.000
516 204.0 57.0 103.0 64.0 873.000
524 326.0 95.0 140.0 119.0 999.000
524 154.0 116.0 175.0 117.0 996.000
524 96.0 130.0 75.0 98.0 838.000
528 31.0 37.0 115.0 90.0 923.000
534 23.0 43.0 309.0 407.0 999.000
542 218.0 149.0 190.0 89.0 996.000
549 46.0 14.0 435.0 354.0 964.000
569 208.0 22.0 229.0 280.0 999.000
571 1.0 75.0 320.0 235.0 793.000
572 86.0 28.0 329.0 235.0 999.000
581 129.0 100.0 255.0 273.0 991.000
600 118.0 178.0 294.0 183.0 987.000
600 116.0 165.0 267.0 96.0 942.000
602 133.0 56.0 202.0 262.0 999.000
606 241.0 68.0 149.0 168.0 997.000
606 1.0 168.0 251.0 85.0 959.000
611 198.0 152.0 302.0 203.0 987.000
611 264.0 265.0 224.0 110.0 948.000
611 53.0 142.0 180.0 165.0 917.000
614 127.0 136.0 197.0 172.0 902.000
614 238.0 122.0 148.0 107.0 845.000
619 136.0 32.0 250.0 281.0 998.000
633 95.0 20.0 215.0 301.0 999.000
655 176.0 140.0 114.0 64.0 998.000
658 171.0 21.0 114.0 169.0 881.000
664 1.0 41.0 499.0 334.0 999.000
665 105.0 119.0 214.0 195.0 998.000
671 55.0 22.0 408.0 309.0 986.000
672 317.0 276.0 182.0 99.0 980.000
678 117.0 89.0 240.0 239.0 997.000
686 284.0 263.0 37.0 66.0 986.000
686 89.0 266.0 44.0 60.0 984.000
758 45.0 1.0 293.0 271.0 999.000
768 15.0 53.0 443.0 263.0 742.000
777 35.0 90.0 205.0 230.0 894.000
783 176.0 44.0 152.0 309.0 999.000
806 72.0 45.0 350.0 321.0 994.000
826 123.0 84.0 378.0 251.0 998.000
826 72.0 119.0 218.0 212.0 790.000
833 31.0 4.0 469.0 371.0 999.000
834 203.0 108.0 135.0 152.0 954.000
874 43.0 171.0 359.0 151.0 998.000
884 147.0 55.0 354.0 272.0 999.000
889 7.0 14.0 351.0 357.0 997.000
891 115.0 53.0 372.0 312.0 999.000
923 219.0 171.0 281.0 202.0 988.000
929 77.0 163.0 200.0 159.0 995.000
934 1.0 70.0 328.0 430.0 999.000
941 108.0 88.0 265.0 185.0 963.000
968 196.0 224.0 148.0 260.0 997.000
997 95.0 36.0 208.0 214.0 819.000
1002 15.0 68.0 246.0 302.0 992.000
1002 359.0 106.0 141.0 256.0 969.000
1002 230.0 109.0 173.0 191.0 905.000
1008 19.0 158.0 236.0 159.0 981.000
1019 149.0 115.0 132.0 159.0 806.000
1019 126.0 100.0 301.0 222.0 805.000
1052 21.0 85.0 283.0 166.0 999.000
1071 97.0 219.0 111.0 71.0 959.000
1082 133.0 6.0 202.0 222.0 999.000
1083 192.0 124.0 124.0 113.0 983.000
1085 14.0 29.0 316.0 296.0 999.000
1086 33.0 228.0 234.0 209.0 996.000
1096 6.0 102.0 238.0 150.0 999.000
1096 201.0 125.0 299.0 183.0 997.000
1110 32.0 18.0 375.0 337.0 996.000
1111 22.0 125.0 191.0 212.0 984.000
1115 73.0 147.0 358.0 297.0 954.000
1133 49.0 32.0 432.0 325.0 955.000
1138 142.0 262.0 189.0 230.0 998.000
1148 228.0 122.0 245.0 198.0 987.000
1148 11.0 28.0 377.0 265.0 899.000
1162 1.0 75.0 445.0 352.0 703.000
1170 1.0 87.0 289.0 405.0 993.000
1175 145.0 159.0 99.0 91.0 979.000
1175 47.0 88.0 84.0 134.0 968.000
1193 148.0 2.0 347.0 316.0 790.000
1198 243.0 123.0 217.0 200.0 991.000
1205 54.0 144.0 99.0 188.0 969.000
1205 64.0 87.0 412.0 242.0 844.000
1215 378.0 116.0 121.0 122.0 956.000
1224 90.0 60.0 408.0 212.0 998.000
1231 293.0 111.0 60.0 90.0 967.000
1231 289.0 157.0 59.0 63.0 944.000
1239 6.0 31.0 233.0 337.0 999.000
1239 290.0 173.0 210.0 197.0 910.000
1264 36.0 43.0 437.0 226.0 969.000
1267 29.0 63.0 456.0 234.0 993.000
1281 100.0 63.0 203.0 232.0 998.000
1289 2.0 53.0 113.0 235.0 996.000
1289 140.0 87.0 228.0 272.0 981.000
1289 347.0 25.0 153.0 145.0 977.000
1289 432.0 84.0 68.0 203.0 943.000
1294 58.0 27.0 324.0 191.0 986.000
1294 64.0 77.0 371.0 280.0 740.000
1322 146.0 106.0 250.0 227.0 999.000
1328 8.0 28.0 365.0 288.0 994.000
1349 68.0 131.0 221.0 198.0 998.000
1354 4.0 34.0 197.0 313.0 999.000
1356 17.0 1.0 472.0 362.0 999.000
1377 264.0 194.0 90.0 103.0 993.000
1385 157.0 174.0 282.0 200.0 853.000
1394 20.0 18.0 321.0 369.0 968.000
1411 62.0 55.0 221.0 386.0 997.000
1418 64.0 65.0 256.0 206.0 999.000
1421 35.0 197.0 354.0 160.0 993.000
1421 56.0 54.0 232.0 107.0 989.000
1421 65.0 143.0 402.0 99.0 982.000
1422 84.0 1.0 318.0 271.0 987.000
1425 320.0 191.0 147.0 142.0 999.000
1426 12.0 67.0 321.0 387.0 770.000
1433 17.0 23.0 374.0 315.0 999.000
1460 8.0 43.0 444.0 288.0 871.000
1462 110.0 123.0 164.0 107.0 805.000
1476 129.0 322.0 56.0 108.0 922.000
1481 55.0 74.0 249.0 334.0 993.000
1513 167.0 146.0 214.0 112.0 969.000
1536 31.0 210.0 60.0 22.0 713.000
1539 119.0 67.0 213.0 397.0 710.000
1548 197.0 86.0 146.0 137.0 880.000
1552 191.0 26.0 279.0 326.0 997.000
1562 34.0 109.0 132.0 119.0 901.000
1566 106.0 97.0 300.0 150.0 998.000
1572 26.0 29.0 338.0 447.0 996.000
1575 1.0 67.0 299.0 249.0 941.000
1575 197.0 34.0 297.0 189.0 880.000
1577 126.0 55.0 311.0 289.0 989.000
1598 355.0 188.0 144.0 153.0 990.000
1610 26.0 108.0 437.0 262.0 997.000
1617 51.0 67.0 374.0 200.0 995.000
1619 76.0 90.0 309.0 410.0 999.000
1627 239.0 27.0 188.0 264.0 923.000
1641 17.0 16.0 304.0 454.0 993.000
1652 12.0 27.0 452.0 473.0 988.000
1655 1.0 50.0 410.0 402.0 981.000
1655 199.0 71.0 294.0 176.0 980.000
1669 219.0 249.0 48.0 40.0 995.000
1673 12.0 37.0 280.0 276.0 964.000
1691 30.0 19.0 436.0 356.0 855.000
1693 79.0 356.0 97.0 82.0 986.000
1693 157.0 262.0 38.0 120.0 977.000
1693 4.0 353.0 148.0 90.0 936.000
1696 69.0 16.0 197.0 161.0 903.000
1696 145.0 43.0 336.0 332.0 806.000
1703 63.0 91.0 271.0 394.0 997.000
1707 146.0 158.0 258.0 122.0 998.000
1717 363.0 162.0 103.0 121.0 999.000
1723 77.0 25.0 327.0 309.0 962.000
1731 76.0 97.0 159.0 234.0 938.000
1731 236.0 238.0 124.0 96.0 932.000
1752 74.0 129.0 41.0 37.0 993.000
1787 107.0 291.0 161.0 102.0 979.000
1787 230.0 275.0 71.0 126.0 970.000
1787 132.0 268.0 126.0 57.0 956.000
1820 116.0 164.0 272.0 148.0 996.000
1830 13.0 78.0 205.0 190.0 970.000
1830 224.0 120.0 110.0 145.0 970.000
1830 107.0 137.0 195.0 191.0 934.000
1836 131.0 106.0 234.0 193.0 999.000
1846 148.0 140.0 146.0 128.0 991.000
1852 4.0 192.0 225.0 299.0 998.000
1854 2.0 67.0 264.0 300.0 990.000
1865 199.0 150.0 117.0 117.0 943.000
1878 121.0 32.0 267.0 292.0 988.000
1881 270.0 38.0 228.0 337.0 970.000
1888 212.0 140.0 284.0 127.0 981.000
1894 149.0 60.0 236.0 204.0 999.000
1894 72.0 207.0 255.0 149.0 996.000
1917 192.0 187.0 111.0 155.0 883.000
1917 176.0 160.0 220.0 205.0 837.000
1926 120.0 83.0 346.0 287.0 997.000
1933 30.0 81.0 289.0 394.0 991.000
1944 17.0 88.0 400.0 199.0 993.000
1952 187.0 7.0 264.0 287.0 980.000
1966 12.0 16.0 316.0 436.0 997.000
1972 18.0 1.0 462.0 494.0 999.000
1974 10.0 30.0 319.0 345.0 999.000
1983 14.0 90.0 330.0 200.0 987.000
1984 192.0 425.0 128.0 67.0 971.000
1988 174.0 2.0 326.0 351.0 999.000
2002 91.0 91.0 265.0 284.0 711.000
2013 6.0 80.0 269.0 211.0 999.000
2023 212.0 20.0 138.0 280.0 999.000
2028 192.0 147.0 308.0 212.0 998.000
2028 43.0 8.0 228.0 131.0 992.000
2041 14.0 128.0 228.0 243.0 994.000
2041 193.0 18.0 294.0 327.0 785.000
2053 69.0 78.0 362.0 237.0 855.000
2064 15.0 65.0 377.0 264.0 855.000
2070 209.0 197.0 54.0 34.0 862.000
2077 156.0 137.0 104.0 166.0 986.000
2088 54.0 157.0 193.0 198.0 999.000
2088 267.0 128.0 230.0 231.0 999.000
2098 318.0 227.0 174.0 100.0 989.000
2102 170.0 53.0 162.0 291.0 987.000
2122 103.0 46.0 261.0 215.0 990.000
2125 201.0 301.0 112.0 179.0 998.000
2129 196.0 145.0 208.0 214.0 972.000
2133 109.0 171.0 197.0 204.0 991.000
2138 175.0 24.0 197.0 331.0 992.000
2138 215.0 141.0 248.0 223.0 951.000
2140 327.0 254.0 169.0 119.0 801.000
2158 93.0 44.0 402.0 253.0 999.000
2184 101.0 5.0 283.0 364.0 975.000
2185 164.0 62.0 117.0 124.0 997.000
2199 185.0 145.0 217.0 223.0 948.000
2205 104.0 52.0 170.0 210.0 821.000
2227 41.0 1.0 371.0 373.0 993.000
2240 54.0 18.0 292.0 356.0 984.000
2242 351.0 120.0 149.0 255.0 985.000
2242 17.0 223.0 223.0 123.0 978.000
2242 169.0 181.0 254.0 189.0 957.000
2263 143.0 202.0 58.0 146.0 994.000
2276 1.0 3.0 285.0 497.0 995.000
2288 64.0 20.0 395.0 355.0 970.000
2296 140.0 61.0 113.0 55.0 901.000
2301 327.0 203.0 56.0 45.0 954.000
2303 160.0 68.0 339.0 159.0 999.000
2304 118.0 101.0 355.0 273.0 998.000
2317 273.0 127.0 131.0 98.0 723.000
2329 308.0 219.0 82.0 57.0 910.000
2331 1.0 41.0 477.0 303.0 732.000
2338 170.0 77.0 129.0 125.0 989.000
2338 93.0 109.0 114.0 143.0 988.000
2338 1.0 174.0 95.0 102.0 871.000
2374 41.0 54.0 89.0 250.0 998.000
2381 2.0 77.0 414.0 298.0 999.000
2391 112.0 22.0 320.0 287.0 998.000
2463 198.0 188.0 177.0 312.0 972.000
2474 52.0 85.0 395.0 254.0 911.000
2474 165.0 36.0 171.0 160.0 879.000
2487 223.0 115.0 77.0 163.0 993.000
2492 41.0 98.0 362.0 189.0 999.000
2499 51.0 141.0 306.0 171.0 970.000
2501 1.0 274.0 152.0 223.0 998.000
2501 115.0 349.0 100.0 151.0 850.000
2521 169.0 44.0 256.0 298.0 994.000
2522 1.0 1.0 451.0 365.0 992.000
2522 148.0 130.0 350.0 272.0 965.000
2530 47.0 66.0 286.0 432.0 998.000
2533 168.0 189.0 45.0 77.0 991.000
2539 111.0 99.0 238.0 131.0 895.000
2552 36.0 257.0 234.0 219.0 897.000
2555 7.0 409.0 175.0 89.0 984.000
2559 194.0 84.0 126.0 219.0 999.000
2565 438.0 210.0 46.0 33.0 825.000
2569 168.0 122.0 333.0 211.0 994.000
2571 123.0 35.0 377.0 339.0 997.000
2579 68.0 63.0 409.0 262.0 997.000
2592 142.0 133.0 358.0 223.0 996.000
2593 33.0 6.0 288.0 442.0 993.000
2608 9.0 120.0 342.0 241.0 907.000
2611 33.0 79.0 166.0 119.0 923.000
2619 103.0 38.0 282.0 316.0 866.000
2635 201.0 106.0 110.0 132.0 999.000
2651 247.0 130.0 89.0 176.0 963.000
2675 1.0 110.0 435.0 384.0 995.000
2688 70.0 88.0 303.0 412.0 999.000
2690 120.0 80.0 286.0 287.0 997.000
2697 323.0 230.0 144.0 63.0 722.000
2700 222.0 24.0 101.0 220.0 999.000
2709 84.0 1.0 167.0 230.0 999.000
2725 111.0 165.0 255.0 305.0 993.000
2729 1.0 39.0 274.0 147.0 996.000
2738 200.0 318.0 293.0 57.0 733.000
2746 29.0 17.0 285.0 307.0 993.000
2746 214.0 13.0 242.0 139.0 991.000
2752 163.0 29.0 304.0 356.0 998.000
2768 65.0 138.0 202.0 295.0 999.000
2782 31.0 53.0 314.0 304.0 710.000
2791 119.0 99.0 279.0 169.0 999.000
2799 135.0 127.0 282.0 174.0 827.000
2815 237.0 89.0 146.0 189.0 998.000
2824 7.0 41.0 443.0 332.0 981.000
2831 67.0 247.0 118.0 39.0 974.000
2836 95.0 41.0 357.0 219.0 999.000
2839 123.0 147.0 125.0 140.0 972.000
2845 3.0 14.0 350.0 300.0 995.000
2858 198.0 225.0 112.0 275.0 998.000
2876 37.0 62.0 384.0 313.0 997.000
2879 113.0 110.0 257.0 146.0 993.000
2893 77.0 30.0 374.0 259.0 986.000
2902 3.0 228.0 205.0 106.0 997.000
2902 202.0 235.0 239.0 98.0 895.000
2928 149.0 101.0 82.0 53.0 994.000
2935 206.0 52.0 279.0 156.0 988.000
2935 41.0 38.0 381.0 255.0 879.000
2951 37.0 44.0 217.0 244.0 973.000
2962 64.0 1.0 435.0 333.0 982.000
2962 15.0 3.0 328.0 221.0 917.000
2982 160.0 132.0 115.0 192.0 999.000
2987 175.0 86.0 145.0 166.0 999.000
3003 99.0 19.0 218.0 177.0 999.000
3004 177.0 43.0 191.0 136.0 960.000
3006 139.0 10.0 295.0 357.0 997.000
3030 125.0 104.0 65.0 78.0 757.000
3037 5.0 1.0 468.0 336.0 998.000
3043 97.0 10.0 251.0 361.0 999.000
3062 22.0 33.0 474.0 254.0 964.000
3070 152.0 217.0 117.0 115.0 976.000
3073 409.0 264.0 49.0 31.0 901.000
3075 168.0 90.0 288.0 153.0 999.000
3075 74.0 77.0 166.0 59.0 845.000
3080 1.0 1.0 476.0 278.0 999.000
3092 99.0 64.0 147.0 74.0 991.000
3100 1.0 6.0 343.0 365.0 999.000
3103 1.0 38.0 211.0 295.0 999.000
3108 183.0 110.0 205.0 168.0 900.000
3109 370.0 174.0 85.0 92.0 996.000
3109 256.0 139.0 53.0 166.0 927.000
3109 141.0 142.0 91.0 111.0 832.000
3112 255.0 37.0 87.0 181.0 998.000
3127 244.0 379.0 110.0 121.0 973.000
3132 66.0 25.0 338.0 310.0 784.000
3132 262.0 126.0 146.0 189.0 782.000
3139 167.0 91.0 158.0 190.0 999.000
3150 7.0 89.0 393.0 188.0 959.000
3175 219.0 43.0 242.0 275.0 988.000
3178 118.0 41.0 382.0 334.0 917.000
3203 67.0 36.0 381.0 368.0 940.000
3212 41.0 52.0 389.0 272.0 990.000
3215 203.0 155.0 173.0 115.0 884.000
3244 105.0 8.0 366.0 323.0 999.000
3261 4.0 53.0 324.0 443.0 999.000
3262 45.0 17.0 394.0 255.0 989.000
3267 373.0 234.0 46.0 47.0 985.000
3267 1.0 278.0 36.0 97.0 877.000
3267 113.0 229.0 70.0 65.0 856.000
3277 82.0 156.0 161.0 201.0 796.000
3281 55.0 59.0 405.0 316.0 970.000
3304 42.0 162.0 279.0 236.0 999.000
3336 278.0 134.0 183.0 235.0 837.000
3343 236.0 273.0 88.0 38.0 891.000
3369 57.0 23.0 402.0 288.0 994.000
3381 214.0 128.0 216.0 119.0 984.000
3402 20.0 8.0 426.0 297.0 997.000
3407 22.0 49.0 276.0 392.0 970.000
3421 126.0 94.0 199.0 189.0 811.000
3427 76.0 45.0 292.0 282.0 998.000
3427 268.0 215.0 197.0 154.0 978.000
3434 197.0 16.0 281.0 357.0 998.000
3447 13.0 1.0 321.0 498.0 999.000
3450 106.0 38.0 331.0 316.0 999.000
3463 188.0 117.0 270.0 183.0 992.000
3468 8.0 6.0 452.0 302.0 998.000
3478 120.0 165.0 81.0 156.0 747.000
3480 111.0 115.0 69.0 77.0 956.000
3503 160.0 82.0 127.0 228.0 989.000
3512 155.0 74.0 227.0 178.0 998.000
3552 109.0 169.0 165.0 122.0 994.000
3553 65.0 89.0 410.0 222.0 997.000
3556 30.0 63.0 380.0 266.0 999.000
3567 58.0 34.0 210.0 368.0 999.000
3575 104.0 81.0 299.0 175.0 942.000
3589 59.0 66.0 308.0 378.0 951.000
3617 46.0 17.0 439.0 343.0 981.000
3629 163.0 304.0 69.0 71.0 788.000
3633 92.0 162.0 127.0 50.0 704.000
3660 109.0 84.0 258.0 295.0 999.000
3669 151.0 334.0 57.0 44.0 957.000
3680 1.0 80.0 276.0 421.0 999.000
3687 123.0 1.0 345.0 379.0 930.000
3695 3.0 99.0 218.0 117.0 921.000
3708 129.0 121.0 290.0 162.0 995.000
3727 81.0 48.0 113.0 182.0 999.000
3727 323.0 40.0 68.0 180.0 992.000
3743 284.0 250.0 43.0 25.0 918.000
3748 314.0 166.0 161.0 196.0 999.000
3760 272.0 149.0 215.0 224.0 994.000
3763 160.0 53.0 60.0 103.0 998.000
3768 296.0 93.0 68.0 57.0 954.000
3768 321.0 90.0 100.0 91.0 716.000
3783 262.0 131.0 51.0 122.0 983.000
3783 207.0 180.0 59.0 89.0 980.000
3791 153.0 69.0 171.0 172.0 912.000
3801 108.0 191.0 85.0 181.0 998.000
3811 12.0 27.0 178.0 236.0 974.000
3814 159.0 92.0 213.0 183.0 998.000
3825 208.0 132.0 272.0 198.0 879.000
3833 3.0 197.0 446.0 184.0 765.000
3851 276.0 106.0 225.0 225.0 995.000
3860 42.0 59.0 398.0 210.0 979.000
3864 62.0 180.0 235.0 203.0 997.000
3869 1.0 12.0 496.0 363.0 998.000
3882 1.0 1.0 325.0 273.0 999.000
3883 96.0 46.0 199.0 213.0 999.000
3907 18.0 18.0 327.0 447.0 994.000
3908 115.0 15.0 343.0 242.0 995.000
3918 322.0 37.0 178.0 335.0 964.000
3923 48.0 73.0 200.0 111.0 997.000
3931 217.0 273.0 208.0 77.0 928.000
3948 55.0 156.0 154.0 199.0 894.000
3948 88.0 177.0 278.0 189.0 771.000
3952 206.0 327.0 47.0 94.0 991.000
3952 111.0 307.0 57.0 88.0 967.000
3984 78.0 70.0 190.0 180.0 999.000
3998 23.0 93.0 451.0 214.0 999.000
4006 84.0 313.0 211.0 142.0 999.000
4011 82.0 97.0 382.0 222.0 897.000
4011 53.0 185.0 250.0 180.0 895.000
4011 233.0 178.0 232.0 170.0 782.000
4020 93.0 138.0 138.0 153.0 997.000
4045 1.0 26.0 411.0 342.0 998.000
4056 13.0 145.0 53.0 65.0 997.000
4058 198.0 131.0 244.0 251.0 941.000
4059 107.0 138.0 181.0 176.0 999.000
4060 306.0 130.0 83.0 123.0 890.000
4062 1.0 4.0 303.0 253.0 989.000
4074 278.0 42.0 222.0 229.0 999.000
4074 1.0 113.0 239.0 255.0 928.000
4074 141.0 232.0 359.0 143.0 879.000
4092 125.0 168.0 163.0 106.0 916.000
4092 94.0 162.0 274.0 162.0 756.000
4133 139.0 157.0 111.0 264.0 999.000
4140 13.0 3.0 459.0 372.0 940.000
4141 12.0 108.0 298.0 356.0 967.000
4149 140.0 11.0 307.0 271.0 993.000
4186 151.0 63.0 42.0 44.0 828.000
4187 109.0 173.0 114.0 137.0 996.000
4188 62.0 1.0 438.0 292.0 997.000
4197 171.0 53.0 298.0 261.0 999.000
4197 58.0 20.0 168.0 254.0 994.000
4220 80.0 52.0 173.0 307.0 998.000
4222 255.0 184.0 73.0 55.0 998.000
4223 120.0 50.0 221.0 131.0 994.000
4225 96.0 4.0 369.0 307.0 888.000
4241 53.0 82.0 397.0 265.0 997.000
4247 21.0 56.0 471.0 255.0 980.000
4276 102.0 1.0 384.0 312.0 989.000
4279 51.0 24.0 184.0 458.0 999.000
4281 15.0 171.0 287.0 232.0 992.000
4285 26.0 65.0 462.0 203.0 987.000
4299 98.0 104.0 275.0 134.0 869.000
4301 213.0 116.0 129.0 175.0 967.000
4306 64.0 1.0 436.0 374.0 999.000
4308 64.0 32.0 207.0 298.0 999.000
4310 4.0 102.0 279.0 230.0 996.000
4315 167.0 209.0 20.0 24.0 742.000
4324 60.0 64.0 440.0 311.0 999.000
4339 202.0 82.0 291.0 288.0 863.000
4342 123.0 90.0 190.0 175.0 995.000
4366 227.0 348.0 64.0 60.0 986.000
4375 1.0 1.0 399.0 333.0 928.000
4383 7.0 15.0 272.0 350.0 987.000
4383 228.0 38.0 160.0 267.0 940.000
4384 1.0 69.0 328.0 229.0 907.000
4400 207.0 169.0 191.0 106.0 998.000
4400 17.0 141.0 161.0 108.0 997.000
4417 1.0 1.0 298.0 296.0 785.000
4425 44.0 70.0 202.0 225.0 996.000
4430 82.0 90.0 267.0 229.0 998.000
4436 6.0 36.0 296.0 338.0 999.000
4443 328.0 52.0 147.0 299.0 906.000
4443 12.0 31.0 437.0 319.0 777.000
4468 107.0 86.0 251.0 285.0 713.000
4470 111.0 114.0 390.0 220.0 968.000
4470 22.0 63.0 303.0 265.0 816.000
4473 70.0 38.0 340.0 281.0 999.000
4492 259.0 199.0 87.0 117.0 962.000
4492 252.0 203.0 40.0 75.0 823.000
4496 41.0 21.0 342.0 312.0 997.000
4515 157.0 115.0 254.0 200.0 976.000
4529 131.0 80.0 103.0 144.0 999.000
4529 3.0 212.0 74.0 151.0 870.000
4530 66.0 1.0 427.0 371.0 968.000
4539 105.0 1.0 394.0 262.0 998.000
4539 123.0 133.0 245.0 176.0 993.000
4560 28.0 20.0 264.0 429.0 999.000
4576 59.0 119.0 233.0 216.0 993.000
4580 98.0 84.0 387.0 374.0 999.000
4582 21.0 145.0 368.0 355.0 996.000
4585 144.0 62.0 186.0 310.0 998.000
4602 161.0 55.0 162.0 248.0 996.000
4624 30.0 258.0 273.0 236.0 970.000
4675 8.0 6.0 492.0 368.0 980.000
4701 25.0 21.0 374.0 281.0 996.000
4704 127.0 135.0 345.0 181.0 997.000
4718 148.0 51.0 305.0 307.0 828.000
4734 440.0 217.0 60.0 143.0 739.000
4740 20.0 249.0 52.0 32.0 953.000
4752 3.0 151.0 137.0 224.0 896.000
4759 203.0 75.0 137.0 189.0 994.000
4759 315.0 88.0 151.0 83.0 895.000
4765 283.0 17.0 119.0 83.0 943.000
4768 101.0 91.0 145.0 180.0 998.000
4775 54.0 10.0 317.0 482.0 988.000
4783 206.0 61.0 66.0 130.0 995.000
4821 13.0 202.0 62.0 51.0 709.000
4843 51.0 63.0 102.0 172.0 999.000
4843 353.0 96.0 103.0 123.0 999.000
4863 257.0 15.0 201.0 275.0 990.000
4870 45.0 27.0 419.0 247.0 985.000
4871 45.0 104.0 219.0 271.0 978.000
4871 50.0 211.0 132.0 164.0 852.000
4871 115.0 117.0 144.0 165.0 742.000
4884 199.0 120.0 128.0 220.0 995.000
4901 66.0 130.0 159.0 240.0 962.000
4911 139.0 153.0 223.0 110.0 998.000
4917 140.0 1.0 312.0 369.0 998.000
4921 4.0 110.0 296.0 335.0 993.000
4921 105.0 119.0 186.0 99.0 855.000
4930 172.0 83.0 284.0 240.0 997.000
4946 63.0 53.0 259.0 409.0 999.000
