000001 0.790 61.7 235.1 190.2 353.4
000011 0.996 145.1 135.8 326.5 292.9
000018 1.000 41.7 39.3 365.8 285.0
000025 0.901 59.0 48.4 157.8 169.0
000029 1.000 50.5 56.1 279.8 295.9
000037 1.000 43.9 91.9 463.1 329.9
000075 1.000 97.8 80.5 228.3 342.5
000079 0.996 1.0 49.9 404.9 357.5
000108 0.971 1.0 107.8 273.7 261.1
000108 0.907 308.0 135.1 473.1 236.4
000167 0.999 10.7 1.4 498.5 374.5
000183 1.000 67.1 2.2 497.6 341.8
000205 0.811 115.6 274.4 292.7 461.7
000255 0.997 5.7 4.0 455.2 333.5
000258 0.856 203.5 113.0 399.6 330.5
000290 0.987 84.2 102.4 327.7 487.9
000324 0.997 31.1 100.9 363.5 252.3
000362 1.000 170.4 22.4 290.7 269.5
000422 0.953 5.3 13.1 287.2 377.6
000422 0.894 97.6 33.4 482.1 431.8
000478 1.000 216.6 93.6 447.0 243.4
000490 0.736 2.9 244.5 81.2 316.0
000506 0.978 86.8 287.9 225.2 466.0
000517 0.997 21.8 239.4 155.7 375.5
000533 0.787 348.6 62.6 390.5 110.1
000546 0.972 13.0 142.7 285.4 352.9
000551 0.972 35.0 29.8 467.3 365.0
000611 0.992 216.6 1.0 461.1 288.9
000616 0.911 19.9 96.1 317.5 421.4
000651 0.764 91.2 30.8 481.1 375.5
000673 0.864 1.0 3.1 484.0 306.7
000692 0.957 74.5 178.5 448.6 330.5
000716 1.000 88.8 41.3 315.5 452.2
000718 1.000 162.6 12.9 348.2 375.5
000722 0.812 177.5 79.3 451.3 346.5
000734 0.999 380.6 178.9 455.1 278.7
000737 0.986 107.9 228.9 133.5 277.3
000751 0.999 70.5 44.7 434.9 311.4
000759 0.999 120.1 107.1 461.9 368.8
000769 0.728 1.0 100.8 302.1 310.7
000785 0.995 39.0 30.7 500.5 326.7
000853 1.000 53.0 150.3 317.0 500.5
000897 0.995 70.8 125.9 228.7 316.5
000897 0.980 237.0 86.2 372.2 342.8
000913 0.979 3.6 1.0 339.2 265.9
000957 0.964 115.1 66.1 340.4 367.5
000963 0.986 16.6 14.3 465.4 333.5
000975 1.000 104.9 65.0 481.9 465.5
001000 0.911 11.4 5.2 489.2 311.3
001026 0.997 74.3 229.4 227.5 407.3
001026 0.873 204.0 56.9 306.5 121.4
001037 0.999 325.6 95.0 465.8 214.3
001037 0.996 153.9 115.6 328.8 232.9
001037 0.838 96.1 129.7 171.3 227.9
001044 0.924 30.6 36.7 146.4 127.5
001054 0.999 22.9 42.6 331.6 450.1
001075 0.997 217.7 149.3 407.7 238.5
001088 0.965 45.9 14.2 480.9 368.1
001123 1.000 208.0 22.3 437.3 302.1
001128 0.793 1.1 75.4 321.2 310.4
001131 0.999 85.6 27.9 414.8 263.2
001150 0.991 129.5 100.4 383.9 372.9
001190 0.988 117.8 177.9 411.9 360.9
001190 0.943 115.9 165.0 383.4 261.1
001195 1.000 132.9 55.7 334.9 318.1
001202 0.998 241.3 67.5 389.7 235.9
001202 0.960 1.0 168.2 252.1 252.6
001217 0.987 198.1 152.2 500.5 354.9
001217 0.948 264.3 264.9 488.4 375.5
001217 0.918 53.3 142.0 232.6 306.6
001220 0.902 127.4 135.9 324.2 308.2
001220 0.845 238.4 121.9 385.8 228.5
001232 0.999 135.7 32.4 386.1 313.0
001257 1.000 94.7 20.2 310.2 320.5
001306 0.998 176.4 140.4 290.5 203.9
001313 0.881 171.4 21.2 285.5 189.5
001322 1.000 1.0 41.2 500.5 375.5
001328 0.999 105.5 118.8 319.0 314.2
001339 0.986 54.7 22.0 462.7 330.7
001340 0.980 316.8 275.5 499.5 375.5
001353 0.997 116.8 89.4 356.6 328.2
001366 0.986 284.4 263.5 321.3 329.0
001366 0.984 89.4 266.1 132.6 325.9
001507 1.000 44.7 1.0 337.8 272.4
001530 0.742 15.1 52.6 457.6 315.6
001549 0.895 34.8 89.9 239.6 319.7
001562 1.000 175.7 43.6 328.1 352.9
001601 0.994 71.5 45.2 422.0 366.4
001639 0.998 123.5 84.1 500.5 334.5
001639 0.790 72.1 119.4 289.8 331.3
001655 1.000 31.5 4.1 500.5 375.5
001656 0.955 202.7 108.5 338.4 259.6
001731 0.999 42.6 170.7 402.2 321.8
001751 0.999 147.3 55.4 500.5 327.2
001763 0.998 6.9 13.6 357.6 370.9
001767 0.999 114.8 53.5 486.9 364.7
001824 0.988 218.9 170.5 500.5 373.3
001839 0.996 77.4 162.8 277.1 321.9
001851 0.999 1.0 70.3 328.8 500.5
001866 0.964 108.1 88.5 373.3 272.7
001914 0.997 196.2 223.7 344.0 484.4
001973 0.819 95.0 36.1 303.5 249.8
001984 0.993 15.5 67.9 261.5 369.8
001984 0.970 358.9 106.2 500.5 362.0
001984 0.906 230.3 109.3 403.2 299.6
001992 0.981 19.1 158.0 255.1 317.2
002010 0.807 149.4 115.2 280.6 273.8
002010 0.806 126.1 99.9 427.1 321.7
002076 0.999 20.8 85.5 303.9 251.4
002111 0.960 96.5 218.7 208.4 290.4
002131 1.000 132.8 6.0 335.5 227.8
002133 0.984 191.7 123.6 315.7 236.9
002138 1.000 13.8 29.2 330.2 324.6
002141 0.997 32.8 228.0 267.2 437.3
002160 0.999 6.1 102.4 244.1 252.4
002160 0.998 201.4 125.1 500.5 308.0
002200 0.996 32.1 17.8 406.6 355.4
002203 0.984 21.6 125.3 212.9 337.1
002207 0.954 73.2 146.7 431.4 444.0
002243 0.955 49.0 31.7 481.2 357.4
002254 0.999 141.9 261.8 331.0 492.1
002286 0.988 228.5 122.3 473.2 320.0
002286 0.900 10.7 27.7 387.7 293.2
002313 0.704 1.0 75.3 446.0 427.2
002327 0.994 1.3 87.4 289.8 492.3
002341 0.979 144.6 159.5 243.9 250.1
002341 0.969 47.3 87.6 131.2 222.1
002388 0.790 148.3 1.6 495.3 317.7
002396 0.991 243.0 122.7 459.6 323.2
002408 0.969 53.9 144.0 152.6 331.9
002408 0.844 63.7 86.5 476.2 329.0
002428 0.956 377.9 116.1 498.9 238.3
002447 0.998 89.9 60.2 498.5 272.0
002464 0.967 292.9 110.5 353.0 201.1
002464 0.944 288.7 157.2 347.8 219.8
002485 1.000 5.7 30.6 239.4 368.1
002485 0.910 289.9 172.7 500.5 369.9
002535 0.970 36.0 42.8 473.2 269.4
002541 0.994 29.0 63.3 485.3 297.5
002574 0.998 100.2 62.9 302.9 295.1
002587 0.996 2.4 53.5 115.4 287.9
002587 0.981 140.1 87.1 367.9 358.7
002587 0.978 346.6 25.2 500.5 170.1
002587 0.944 431.5 84.4 500.5 287.1
002597 0.986 58.1 27.3 382.0 217.6
002597 0.740 63.8 76.6 434.6 357.4
002652 1.000 145.9 105.8 396.4 332.7
002663 0.995 8.1 28.2 372.9 316.2
002708 0.998 67.9 130.8 289.5 329.2
002720 1.000 3.9 33.8 200.5 347.3
002725 1.000 16.6 1.0 488.9 363.5
002768 0.993 263.7 194.1 353.8 297.4
002787 0.853 156.8 174.3 439.2 374.2
002805 0.968 19.9 18.3 341.0 386.6
002831 0.998 62.1 55.3 282.8 440.9
002849 1.000 64.1 65.1 319.5 271.5
002852 0.993 35.0 197.5 389.0 357.1
002852 0.989 56.1 54.3 288.0 160.6
002852 0.983 64.5 143.1 467.0 242.1
002853 0.987 84.5 1.0 401.7 271.6
002860 0.999 319.5 191.4 467.0 333.1
002861 0.771 12.2 66.7 333.4 453.5
002876 0.999 17.0 22.8 391.1 338.0
002923 0.872 7.5 42.8 452.1 330.9
002926 0.806 110.0 122.7 273.7 230.1
002964 0.922 129.3 322.1 185.2 430.0
002973 0.994 55.2 73.6 304.1 407.5
003040 0.970 166.9 146.0 381.4 258.3
003084 0.713 31.1 210.4 91.0 231.9
003095 0.710 119.2 66.8 332.3 463.9
003114 0.880 197.1 86.5 342.7 222.9
003125 0.997 190.5 26.3 469.8 352.3
003148 0.902 33.6 109.5 165.5 228.4
003156 0.999 105.8 96.5 406.0 247.0
003171 0.997 26.2 29.2 364.4 475.6
003174 0.942 1.0 67.4 299.6 315.6
003174 0.881 196.8 33.5 493.8 222.6
003180 0.989 126.1 54.8 437.3 344.3
003224 0.991 355.3 188.3 498.8 340.6
003246 0.998 25.9 108.3 462.9 370.5
003264 0.995 50.5 66.6 424.7 266.6
003266 1.000 76.1 90.4 385.4 500.4
003283 0.923 239.3 27.4 426.8 290.7
003310 0.993 17.0 16.2 321.2 469.8
003326 0.989 11.9 27.3 464.3 500.3
003332 0.982 1.0 50.1 411.5 452.0
003332 0.980 199.3 70.6 493.5 246.6
003361 0.995 218.7 249.2 267.5 289.2
003371 0.965 12.1 37.4 292.0 313.4
003411 0.855 29.9 19.3 465.9 375.5
003418 0.987 78.8 356.0 175.9 437.8
003418 0.978 157.3 261.6 194.8 381.8
003418 0.936 4.0 352.7 152.1 442.6
003427 0.903 68.6 15.9 266.3 177.3
003427 0.806 145.1 42.6 481.1 375.0
003440 0.997 62.6 91.4 333.5 484.9
003447 0.998 146.0 158.3 403.8 279.9
003472 0.999 362.6 161.9 466.4 283.4
003479 0.963 76.8 25.5 403.9 333.5
003490 0.939 76.2 97.2 234.9 330.8
003490 0.933 235.8 237.8 359.6 333.5
003533 0.993 73.6 129.1 115.2 166.2
003592 0.979 106.6 291.2 267.7 392.9
003592 0.971 229.7 275.3 301.3 401.4
003592 0.956 131.8 267.8 257.7 325.0
003672 0.997 115.5 163.9 388.5 311.8
003693 0.971 12.8 78.5 217.7 267.6
003693 0.971 224.3 120.3 333.7 264.6
003693 0.935 107.4 136.9 302.4 328.3
003712 0.999 131.1 105.9 365.2 299.0
003728 0.992 147.8 139.9 294.2 268.2
003737 0.998 3.7 192.5 229.3 491.3
003739 0.991 1.8 67.1 265.7 366.8
003762 0.944 199.0 149.6 316.0 267.3
003785 0.989 120.8 31.9 387.6 323.7
003794 0.970 270.1 37.7 498.2 375.5
003805 0.982 212.3 139.9 496.4 266.8
003819 0.999 148.5 60.2 384.5 264.1
003819 0.997 71.9 206.7 327.0 356.4
003870 0.883 192.2 186.9 302.6 341.7
003870 0.837 175.5 159.9 395.8 365.2
003888 0.998 120.4 83.2 466.0 370.2
003901 0.992 29.5 81.0 319.1 474.7
003920 0.994 17.3 87.8 416.8 287.1
003933 0.981 186.6 6.9 450.9 293.8
003964 0.998 11.7 15.5 327.5 451.5
003977 1.000 18.2 1.0 480.4 495.4
003980 1.000 9.9 30.2 329.0 375.5
004002 0.987 14.0 89.9 344.4 289.7
004004 0.971 192.2 425.3 320.0 491.9
004021 1.000 173.8 1.5 500.3 353.2
004044 0.711 91.3 90.7 355.8 375.5
004062 0.999 5.5 79.5 275.2 290.5
004079 0.999 211.6 20.4 349.7 300.1
004086 0.999 192.5 147.1 500.5 359.3
004086 0.992 42.6 7.5 271.2 139.1
004112 0.995 14.1 127.6 242.0 370.6
004112 0.786 192.9 17.7 486.6 345.5
004130 0.855 69.3 78.3 430.7 315.1
004157 0.856 15.3 65.2 391.6 328.7
004166 0.862 208.8 197.0 263.1 231.2
004179 0.987 156.2 137.4 259.9 303.0
004202 0.999 53.9 156.8 246.7 355.3
004202 0.999 267.0 128.3 497.2 358.8
004218 0.990 317.9 227.0 491.5 327.1
004226 0.988 170.1 52.5 332.3 343.5
004267 0.990 103.1 45.7 364.1 261.2
004277 0.999 200.5 300.9 312.6 479.9
004288 0.972 196.0 145.5 404.1 359.5
004297 0.991 109.4 171.3 305.5 375.3
004306 0.993 174.9 23.7 371.6 355.3
004306 0.951 215.1 141.2 462.8 363.9
004309 0.802 326.6 254.0 496.0 373.3
004343 1.000 93.3 44.0 495.1 296.7
004400 0.976 101.3 5.0 383.6 368.9
004401 0.997 164.0 62.2 280.7 185.8
004419 0.948 185.0 145.1 402.2 367.9
004428 0.822 103.8 51.9 274.5 261.7
004472 0.993 40.8 1.0 412.0 373.6
004492 0.985 53.8 18.5 346.3 374.3
004501 0.986 350.9 120.4 500.5 375.5
004501 0.978 16.6 223.0 239.7 345.9
004501 0.958 169.3 181.4 422.5 370.2
004545 0.994 143.4 202.4 201.3 347.9
004569 0.995 1.0 3.3 286.0 500.4
004593 0.971 63.9 19.6 458.6 375.5
004610 0.902 140.2 60.5 252.9 115.6
004617 0.954 327.1 203.0 383.1 247.8
004620 1.000 160.3 67.7 499.4 227.1
004621 0.998 117.9 101.2 473.3 374.5
004650 0.723 273.3 127.0 404.2 225.0
004670 0.911 308.5 219.5 390.2 276.0
004678 0.732 1.0 41.4 478.1 344.2
004696 0.990 170.1 77.4 299.4 201.8
004696 0.989 93.0 109.0 207.0 252.0
004696 0.872 1.0 174.0 96.1 275.7
004758 0.999 41.3 54.2 129.7 303.8
004767 1.000 2.1 77.4 416.1 375.5
004787 0.999 111.7 22.5 432.0 309.3
004925 0.973 198.1 188.3 375.5 500.5
004945 0.912 52.1 85.3 446.9 339.2
004945 0.880 165.2 36.4 336.0 196.4
004979 0.994 223.3 115.0 300.0 277.7
004993 1.000 41.4 97.5 402.6 287.1
005010 0.970 51.4 140.7 356.7 311.6
005012 0.999 1.0 273.5 152.8 497.2
005012 0.851 115.2 348.6 214.8 499.7
005050 0.994 168.6 44.1 424.9 342.0
005051 0.993 1.0 1.0 451.9 365.5
005051 0.965 148.5 130.1 497.8 402.3
005075 0.999 46.6 66.1 332.5 498.3
005082 0.991 168.4 189.3 213.2 266.1
005092 0.895 110.6 98.9 348.7 230.3
005117 0.897 35.8 256.9 270.5 475.7
005120 0.984 6.8 408.8 182.2 498.3
005127 1.000 194.4 84.1 320.0 302.8
005141 0.826 438.1 210.4 484.3 243.2
005149 0.995 167.9 122.0 500.5 332.8
005152 0.998 123.2 34.9 499.6 374.0
005165 0.998 68.1 63.2 477.1 325.0
005193 0.997 142.2 133.1 500.5 355.8
005194 0.994 32.9 5.9 320.8 448.0
005225 0.908 8.8 120.3 351.0 360.6
005228 0.923 33.3 79.1 199.5 197.8
005241 0.867 102.8 37.9 385.3 354.5
005277 1.000 201.2 106.1 310.6 238.1
005308 0.964 246.9 129.9 335.6 305.7
005361 0.996 1.0 110.0 435.9 493.9
005394 1.000 70.3 87.5 372.6 500.5
005400 0.998 120.4 80.2 405.9 366.5
005415 0.723 322.9 229.6 467.2 293.5
005426 0.999 222.3 24.3 323.1 244.1
005446 1.000 83.7 1.2 250.8 231.0
005476 0.994 111.2 165.1 366.0 470.5
005482 0.996 1.0 38.6 275.0 186.0
005498 0.733 199.7 317.8 493.0 374.9
005512 0.993 28.8 16.8 314.5 324.2
005512 0.992 213.5 12.8 455.7 151.8
005528 0.998 162.6 28.5 467.4 384.9
005557 0.999 65.3 137.7 267.0 432.5
005580 0.710 31.2 53.2 345.4 356.9
005602 1.000 119.4 99.5 397.7 268.2
005621 0.827 135.2 126.8 416.6 300.5
005651 0.998 237.2 88.9 382.8 277.7
005671 0.982 7.4 41.0 449.9 372.7
005684 0.975 67.0 246.6 185.1 285.9
005692 1.000 94.8 41.5 451.6 260.4
005703 0.973 122.7 146.5 248.0 287.2
005712 0.996 3.5 14.0 353.1 314.3
005744 0.998 198.3 225.0 310.1 500.2
005776 0.998 37.3 61.7 420.8 374.7
005785 0.994 112.5 109.8 370.4 256.0
005810 0.987 76.9 30.2 451.2 289.1
005835 0.997 3.0 228.0 208.1 333.5
005835 0.895 201.6 234.7 440.6 332.6
005892 0.995 149.0 101.2 230.6 154.0
005913 0.988 206.3 52.3 485.0 208.4
005913 0.880 41.0 38.3 421.8 293.4
005937 0.973 36.6 44.5 254.0 287.8
005955 0.983 64.5 1.0 498.8 333.5
005955 0.918 15.0 3.3 343.0 224.2
005997 0.999 160.4 131.6 274.7 324.4
006007 1.000 175.3 85.9 320.3 251.7
006037 1.000 98.6 18.6 317.0 196.4
006039 0.961 177.0 43.3 367.8 178.8
006044 0.997 138.6 10.4 434.5 367.0
006085 0.758 125.2 103.6 190.4 182.3
006099 0.999 4.7 1.0 472.8 336.8
006112 1.000 97.3 10.0 348.3 371.5
006149 0.964 21.6 32.6 495.7 287.0
006167 0.977 151.5 217.0 269.4 332.2
006173 0.902 408.8 263.6 457.6 295.3
006182 0.999 168.4 90.4 456.3 242.6
006182 0.845 74.3 77.1 240.2 136.3
006194 0.999 1.0 1.0 476.9 278.8
006227 0.992 98.9 63.9 245.6 137.7
006245 1.000 1.0 6.0 343.7 371.0
006253 1.000 1.0 37.9 212.0 333.2
006265 0.900 183.2 110.3 388.1 278.2
006266 0.996 369.6 174.5 455.1 266.5
006266 0.928 255.7 139.5 308.7 305.3
006266 0.833 140.5 142.3 231.9 252.5
006273 0.998 255.5 37.3 342.3 218.4
006308 0.974 243.7 379.5 354.2 500.5
006315 0.784 66.3 24.8 404.0 335.3
006315 0.782 261.5 125.6 407.5 315.1
006328 0.999 166.8 90.6 324.6 281.1
006354 0.959 7.3 89.3 399.9 277.4
006399 0.988 218.8 43.2 461.5 317.9
006403 0.918 118.4 41.3 500.5 375.5
006457 0.941 66.7 36.3 447.8 404.4
006479 0.990 41.2 51.8 429.8 324.2
006487 0.885 203.4 154.6 376.0 269.6
006537 1.000 105.2 8.3 471.4 331.1
006568 0.999 4.3 53.2 327.7 496.4
006571 0.989 45.2 16.9 439.2 272.2
006580 0.986 372.7 234.2 419.0 281.2
006580 0.877 1.0 278.1 37.3 375.5
006580 0.856 112.9 229.0 183.5 294.4
006598 0.796 82.2 156.3 243.2 356.8
006607 0.970 54.7 58.6 460.0 374.5
006655 1.000 42.2 161.6 320.6 398.2
006728 0.838 278.3 134.1 460.9 369.4
006743 0.891 235.8 273.4 324.0 311.4
006791 0.995 57.3 23.2 459.5 311.5
006815 0.985 213.6 128.0 430.0 247.3
006870 0.998 20.0 7.7 445.7 304.8
006877 0.971 21.6 49.0 298.0 441.2
006902 0.811 126.5 93.7 325.1 283.4
006915 0.999 75.7 45.4 368.0 327.2
006915 0.978 267.9 215.0 464.8 369.0
006928 0.999 197.2 15.7 478.2 372.7
006961 0.999 12.7 1.0 333.5 498.8
006969 1.000 106.0 38.1 437.4 354.0
006991 0.993 188.2 117.3 457.7 299.9
006998 0.998 8.1 5.7 460.5 308.4
007017 0.748 119.9 164.6 200.6 320.8
007024 0.957 110.7 115.4 180.0 192.3
007081 0.990 160.5 82.4 286.9 309.8
007099 0.999 155.0 73.6 382.5 252.0
007181 0.995 108.9 169.2 274.3 290.8
007183 0.998 65.0 89.2 475.3 311.1
007190 0.999 30.3 62.6 410.5 328.6
007209 1.000 58.1 33.5 267.7 401.5
007231 0.942 104.4 80.6 402.8 256.2
007254 0.951 59.1 65.7 367.2 444.1
007312 0.982 46.4 17.5 485.2 359.8
007332 0.788 163.2 303.6 231.9 375.3
007338 0.704 92.4 162.5 218.5 211.6
007384 1.000 109.5 84.1 367.0 379.3
007400 0.957 151.0 334.1 208.1 377.7
007418 1.000 1.0 79.7 276.5 500.5
007434 0.930 122.6 1.2 467.7 380.5
007453 0.922 3.4 99.1 221.4 215.7
007485 0.995 128.9 121.2 419.1 283.4
007515 1.000 81.1 48.0 194.2 230.4
007515 0.993 322.7 39.7 391.2 219.6
007552 0.918 284.1 249.6 327.1 275.0
007560 1.000 313.8 165.6 474.6 361.5
007583 0.994 272.1 148.6 487.0 373.3
007588 0.999 159.7 53.4 219.9 156.4
007596 0.954 296.2 93.4 364.0 150.4
007596 0.716 321.1 89.8 420.9 180.6
007625 0.984 262.1 130.7 313.4 252.8
007625 0.980 207.1 180.0 265.5 269.2
007638 0.912 152.6 69.2 324.3 240.6
007659 0.999 108.0 191.1 192.7 372.2
007689 0.974 12.4 27.5 189.6 262.9
007695 0.999 158.9 92.4 372.2 274.9
007716 0.880 207.7 131.9 479.6 330.4
007733 0.766 2.8 197.2 449.4 380.9
007770 0.995 276.1 106.1 500.5 331.1
007787 0.979 42.5 59.0 440.0 268.9
007794 0.997 61.9 180.4 296.9 383.1
007802 0.999 1.0 11.9 497.1 375.5
007827 0.999 1.0 1.0 325.9 274.2
007828 0.999 95.7 45.6 294.8 258.8
007875 0.995 18.3 18.1 344.9 465.0
007879 0.995 114.6 15.5 458.5 256.6
007895 0.965 321.8 36.7 500.5 372.1
007907 0.997 48.1 72.9 248.1 183.7
007930 0.929 216.7 273.0 424.6 350.3
007962 0.895 54.6 155.6 208.7 355.0
007962 0.771 87.8 177.4 366.3 366.5
007969 0.992 206.0 327.0 253.0 420.9
007969 0.967 110.7 307.2 168.2 394.6
008025 1.000 78.4 70.0 268.4 250.2
008054 1.000 22.8 92.8 473.8 306.6
008071 0.999 83.9 312.7 294.9 455.4
008080 0.898 81.6 96.7 463.7 318.9
008080 0.895 52.7 184.5 302.6 364.9
008080 0.782 233.4 178.0 465.3 347.8
008102 0.998 92.6 138.2 230.7 290.5
008149 0.998 1.0 25.7 412.2 368.3
008167 0.998 12.6 145.1 65.6 209.7
008172 0.941 197.6 131.5 441.9 382.5
008176 1.000 107.2 138.1 287.7 314.1
008178 0.890 306.2 129.8 389.5 252.5
008181 0.989 1.0 4.4 304.3 257.2
008201 0.999 278.1 42.3 500.5 270.5
008201 0.928 1.0 113.1 239.9 367.9
008201 0.880 140.7 231.6 500.5 375.5
008238 0.916 125.4 168.3 288.2 274.3
008238 0.756 93.7 162.3 368.4 323.6
008328 0.999 138.7 156.6 250.5 420.5
008340 0.941 13.1 2.9 472.4 374.5
008343 0.967 11.8 107.6 310.1 464.2
008356 0.994 139.8 11.2 446.5 282.5
008418 0.828 151.0 62.9 193.1 107.3
008419 0.996 108.8 173.1 222.5 309.8
008420 0.997 62.0 1.0 500.5 293.4
008441 0.999 171.3 53.0 469.4 313.9
008441 0.994 58.5 20.2 225.9 274.3
008489 0.998 79.6 51.6 253.3 359.4
008491 0.999 255.2 184.2 328.2 238.8
008493 0.994 120.0 50.1 341.0 181.2
008497 0.888 95.8 3.7 465.1 311.5
008532 0.998 53.0 81.8 449.6 346.8
008544 0.981 21.3 55.7 491.8 311.0
008594 0.989 101.7 1.0 486.2 313.2
008599 1.000 50.8 24.4 234.6 482.5
008603 0.992 15.5 171.1 302.0 403.1
008613 0.987 26.0 64.9 488.3 268.1
008637 0.869 98.0 104.1 373.2 238.4
008641 0.968 213.2 115.9 342.3 291.0
008649 0.999 63.6 1.0 500.5 375.5
008651 1.000 64.4 31.8 271.5 330.0
008656 0.996 4.4 101.8 283.1 331.7
008661 0.742 167.1 209.1 187.5 233.4
008674 0.999 60.0 64.2 500.5 375.5
008700 0.864 202.1 82.0 492.9 369.8
008705 0.996 123.0 90.2 313.3 265.5
008762 0.986 226.9 347.7 291.4 408.3
008781 0.928 1.0 1.3 400.3 333.5
008792 0.987 7.1 15.2 278.7 364.7
008792 0.940 227.9 38.3 387.6 304.7
008795 0.908 1.0 68.5 328.9 298.5
008827 0.999 207.3 169.5 398.3 274.8
008827 0.997 17.4 140.7 177.8 249.2
008860 0.786 1.0 1.0 299.4 297.5
008875 0.997 44.0 70.1 245.7 294.9
008889 0.998 82.5 89.8 349.0 318.6
008898 0.999 6.2 35.9 301.5 374.3
008907 0.906 328.3 52.0 475.3 350.5
008907 0.777 11.5 30.6 448.7 350.2
008959 0.713 106.6 86.3 358.3 371.4
008964 0.968 110.7 114.2 500.5 333.5
008964 0.816 22.0 62.8 325.5 328.3
008977 1.000 69.8 37.6 409.6 319.2
009014 0.963 258.7 198.7 345.6 316.0
009014 0.823 251.8 202.7 292.1 277.7
009025 0.997 40.9 20.8 382.8 332.5
009061 0.976 157.3 115.4 410.7 315.3
009084 0.999 130.6 80.0 234.2 223.7
009084 0.870 3.0 211.7 76.7 362.8
009088 0.969 66.3 1.0 492.8 372.3
009103 0.999 104.8 1.0 499.0 263.0
009103 0.994 123.1 133.1 368.4 309.3
009142 1.000 28.3 20.0 291.7 448.7
009176 0.994 58.8 118.7 291.8 335.3
009190 1.000 97.9 83.7 484.7 458.3
009199 0.997 21.1 144.6 389.4 500.3
009204 0.998 144.3 61.8 330.1 372.0
009233 0.996 161.3 54.6 322.9 303.5
009276 0.971 30.3 257.9 302.7 494.0
009383 0.980 7.5 5.9 500.5 374.5
009442 0.996 25.5 20.7 398.6 301.9
009449 0.997 127.2 135.4 472.2 316.2
009485 0.829 147.9 51.4 453.0 358.3
009514 0.739 439.6 216.8 500.5 359.9
009534 0.953 20.2 249.1 72.4 280.6
009556 0.897 3.3 151.1 139.9 375.5
009572 0.995 202.9 74.8 339.6 263.5
009572 0.895 314.7 87.9 465.6 171.3
009583 0.944 283.0 16.9 402.2 100.2
009592 0.999 101.4 90.7 246.1 270.6
009604 0.988 54.1 9.5 371.4 491.6
009624 0.995 206.0 60.6 271.6 191.1
009696 0.710 12.9 202.3 74.7 253.2
009744 1.000 50.5 63.1 153.3 234.6
009744 0.999 352.7 95.5 455.9 218.6
009786 0.990 257.0 14.6 458.0 289.8
009799 0.985 44.6 27.0 464.3 273.7
009802 0.978 44.7 104.0 264.1 375.5
009802 0.853 50.2 210.8 182.1 375.5
009802 0.742 115.3 116.7 258.8 281.8
009826 0.996 199.4 120.0 326.6 340.4
009861 0.962 66.1 130.4 224.8 370.5
009889 0.999 138.6 152.7 362.1 262.9
009899 0.999 140.2 1.0 452.5 370.5
009907 0.994 3.8 109.8 300.1 445.1
009907 0.855 105.0 119.0 291.1 217.8
009922 0.998 172.3 82.6 456.4 322.8
009952 0.999 62.8 53.2 322.0 461.6
