7 92.0 127.0 157.0 299.0 987.000
13 75.0 104.0 283.0 182.0 987.000
28 169.0 60.0 224.0 275.0 998.000
46 225.0 150.0 42.0 33.0 744.000
82 50.0 161.0 177.0 167.0 981.000
84 81.0 133.0 137.0 331.0 966.000
116 62.0 57.0 318.0 276.0 976.000
122 95.0 92.0 217.0 180.0 998.000
127 213.0 128.0 181.0 203.0 869.000
132 80.0 92.0 227.0 401.0 995.000
160 33.0 86.0 274.0 207.0 985.000
160 321.0 185.0 50.0 65.0 943.000
160 1.0 195.0 52.0 74.0 898.000
164 80.0 59.0 306.0 239.0 941.000
176 97.0 142.0 146.0 339.0 944.000
177 46.0 1.0 449.0 338.0 802.000
191 46.0 92.0 158.0 219.0 966.000
199 119.0 102.0 223.0 217.0 955.000
200 169.0 115.0 257.0 186.0 965.000
208 139.0 224.0 132.0 96.0 998.000
209 78.0 106.0 314.0 223.0 999.000
221 97.0 84.0 323.0 239.0 976.000
228 3.0 83.0 161.0 182.0 948.000
228 267.0 79.0 207.0 173.0 926.000
228 123.0 68.0 203.0 195.0 890.000
234 129.0 74.0 357.0 234.0 958.000
272 115.0 233.0 384.0 142.0 954.000
309 24.0 219.0 257.0 236.0 975.000
315 30.0 95.0 289.0 304.0 997.000
319 116.0 43.0 109.0 156.0 974.000
337 159.0 3.0 341.0 354.0 869.000
345 43.0 102.0 264.0 219.0 989.000
364 75.0 88.0 276.0 252.0 968.000
364 14.0 78.0 143.0 253.0 902.000
396 11.0 18.0 424.0 337.0 833.000
401 104.0 91.0 335.0 319.0 954.000
423 70.0 147.0 150.0 270.0 898.000
437 139.0 165.0 226.0 204.0 990.000
490 1.0 166.0 59.0 180.0 966.000
496 138.0 116.0 164.0 156.0 902.000
508 213.0 13.0 275.0 321.0 999.000
508 21.0 217.0 44.0 83.0 871.000
528 208.0 43.0 130.0 87.0 905.000
528 30.0 37.0 114.0 96.0 717.000
538 20.0 174.0 461.0 145.0 969.000
562 212.0 113.0 182.0 201.0 999.000
580 47.0 40.0 74.0 234.0 891.000
585 179.0 92.0 177.0 100.0 806.000
597 140.0 127.0 213.0 227.0 978.000
597 72.0 158.0 108.0 121.0 970.000
625 222.0 103.0 132.0 153.0 993.000
625 2.0 138.0 29.0 77.0 943.000
637 228.0 223.0 44.0 45.0 865.000
650 77.0 106.0 180.0 329.0 999.000
659 23.0 9.0 147.0 250.0 999.000
662 170.0 99.0 231.0 197.0 975.000
666 56.0 153.0 29.0 39.0 910.000
705 15.0 4.0 225.0 172.0 999.000
712 184.0 98.0 199.0 192.0 932.000
715 95.0 84.0 284.0 283.0 968.000
733 90.0 252.0 150.0 248.0 958.000
759 119.0 239.0 256.0 261.0 997.000
792 19.0 123.0 190.0 372.0 993.000
797 194.0 8.0 262.0 348.0 953.000
800 335.0 101.0 103.0 219.0 867.000
818 173.0 121.0 251.0 150.0 985.000
824 460.0 135.0 39.0 32.0 990.000
824 266.0 142.0 27.0 29.0 979.000
824 302.0 137.0 19.0 27.0 959.000
824 135.0 145.0 19.0 27.0 950.000
824 110.0 141.0 17.0 31.0 906.000
824 103.0 142.0 16.0 31.0 832.000
834 206.0 106.0 128.0 151.0 961.000
852 97.0 45.0 143.0 171.0 992.000
861 16.0 37.0 452.0 260.0 995.000
892 51.0 86.0 209.0 289.0 819.000
905 56.0 69.0 79.0 238.0 825.000
919 112.0 90.0 164.0 357.0 902.000
922 96.0 125.0 120.0 243.0 884.000
940 4.0 37.0 336.0 461.0 999.000
961 96.0 53.0 277.0 444.0 999.000
979 27.0 6.0 401.0 243.0 999.000
987 250.0 183.0 44.0 47.0 712.000
1023 153.0 112.0 258.0 176.0 998.000
1028 109.0 73.0 305.0 241.0 922.000
1036 2.0 75.0 273.0 391.0 998.000
1036 278.0 136.0 167.0 295.0 989.000
1038 9.0 179.0 192.0 240.0 971.000
1047 155.0 122.0 160.0 156.0 960.000
1047 83.0 143.0 38.0 92.0 929.000
1047 356.0 177.0 55.0 36.0 904.000
1047 270.0 134.0 107.0 116.0 893.000
1048 72.0 72.0 305.0 306.0 943.000
1112 79.0 35.0 161.0 163.0 964.000
1142 66.0 60.0 160.0 138.0 999.000
1147 240.0 83.0 166.0 273.0 970.000
1169 180.0 136.0 42.0 52.0 872.000
1171 128.0 74.0 167.0 248.0 940.000
1184 83.0 151.0 167.0 244.0 990.000
1200 77.0 102.0 165.0 338.0 957.000
1206 97.0 67.0 313.0 268.0 963.000
1211 120.0 76.0 309.0 228.0 971.000
1252 90.0 114.0 288.0 307.0 944.000
1273 1.0 23.0 433.0 354.0 999.000
1280 107.0 148.0 164.0 127.0 961.000
1280 253.0 142.0 55.0 37.0 952.000
1280 59.0 164.0 78.0 87.0 904.000
1280 351.0 153.0 149.0 109.0 890.000
1280 297.0 139.0 45.0 34.0 865.000
1280 318.0 155.0 83.0 84.0 854.000
1293 64.0 208.0 229.0 228.0 955.000
1324 97.0 91.0 329.0 271.0 954.000
1341 276.0 166.0 95.0 213.0 997.000
1379 73.0 196.0 97.0 61.0 720.000
1383 249.0 97.0 217.0 179.0 999.000
1388 100.0 79.0 221.0 421.0 997.000
1402 414.0 128.0 66.0 157.0 988.000
1402 68.0 71.0 325.0 252.0 938.000
1408 54.0 32.0 332.0 234.0 999.000
1413 165.0 116.0 174.0 194.0 979.000
1454 97.0 132.0 122.0 297.0 942.000
1458 94.0 148.0 137.0 288.0 894.000
1504 159.0 83.0 301.0 211.0 989.000
1514 50.0 167.0 248.0 236.0 968.000
1514 3.0 183.0 75.0 127.0 936.000
1514 250.0 184.0 57.0 130.0 785.000
1536 186.0 151.0 143.0 103.0 978.000
1539 118.0 64.0 235.0 417.0 897.000
1574 2.0 89.0 41.0 35.0 957.000
1574 77.0 32.0 175.0 178.0 921.000
1574 115.0 45.0 124.0 88.0 743.000
1576 236.0 137.0 236.0 169.0 975.000
1578 7.0 129.0 449.0 369.0 985.000
1579 30.0 86.0 326.0 210.0 992.000
1583 135.0 83.0 247.0 177.0 979.000
1597 40.0 41.0 351.0 233.0 995.000
1603 27.0 47.0 225.0 163.0 965.000
1605 112.0 106.0 137.0 374.0 969.000
1606 113.0 151.0 140.0 311.0 983.000
1637 89.0 180.0 153.0 257.0 965.000
1638 107.0 347.0 264.0 148.0 973.000
1691 13.0 20.0 453.0 344.0 957.000
1718 125.0 83.0 322.0 211.0 980.000
1750 45.0 100.0 100.0 210.0 927.000
1765 167.0 129.0 111.0 108.0 983.000
1770 277.0 174.0 119.0 83.0 998.000
1780 69.0 108.0 150.0 371.0 919.000
1783 62.0 102.0 317.0 217.0 969.000
1783 1.0 182.0 78.0 136.0 900.000
1784 70.0 54.0 147.0 142.0 950.000
1813 69.0 64.0 420.0 255.0 997.000
1823 58.0 116.0 338.0 226.0 994.000
1823 430.0 2.0 70.0 132.0 991.000
1841 15.0 128.0 308.0 189.0 961.000
1841 277.0 134.0 211.0 175.0 939.000
1850 88.0 153.0 207.0 270.0 977.000
1850 268.0 174.0 111.0 98.0 972.000
1865 200.0 159.0 113.0 112.0 748.000
1866 100.0 31.0 103.0 173.0 953.000
1881 259.0 1.0 237.0 310.0 721.000
1900 77.0 49.0 250.0 210.0 999.000
1910 72.0 7.0 426.0 368.0 998.000
1922 162.0 67.0 105.0 138.0 954.000
1945 73.0 47.0 327.0 285.0 982.000
1960 65.0 127.0 240.0 267.0 923.000
1962 135.0 210.0 135.0 165.0 733.000
1973 57.0 91.0 360.0 277.0 912.000
1985 75.0 96.0 223.0 195.0 975.000
1985 273.0 76.0 85.0 66.0 930.000
2025 185.0 89.0 149.0 116.0 960.000
2027 183.0 93.0 101.0 120.0 989.000
2027 64.0 48.0 201.0 160.0 914.000
2027 69.0 36.0 121.0 118.0 865.000
2037 187.0 229.0 38.0 69.0 974.000
2037 99.0 212.0 40.0 36.0 812.000
2050 92.0 99.0 115.0 347.0 940.000
2076 81.0 106.0 333.0 263.0 979.000
2105 146.0 57.0 196.0 160.0 998.000
2105 414.0 58.0 87.0 104.0 934.000
2105 1.0 24.0 62.0 166.0 879.000
2119 317.0 34.0 174.0 203.0 842.000
2121 42.0 67.0 411.0 261.0 998.000
2132 154.0 122.0 272.0 180.0 973.000
2135 78.0 81.0 239.0 300.0 958.000
2140 70.0 140.0 345.0 235.0 988.000
2174 1.0 71.0 447.0 243.0 985.000
2183 162.0 121.0 59.0 108.0 731.000
2189 8.0 37.0 309.0 442.0 998.000
2252 233.0 191.0 164.0 120.0 999.000
2260 51.0 88.0 343.0 259.0 973.000
2263 201.0 65.0 222.0 296.0 951.000
2272 32.0 279.0 409.0 96.0 988.000
2273 95.0 129.0 167.0 341.0 954.000
2286 72.0 42.0 331.0 311.0 987.000
2306 209.0 112.0 92.0 155.0 937.000
2306 56.0 101.0 154.0 171.0 913.000
2306 315.0 127.0 119.0 140.0 857.000
2368 81.0 51.0 132.0 169.0 959.000
2372 203.0 111.0 115.0 135.0 995.000
2397 122.0 79.0 176.0 223.0 980.000
2398 39.0 104.0 170.0 163.0 837.000
2400 121.0 30.0 263.0 278.0 960.000
2429 9.0 44.0 407.0 249.0 999.000
2432 58.0 100.0 269.0 160.0 995.000
2466 62.0 54.0 183.0 134.0 957.000
2478 143.0 25.0 352.0 333.0 996.000
2483 11.0 18.0 422.0 382.0 998.000
2504 355.0 216.0 26.0 53.0 701.000
2523 263.0 119.0 67.0 87.0 990.000
2523 162.0 123.0 55.0 74.0 920.000
2560 95.0 80.0 261.0 203.0 999.000
2563 153.0 120.0 196.0 154.0 999.000
2565 1.0 175.0 180.0 150.0 876.000
2587 139.0 78.0 238.0 193.0 978.000
2596 277.0 77.0 112.0 164.0 996.000
2647 7.0 33.0 295.0 284.0 992.000
2647 271.0 25.0 199.0 287.0 902.000
2664 9.0 120.0 297.0 381.0 996.000
2668 53.0 144.0 122.0 143.0 966.000
2668 136.0 140.0 107.0 156.0 963.000
2668 226.0 116.0 250.0 196.0 911.000
2694 1.0 15.0 310.0 320.0 996.000
2713 110.0 27.0 96.0 183.0 982.000
2713 260.0 88.0 61.0 76.0 959.000
2744 33.0 57.0 456.0 269.0 994.000
2747 68.0 47.0 242.0 166.0 965.000
2753 250.0 145.0 117.0 48.0 998.000
2773 23.0 33.0 185.0 369.0 999.000
2779 132.0 76.0 328.0 358.0 999.000
2794 67.0 132.0 264.0 213.0 985.000
2827 93.0 92.0 259.0 265.0 951.000
2827 83.0 266.0 51.0 85.0 745.000
2849 45.0 153.0 351.0 222.0 983.000
2854 185.0 88.0 228.0 177.0 986.000
2896 78.0 28.0 375.0 456.0 996.000
2926 82.0 88.0 117.0 125.0 880.000
2956 79.0 38.0 183.0 174.0 971.000
2969 89.0 23.0 125.0 174.0 972.000
2972 127.0 130.0 170.0 272.0 964.000
2984 478.0 99.0 22.0 83.0 859.000
2984 318.0 94.0 107.0 38.0 833.000
3004 189.0 45.0 172.0 133.0 919.000
3040 318.0 56.0 179.0 312.0 999.000
3040 5.0 114.0 257.0 256.0 997.000
3051 143.0 39.0 216.0 276.0 996.000
3058 111.0 187.0 139.0 181.0 995.000
3087 53.0 46.0 334.0 274.0 928.000
3096 57.0 83.0 52.0 95.0 728.000
3155 303.0 131.0 137.0 142.0 995.000
3155 199.0 119.0 57.0 87.0 970.000
3156 127.0 169.0 374.0 176.0 947.000
3156 35.0 142.0 264.0 203.0 862.000
3157 91.0 59.0 343.0 248.0 993.000
3158 58.0 43.0 373.0 272.0 988.000
3176 267.0 181.0 136.0 99.0 988.000
3176 49.0 202.0 25.0 56.0 962.000
3176 133.0 193.0 64.0 66.0 953.000
3176 75.0 207.0 33.0 44.0 902.000
3176 122.0 204.0 38.0 53.0 853.000
3176 108.0 203.0 24.0 51.0 704.000
3191 398.0 153.0 60.0 36.0 797.000
3211 330.0 184.0 61.0 54.0 990.000
3211 402.0 190.0 68.0 48.0 973.000
3211 156.0 178.0 32.0 23.0 958.000
3211 50.0 170.0 40.0 31.0 862.000
3229 26.0 5.0 425.0 328.0 906.000
3235 214.0 190.0 76.0 165.0 919.000
3236 21.0 83.0 458.0 292.0 990.000
3246 88.0 185.0 180.0 201.0 971.000
3253 13.0 37.0 452.0 322.0 992.000
3270 82.0 156.0 360.0 178.0 978.000
3288 142.0 112.0 131.0 317.0 979.000
3288 5.0 143.0 187.0 311.0 914.000
3300 285.0 222.0 87.0 95.0 935.000
3311 78.0 30.0 122.0 179.0 983.000
3336 146.0 20.0 338.0 339.0 841.000
3351 80.0 157.0 130.0 260.0 992.000
3351 62.0 147.0 81.0 79.0 972.000
3357 229.0 159.0 156.0 153.0 992.000
3357 75.0 155.0 109.0 61.0 902.000
3363 3.0 48.0 459.0 254.0 979.000
3371 112.0 45.0 70.0 159.0 870.000
3379 107.0 55.0 87.0 157.0 914.000
3394 102.0 103.0 208.0 371.0 990.000
3401 249.0 132.0 156.0 155.0 982.000
3401 132.0 137.0 161.0 133.0 978.000
3401 375.0 137.0 126.0 135.0 960.000
3405 57.0 86.0 349.0 203.0 892.000
3406 131.0 82.0 144.0 369.0 990.000
3409 110.0 24.0 391.0 319.0 764.000
3418 74.0 130.0 306.0 293.0 946.000
3436 128.0 170.0 263.0 165.0 977.000
3459 217.0 127.0 60.0 97.0 878.000
3480 106.0 122.0 76.0 67.0 858.000
3490 134.0 187.0 73.0 162.0 893.000
3494 36.0 45.0 407.0 305.0 999.000
3494 478.0 104.0 22.0 116.0 938.000
3496 144.0 140.0 39.0 58.0 820.000
3522 64.0 78.0 271.0 249.0 851.000
3529 393.0 132.0 86.0 164.0 956.000
3529 51.0 60.0 352.0 298.0 946.000
3574 6.0 26.0 279.0 194.0 999.000
3575 108.0 84.0 295.0 161.0 989.000
3587 215.0 100.0 286.0 233.0 987.000
3588 101.0 128.0 122.0 283.0 880.000
3594 84.0 19.0 262.0 298.0 930.000
3609 83.0 80.0 315.0 226.0 974.000
3611 99.0 165.0 127.0 275.0 971.000
3616 88.0 138.0 163.0 264.0 890.000
3664 102.0 159.0 143.0 295.0 930.000
3678 25.0 13.0 432.0 317.0 989.000
3687 130.0 1.0 350.0 379.0 961.000
3694 19.0 189.0 139.0 133.0 836.000
3723 35.0 84.0 213.0 272.0 997.000
3776 59.0 208.0 197.0 224.0 942.000
3779 73.0 96.0 363.0 256.0 973.000
3781 84.0 153.0 174.0 316.0 971.000
3781 258.0 284.0 58.0 119.0 890.000
3782 96.0 69.0 134.0 143.0 978.000
3790 91.0 123.0 148.0 339.0 883.000
3841 105.0 112.0 188.0 352.0 913.000
3849 60.0 91.0 336.0 244.0 955.000
3853 3.0 49.0 364.0 326.0 999.000
3862 128.0 148.0 36.0 76.0 955.000
3862 227.0 162.0 25.0 56.0 949.000
3862 181.0 149.0 36.0 74.0 924.000
3862 252.0 159.0 25.0 49.0 904.000
3862 274.0 159.0 28.0 51.0 882.000
3871 121.0 12.0 239.0 363.0 997.000
3906 125.0 16.0 190.0 309.0 990.000
3936 1.0 1.0 372.0 499.0 757.000
3937 113.0 54.0 129.0 201.0 995.000
3937 182.0 24.0 65.0 219.0 820.000
3953 1.0 67.0 289.0 217.0 995.000
3953 238.0 56.0 229.0 206.0 964.000
3955 1.0 12.0 367.0 348.0 999.000
3974 210.0 75.0 135.0 140.0 979.000
3985 7.0 244.0 160.0 254.0 943.000
4002 105.0 55.0 96.0 137.0 767.000
4022 263.0 135.0 189.0 138.0 999.000
4022 74.0 129.0 185.0 179.0 998.000
4031 222.0 75.0 253.0 222.0 993.000
4043 51.0 48.0 199.0 126.0 964.000
4064 25.0 46.0 272.0 240.0 993.000
4075 90.0 70.0 142.0 112.0 989.000
4086 30.0 13.0 290.0 295.0 999.000
4102 74.0 59.0 298.0 341.0 976.000
4104 224.0 133.0 229.0 219.0 997.000
4110 98.0 228.0 37.0 39.0 855.000
4123 114.0 81.0 243.0 183.0 994.000
4123 319.0 121.0 182.0 172.0 994.000
4123 10.0 84.0 220.0 153.0 992.000
4124 74.0 83.0 338.0 298.0 958.000
4129 176.0 105.0 259.0 198.0 954.000
4148 83.0 82.0 259.0 191.0 991.000
4173 85.0 124.0 317.0 334.0 961.000
4197 55.0 20.0 160.0 254.0 788.000
4213 35.0 340.0 143.0 114.0 997.000
4213 137.0 350.0 99.0 94.0 989.000
4238 1.0 136.0 46.0 149.0 747.000
4265 74.0 268.0 229.0 233.0 885.000
4275 316.0 128.0 114.0 122.0 963.000
4275 38.0 121.0 152.0 149.0 954.000
4275 1.0 114.0 29.0 50.0 926.000
4275 430.0 145.0 46.0 100.0 915.000
4275 189.0 116.0 125.0 140.0 882.000
4282 49.0 132.0 83.0 45.0 892.000
4282 133.0 131.0 58.0 91.0 780.000
4282 217.0 130.0 82.0 97.0 730.000
4378 53.0 169.0 52.0 77.0 948.000
4378 117.0 174.0 31.0 64.0 946.000
4378 380.0 129.0 121.0 97.0 804.000
4388 93.0 36.0 134.0 171.0 944.000
4390 91.0 54.0 116.0 162.0 957.000
4393 328.0 25.0 164.0 337.0 856.000
4428 93.0 110.0 141.0 336.0 946.000
4437 76.0 44.0 265.0 294.0 976.000
4443 16.0 1.0 423.0 358.0 843.000
4507 33.0 139.0 383.0 361.0 886.000
4518 97.0 107.0 336.0 318.0 971.000
4522 174.0 155.0 86.0 166.0 939.000
4527 3.0 104.0 274.0 241.0 791.000
4533 76.0 66.0 391.0 193.0 706.000
4537 1.0 72.0 263.0 240.0 975.000
4537 138.0 102.0 219.0 209.0 842.000
4553 67.0 161.0 280.0 298.0 931.000
4600 157.0 71.0 309.0 239.0 918.000
4600 11.0 86.0 228.0 251.0 880.000
4668 92.0 25.0 144.0 127.0 961.000
4673 56.0 78.0 354.0 270.0 980.000
4685 349.0 131.0 79.0 130.0 890.000
4728 99.0 96.0 239.0 306.0 980.000
4737 66.0 106.0 258.0 332.0 938.000
4741 200.0 89.0 214.0 244.0 939.000
4744 138.0 196.0 27.0 61.0 722.000
4804 60.0 52.0 335.0 292.0 976.000
4804 1.0 147.0 76.0 109.0 717.000
4807 80.0 166.0 40.0 91.0 984.000
4831 88.0 184.0 106.0 188.0 993.000
4853 350.0 132.0 71.0 126.0 967.000
4853 120.0 160.0 76.0 79.0 770.000
4864 247.0 17.0 196.0 247.0 736.000
4872 128.0 127.0 177.0 115.0 990.000
4891 45.0 54.0 322.0 440.0 859.000
4919 109.0 68.0 296.0 254.0 993.000
4937 92.0 164.0 50.0 86.0 983.000
4938 215.0 9.0 284.0 381.0 998.000
4938 50.0 42.0 324.0 348.0 847.000
4949 65.0 129.0 230.0 248.0 986.000
