000010 0.987 92.4 126.8 249.1 425.9
000022 0.988 75.1 103.9 357.8 286.1
000056 0.999 169.2 60.0 393.5 334.5
000086 0.744 225.2 149.7 266.8 183.3
000166 0.982 49.7 160.7 227.2 327.7
000168 0.967 80.6 132.7 217.6 463.5
000237 0.976 62.3 56.6 379.5 332.9
000248 0.998 94.6 92.1 312.4 272.3
000258 0.869 213.0 128.0 394.0 331.2
000267 0.995 79.8 92.5 306.6 492.5
000319 0.985 33.4 86.2 306.6 292.6
000319 0.944 321.2 185.3 370.9 250.2
000319 0.899 1.4 195.4 53.4 269.5
000330 0.942 79.5 59.3 386.3 297.8
000356 0.944 96.6 142.2 243.5 480.5
000357 0.803 46.1 1.0 495.1 339.1
000378 0.966 46.1 92.1 203.7 311.4
000392 0.956 118.6 101.9 341.5 318.8
000393 0.965 169.5 115.0 426.3 301.3
000410 0.999 138.6 223.9 270.6 319.8
000412 1.000 77.6 106.4 391.7 328.6
000434 0.976 97.1 84.1 420.2 323.0
000445 0.948 2.7 82.8 163.7 265.0
000445 0.926 267.1 78.9 473.5 252.3
000445 0.890 122.6 68.2 325.6 263.1
000455 0.958 129.3 74.0 486.0 308.3
000539 0.954 115.3 232.7 499.0 374.9
000604 0.975 24.4 219.3 281.3 454.6
000616 0.997 30.1 95.0 318.6 399.1
000623 0.975 115.8 43.2 224.8 198.7
000651 0.870 159.4 2.7 500.5 357.3
000666 0.990 43.1 102.0 307.3 320.6
000704 0.969 74.8 88.5 351.4 340.0
000704 0.902 14.2 78.1 157.3 331.2
000773 0.833 11.4 18.4 434.7 354.6
000783 0.954 104.2 90.7 438.6 409.5
000836 0.898 70.0 147.5 220.4 416.9
000866 0.991 139.1 164.8 365.4 368.6
000978 0.967 1.3 166.3 59.8 345.6
000986 0.903 138.3 115.6 301.8 272.3
001013 0.999 213.0 12.9 488.1 333.5
001013 0.871 20.6 217.4 65.0 300.0
001044 0.906 207.7 42.8 338.2 130.2
001044 0.717 30.0 36.7 144.2 132.5
001063 0.969 20.1 173.7 480.5 318.5
001114 0.999 211.6 112.9 394.1 314.0
001146 0.892 47.0 40.3 121.3 274.4
001159 0.806 178.9 92.2 356.5 191.9
001183 0.978 139.8 126.9 352.6 353.9
001183 0.970 71.9 158.3 179.9 279.4
001245 0.993 222.0 103.0 353.6 256.0
001245 0.943 1.5 138.2 31.4 215.5
001267 0.865 228.1 223.2 272.4 267.7
001300 1.000 77.0 105.9 256.6 435.0
001317 0.999 23.4 8.7 170.4 259.1
001320 0.976 169.6 99.3 400.8 295.8
001329 0.910 56.3 153.5 84.7 192.5
001398 0.999 15.0 4.2 239.9 175.8
001412 0.933 183.8 98.1 383.3 290.1
001417 0.968 94.7 83.6 378.7 367.4
001452 0.958 89.9 251.8 240.4 500.5
001508 0.998 118.6 239.5 375.5 500.5
001574 0.993 18.5 123.3 209.5 494.7
001584 0.953 193.8 8.1 456.1 356.2
001589 0.867 335.0 100.6 438.0 319.9
001624 0.985 172.7 121.1 424.2 270.6
001635 0.991 460.1 135.4 498.6 167.4
001635 0.979 266.3 141.8 292.6 170.7
001635 0.959 302.5 136.9 321.4 163.8
001635 0.951 135.0 144.7 153.8 172.1
001635 0.906 110.2 141.0 127.0 172.1
001635 0.832 103.4 142.0 119.3 172.6
001656 0.962 206.4 106.1 333.5 257.0
001692 0.993 97.4 44.8 239.6 215.6
001703 0.995 16.3 36.8 467.5 297.3
001769 0.820 50.9 85.6 260.3 375.5
001794 0.825 56.2 69.4 134.7 307.3
001819 0.902 112.4 90.2 276.5 447.4
001823 0.885 96.1 124.7 215.9 368.4
001865 1.000 3.7 36.9 339.5 498.3
001900 0.999 96.1 53.3 372.5 497.1
001939 0.999 26.5 6.1 428.1 248.8
001955 0.712 249.9 183.2 294.4 229.9
002017 0.999 152.8 111.7 411.0 287.6
002031 0.922 108.7 73.2 413.9 313.6
002046 0.999 1.7 74.8 275.5 465.7
002046 0.989 278.3 136.1 445.5 430.9
002050 0.971 8.6 178.7 200.7 419.0
002071 0.961 155.4 122.4 315.4 278.4
002071 0.930 82.6 142.6 121.3 234.8
002071 0.904 356.2 176.8 410.5 213.0
002071 0.893 270.4 133.9 376.7 250.3
002072 0.943 72.5 72.1 377.4 378.2
002204 0.965 78.7 35.0 239.9 198.4
002269 1.000 65.7 59.7 225.9 198.0
002283 0.971 240.1 83.1 406.2 355.9
002326 0.873 180.2 135.7 221.8 188.4
002331 0.941 128.5 74.1 294.6 321.7
002360 0.990 82.8 151.3 249.6 394.8
002398 0.957 76.7 101.7 241.8 439.6
002409 0.964 96.7 67.1 409.9 335.5
002421 0.972 119.6 76.3 429.2 304.4
002511 0.945 89.7 114.4 378.0 420.7
002553 0.999 1.0 23.4 433.7 377.5
002573 0.962 107.3 148.0 271.4 275.3
002573 0.952 252.7 141.7 307.5 179.3
002573 0.905 59.1 164.2 136.8 251.5
002573 0.891 351.5 153.4 500.5 261.6
002573 0.865 296.7 138.9 342.0 173.2
002573 0.855 318.4 155.3 400.7 238.7
002596 0.955 64.2 208.2 292.9 435.8
002655 0.954 97.3 90.5 426.1 362.0
002692 0.998 276.3 165.6 371.0 379.1
002770 0.721 73.2 196.2 170.1 256.9
002780 0.999 249.3 96.7 466.5 276.0
002790 0.997 99.9 79.0 321.4 500.5
002819 0.989 413.7 127.6 480.5 284.9
002819 0.939 67.9 71.2 393.1 322.8
002828 0.999 54.1 32.4 385.8 266.0
002837 0.980 164.8 115.7 339.2 310.3
002909 0.943 97.0 131.6 219.3 428.5
002921 0.895 94.4 148.3 231.3 435.8
003022 0.989 159.2 82.5 459.7 294.5
003041 0.968 50.3 167.5 297.9 403.0
003041 0.937 3.2 183.0 77.9 309.9
003041 0.786 250.4 183.6 307.1 313.9
003084 0.979 186.4 151.1 329.2 253.8
003095 0.897 118.3 64.3 353.0 481.2
003173 0.958 1.6 88.5 42.6 124.2
003173 0.922 76.8 31.9 251.5 210.1
003173 0.744 114.9 45.0 239.1 133.4
003179 0.976 236.0 137.1 472.2 305.5
003182 0.986 6.5 128.8 456.3 498.1
003187 0.993 29.9 85.5 356.0 295.8
003193 0.979 134.6 83.1 382.1 260.1
003222 0.995 40.2 41.5 391.2 273.8
003232 0.965 26.9 46.6 252.3 209.6
003235 0.969 112.1 105.7 249.0 480.0
003237 0.984 113.1 151.4 253.0 461.7
003304 0.966 89.3 180.4 242.0 436.9
003305 0.973 106.9 347.3 371.5 495.3
003411 0.958 12.6 19.8 465.9 363.8
003473 0.981 124.6 83.3 447.2 294.1
003531 0.927 45.3 100.4 145.4 309.9
003557 0.984 167.1 129.4 277.8 237.1
003562 0.999 276.6 173.8 396.3 256.9
003579 0.919 69.2 108.3 218.8 479.0
003583 0.969 61.8 101.9 378.9 318.5
003583 0.901 1.0 181.5 79.0 318.0
003584 0.951 70.4 54.3 217.1 196.0
003653 0.998 68.7 64.5 488.6 319.0
003680 0.995 58.0 116.3 395.8 342.2
003680 0.992 430.5 1.7 499.9 133.7
003720 0.962 15.2 128.0 323.0 316.7
003720 0.940 277.0 133.5 488.0 309.1
003734 0.977 88.0 153.2 294.6 422.8
003734 0.972 267.9 174.1 378.9 271.7
003762 0.748 200.2 158.9 312.7 270.6
003764 0.953 100.1 30.9 203.2 203.7
003794 0.721 259.4 1.0 495.5 310.6
003832 1.000 77.2 49.1 326.8 259.4
003852 0.999 72.2 6.6 497.8 375.5
003881 0.955 162.0 66.9 267.3 204.7
003922 0.982 73.5 47.0 400.0 331.9
003951 0.924 64.8 127.0 304.6 394.0
003955 0.734 135.5 209.8 269.6 375.1
003978 0.913 57.1 91.2 416.7 368.4
004006 0.976 74.7 96.2 297.9 291.2
004006 0.930 272.9 76.3 357.7 141.7
004081 0.960 184.8 89.0 334.0 205.1
004084 0.989 183.3 92.8 284.2 212.8
004084 0.914 64.2 48.1 265.5 207.9
004084 0.865 68.6 35.6 189.6 153.9
004103 0.974 186.9 229.2 225.4 298.0
004103 0.813 99.3 211.5 138.6 248.3
004126 0.941 91.6 99.5 206.8 446.1
004177 0.979 81.2 106.0 414.4 369.4
004234 0.998 146.2 57.2 341.9 217.4
004234 0.935 413.6 57.8 500.5 162.3
004234 0.879 1.0 24.1 62.7 189.8
004261 0.842 317.4 34.0 491.1 236.5
004266 0.998 42.5 67.1 452.7 328.2
004294 0.973 154.1 122.2 426.0 302.2
004301 0.958 78.1 81.1 317.1 381.5
004309 0.989 69.9 140.0 415.4 375.5
004381 0.985 1.0 70.5 447.8 314.4
004399 0.732 162.2 120.8 221.1 228.6
004407 0.999 7.9 37.4 316.9 479.1
004522 0.999 232.9 191.2 397.1 310.6
004538 0.973 51.4 88.1 393.6 347.0
004545 0.951 201.4 65.3 422.6 361.2
004561 0.988 32.4 278.9 440.8 374.9
004564 0.954 95.4 129.1 261.7 470.0
004589 0.988 72.3 41.9 402.6 352.7
004629 0.938 209.0 111.7 300.6 267.1
004629 0.913 56.0 100.9 210.2 271.8
004629 0.858 315.4 126.9 433.8 267.5
004749 0.960 80.8 51.3 213.5 219.8
004756 0.995 202.8 110.6 318.5 245.7
004803 0.981 122.0 79.3 298.3 302.5
004804 0.837 38.7 104.4 208.7 267.0
004807 0.960 120.8 29.9 384.3 307.8
004865 0.999 8.8 44.2 415.7 292.7
004874 0.995 58.0 100.4 326.8 259.7
004932 0.958 62.2 53.6 245.4 188.0
004957 0.997 142.9 25.3 494.7 357.9
004970 0.999 10.6 18.1 433.1 400.4
005017 0.702 354.9 216.4 381.4 269.3
005053 0.991 263.2 118.6 329.9 205.9
005053 0.920 162.0 123.1 217.0 197.0
005132 0.999 94.9 79.8 355.6 282.9
005139 0.999 152.6 120.5 349.4 273.6
005141 0.876 1.0 174.9 180.9 325.3
005182 0.979 138.5 77.8 376.5 270.5
005198 0.996 277.4 76.6 389.3 241.1
005299 0.992 6.5 33.0 301.9 317.1
005299 0.903 270.7 25.3 469.8 311.8
005334 0.996 9.1 119.8 305.7 500.5
005342 0.967 52.5 143.8 175.2 287.4
005342 0.964 136.0 140.2 242.5 296.5
005342 0.911 226.0 115.6 475.9 311.7
005409 0.996 1.4 14.8 311.1 334.5
005456 0.983 110.0 26.8 205.7 209.6
005456 0.960 259.7 87.7 320.7 163.9
005505 0.995 32.6 56.7 489.4 325.5
005513 0.966 67.6 47.3 309.7 212.7
005529 0.998 250.1 145.4 366.9 193.0
005564 0.999 22.9 33.4 207.8 402.2
005572 1.000 131.6 76.3 459.6 433.9
005610 0.985 66.8 132.3 331.2 344.8
005677 0.952 93.4 92.1 352.4 357.5
005677 0.745 82.8 265.7 134.5 350.6
005722 0.983 44.8 153.2 395.9 375.5
005733 0.986 185.1 88.5 413.4 265.2
005822 0.996 78.0 27.9 452.7 484.1
005890 0.880 82.3 88.1 199.3 212.7
005944 0.971 78.9 38.1 261.9 212.1
005967 0.972 88.9 23.3 213.7 197.3
005973 0.965 126.8 129.8 297.4 401.9
006002 0.860 478.5 98.8 499.9 182.4
006002 0.834 318.3 93.7 425.0 131.7
006039 0.920 188.5 44.6 361.3 177.8
006106 1.000 318.4 55.9 496.6 368.0
006106 0.997 5.1 113.9 262.1 370.0
006122 0.996 143.0 39.0 358.5 315.3
006143 0.996 110.7 186.7 250.2 367.6
006207 0.929 53.1 46.0 386.6 319.7
006237 0.729 57.4 82.8 109.4 177.8
006361 0.996 302.5 131.1 439.6 273.3
006361 0.971 199.3 118.9 255.7 205.8
006364 0.948 127.1 169.4 500.5 344.5
006364 0.862 34.7 141.6 299.0 344.5
006365 0.994 91.2 58.8 433.8 307.0
006368 0.989 58.3 42.6 431.0 315.4
006401 0.988 267.2 180.6 402.9 280.3
006401 0.963 48.9 202.3 73.5 257.8
006401 0.953 133.5 193.3 196.7 259.2
006401 0.902 75.3 206.7 108.2 251.3
006401 0.853 121.6 204.2 160.3 256.5
006401 0.704 107.7 202.6 131.8 253.7
006423 0.797 397.6 153.4 457.6 189.1
006478 0.990 330.2 183.9 390.7 237.9
006478 0.973 402.1 190.1 470.5 237.8
006478 0.959 156.3 177.9 187.8 200.8
006478 0.862 50.3 169.6 90.4 201.5
006511 0.907 26.1 5.2 450.8 332.5
006521 0.919 213.9 189.9 289.8 355.0
006522 0.990 20.7 83.0 478.9 375.5
006540 0.972 88.0 184.8 268.3 386.4
006555 0.992 13.2 36.7 464.8 359.5
006586 0.979 82.1 156.4 442.4 333.5
006623 0.979 142.5 111.9 272.8 428.7
006623 0.915 5.2 143.5 191.5 454.1
006649 0.935 285.5 222.0 371.6 316.7
006672 0.984 78.4 29.8 199.9 209.3
006728 0.841 146.4 19.7 483.8 359.5
006756 0.992 79.6 156.8 209.6 416.6
006756 0.972 62.1 146.9 143.0 226.4
006770 0.993 229.0 159.1 384.8 311.7
006770 0.902 75.3 154.7 184.3 215.9
006779 0.979 2.8 47.9 462.4 301.9
006793 0.871 112.2 44.6 181.7 204.0
006811 0.914 106.9 54.7 193.8 211.9
006846 0.991 102.1 103.3 310.0 474.0
006863 0.982 249.3 132.1 404.5 286.5
006863 0.979 132.2 137.0 292.5 269.7
006863 0.961 374.9 137.3 500.5 272.5
006873 0.892 56.8 86.3 406.2 289.0
006875 0.990 130.9 81.5 274.7 450.9
006881 0.765 110.0 23.9 500.5 343.2
006897 0.947 74.1 130.1 380.2 423.2
006936 0.977 128.2 169.6 391.2 334.5
006982 0.878 216.6 127.1 277.3 224.1
007024 0.859 106.3 121.8 182.2 189.4
007044 0.893 134.3 186.8 207.4 349.3
007055 0.999 35.8 44.9 443.4 349.8
007055 0.939 477.8 104.0 500.5 220.0
007060 0.821 144.5 139.7 182.9 197.8
007118 0.852 64.1 78.4 334.9 327.1
007134 0.956 393.5 132.5 479.0 296.3
007134 0.947 50.8 60.1 402.9 358.5
007229 1.000 6.3 25.6 284.6 220.1
007231 0.989 108.0 84.1 402.5 244.8
007252 0.988 214.9 100.3 500.5 332.5
007253 0.881 100.6 128.3 222.7 410.5
007265 0.930 84.0 18.8 345.7 316.8
007293 0.975 82.6 79.8 398.2 306.3
007303 0.972 98.7 165.0 225.8 440.3
007310 0.890 88.0 138.2 250.5 402.3
007392 0.930 102.3 158.7 245.3 453.9
007412 0.990 25.1 12.7 457.2 330.3
007434 0.962 130.1 1.0 480.5 380.5
007452 0.837 18.9 188.8 157.5 322.3
007509 0.997 35.1 84.0 247.7 356.3
007609 0.943 59.0 207.6 256.1 432.4
007616 0.974 72.7 96.0 435.9 351.5
007620 0.971 84.3 153.0 258.1 469.1
007620 0.891 258.1 283.9 315.9 403.3
007623 0.979 96.2 69.2 230.1 212.2
007636 0.883 91.4 123.5 239.2 461.9
007750 0.913 105.2 111.5 293.2 464.1
007766 0.956 60.0 90.5 395.8 335.0
007774 1.000 3.2 49.2 367.5 375.5
007789 0.955 127.8 147.7 164.0 223.7
007789 0.949 227.5 161.6 252.3 217.9
007789 0.925 180.7 149.0 216.6 222.6
007789 0.904 252.3 159.3 277.1 208.2
007789 0.883 273.7 158.5 301.9 209.6
007805 0.997 121.2 12.3 359.5 375.5
007874 0.990 125.1 16.3 315.2 325.1
007941 0.758 1.0 1.0 373.2 500.4
007942 0.996 112.7 53.5 242.3 255.3
007942 0.820 182.0 23.8 247.3 243.0
007972 0.995 1.0 67.3 290.3 284.2
007972 0.965 238.4 55.7 466.7 262.2
007975 1.000 1.0 12.3 368.4 360.5
008010 0.980 210.4 74.6 345.0 214.5
008027 0.944 6.5 244.4 166.6 498.2
008059 0.768 105.3 55.3 201.2 192.4
008109 0.999 262.9 135.3 452.2 273.0
008109 0.998 73.9 128.8 259.0 308.5
008124 0.994 222.4 74.8 475.4 296.8
008147 0.964 51.1 47.7 250.0 174.4
008183 0.994 24.6 46.0 297.2 285.8
008205 0.989 89.9 70.4 232.3 181.8
008228 1.000 30.1 13.2 320.3 307.6
008256 0.976 74.0 59.2 372.2 399.6
008259 0.998 223.7 133.1 452.7 352.0
008271 0.855 97.8 227.6 134.6 267.3
008298 0.994 113.8 80.6 356.9 263.7
008298 0.994 319.0 121.3 500.5 293.2
008298 0.993 10.2 83.9 229.9 236.9
008303 0.958 74.3 82.8 411.6 381.2
008314 0.954 175.9 104.9 435.2 302.5
008354 0.992 83.2 82.0 341.5 273.4
008399 0.962 84.8 124.1 402.1 458.0
008441 0.789 54.6 19.9 214.7 273.9
008476 0.998 35.3 340.4 177.5 454.4
008476 0.989 136.7 349.5 236.2 444.2
008527 0.747 1.0 136.4 47.2 285.5
008574 0.885 74.2 268.1 303.1 500.5
008593 0.964 316.0 127.9 429.6 250.0
008593 0.954 38.4 120.6 189.9 269.9
008593 0.926 1.0 114.0 30.3 164.0
008593 0.916 429.8 145.4 476.5 245.1
008593 0.882 189.4 116.2 313.6 256.3
008605 0.893 49.3 131.8 132.0 177.3
008605 0.781 133.2 130.8 190.6 222.1
008605 0.731 217.5 129.7 298.8 226.8
008786 0.948 53.1 169.3 104.6 245.7
008786 0.947 117.1 174.0 148.0 237.6
008786 0.804 380.0 128.8 500.5 226.2
008802 0.944 92.5 36.2 227.2 207.3
008804 0.958 91.4 54.0 207.3 216.3
008812 0.857 328.4 24.7 492.4 361.5
008882 0.946 93.0 110.4 233.7 445.9
008899 0.977 75.5 43.8 341.3 337.6
008907 0.844 15.7 1.0 438.8 359.5
009046 0.887 33.4 139.2 416.3 500.4
009067 0.971 97.1 107.2 432.6 424.5
009074 0.940 174.4 154.7 260.1 321.3
009082 0.792 3.1 104.4 276.6 345.3
009093 0.707 76.0 66.0 466.6 259.0
009101 0.976 1.0 72.0 264.0 312.5
009101 0.842 138.2 102.4 356.7 311.0
009130 0.931 67.3 160.5 347.4 459.2
009231 0.918 157.4 70.8 465.6 309.7
009231 0.880 11.3 86.1 239.2 336.6
009369 0.961 92.0 25.2 235.6 152.4
009380 0.980 56.3 77.8 409.9 347.6
009400 0.890 349.4 131.2 428.2 261.4
009505 0.980 98.8 95.6 337.8 402.4
009525 0.938 65.9 106.4 324.3 437.6
009535 0.940 199.9 88.9 413.6 332.5
009539 0.723 137.7 196.4 164.7 257.4
009661 0.977 60.1 51.6 395.4 344.2
009661 0.717 1.0 147.1 76.9 255.7
009665 0.985 79.5 165.6 119.8 256.5
009722 0.994 87.5 184.1 193.8 371.5
009768 0.968 349.8 132.5 421.4 258.4
009768 0.771 119.7 160.4 196.2 238.9
009787 0.737 246.9 16.6 442.8 264.0
009803 0.991 128.2 127.0 304.8 242.0
009843 0.859 45.1 54.5 367.4 494.1
009903 0.993 108.6 67.8 405.5 321.7
009931 0.983 91.7 164.3 142.4 250.0
009933 0.998 215.1 8.8 499.0 389.7
009933 0.847 49.9 42.3 374.1 389.7
009957 0.987 64.7 128.9 294.7 377.5
