000058 0.982 15.3 127.2 410.9 367.8
000094 0.999 26.7 9.4 500.5 324.7
000094 0.910 1.0 63.5 127.6 205.8
000094 0.736 78.5 43.2 269.5 153.1
000111 0.909 98.3 199.4 145.0 222.2
000111 0.890 215.2 184.0 256.5 217.4
000111 0.706 173.5 181.3 215.7 216.9
000201 0.914 255.0 134.1 381.1 310.3
000264 0.954 1.0 100.0 331.2 491.7
000348 0.992 105.5 151.4 373.3 309.6
000353 0.996 75.6 44.3 441.2 350.0
000353 0.890 107.7 41.9 180.5 86.6
000353 0.792 36.5 40.1 93.4 77.1
000364 0.997 35.2 57.7 454.0 322.2
000364 0.973 307.2 48.1 494.1 157.5
000467 0.963 89.1 153.6 177.1 267.1
000467 0.963 366.7 114.9 474.7 171.3
000467 0.934 200.8 139.9 277.4 228.4
000467 0.843 290.2 119.7 363.5 201.0
000497 0.996 22.0 222.5 411.7 467.4
000532 0.780 178.6 118.2 400.4 321.7
000532 0.715 287.0 122.9 425.1 293.4
000553 1.000 52.0 54.7 413.8 351.3
000570 0.993 130.1 100.7 469.9 331.8
000630 0.994 187.0 182.3 486.2 373.2
000655 0.997 112.6 126.2 430.4 317.6
000775 1.000 79.6 254.8 446.1 464.4
000873 0.995 91.6 30.0 335.5 500.5
000894 0.995 74.3 81.3 280.8 400.6
000979 0.983 79.4 242.2 201.8 401.8
001031 0.992 96.2 155.7 308.6 460.7
001134 0.997 175.5 177.1 306.4 278.6
001134 0.993 59.4 177.7 136.0 297.5
001157 0.997 6.3 47.4 445.8 295.9
001264 0.999 78.2 11.0 441.2 346.8
001285 0.998 204.1 123.8 458.3 297.0
001285 0.976 76.2 125.6 254.5 271.4
001296 0.994 70.3 109.8 408.3 340.1
001301 0.986 7.1 50.8 401.3 374.3
001357 0.999 17.4 91.9 440.3 356.8
001446 0.971 111.3 216.6 281.9 390.9
001447 0.997 138.1 118.2 407.4 316.4
001476 0.975 212.1 126.3 322.5 269.9
001476 0.710 117.3 112.8 137.6 138.5
001502 0.998 111.5 173.2 376.5 375.5
001516 0.998 22.8 44.1 462.2 322.0
001619 0.971 2.1 46.0 211.2 232.4
001658 0.837 311.5 41.4 395.5 92.5
001679 1.000 1.0 236.4 393.4 491.3
001701 0.805 16.5 2.4 423.0 328.5
001709 0.977 1.0 45.9 398.9 325.8
001737 0.999 5.7 19.7 496.5 320.6
001744 0.999 158.0 29.0 349.9 147.6
001798 0.993 19.8 10.5 491.7 315.9
001798 0.968 1.0 1.8 194.0 156.3
001889 0.988 40.2 112.8 130.6 289.3
001889 0.979 210.5 102.4 339.8 328.4
001889 0.731 365.7 131.5 417.3 260.9
001916 0.979 105.5 94.2 207.1 212.9
001916 0.960 300.1 97.8 381.6 203.7
001916 0.953 384.0 91.2 462.3 198.5
001916 0.938 261.2 89.3 326.5 192.0
001998 0.999 61.5 140.8 312.0 288.7
002105 0.992 166.3 117.6 403.5 263.5
002130 0.998 66.6 91.6 360.8 300.1
002168 0.797 290.5 211.3 352.2 302.9
002185 0.968 1.9 54.1 66.6 107.1
002185 0.812 30.7 70.1 472.9 319.3
002185 0.773 56.0 47.8 126.1 100.6
002185 0.710 65.0 58.4 98.6 100.6
002242 0.866 385.3 141.9 415.2 162.8
002379 0.984 20.7 22.1 425.2 338.8
002379 0.886 8.0 1.0 265.6 179.7
002402 0.911 100.7 37.0 145.2 75.1
002488 0.991 2.0 132.9 370.7 500.5
002495 0.996 13.8 30.9 470.5 349.0
002507 0.997 1.0 1.0 490.4 323.1
002507 0.965 460.8 1.0 500.5 82.7
002568 0.994 88.7 25.7 426.6 324.3
002568 0.973 2.9 8.8 128.8 153.5
002592 0.979 58.1 26.9 438.6 333.5
002612 0.990 223.6 2.9 454.8 375.5
002612 0.983 10.0 1.0 353.6 373.2
002686 0.993 125.5 202.7 358.2 368.1
002712 0.705 9.0 312.3 347.2 500.5
002739 0.984 350.6 42.6 396.5 74.8
002739 0.760 166.4 219.1 230.4 325.3
002793 0.993 330.2 95.5 473.1 169.4
002797 0.761 382.2 195.8 421.8 260.2
002806 0.994 205.9 112.6 461.9 283.3
002808 0.968 67.0 58.4 272.8 446.0
002823 0.984 60.6 226.9 479.1 372.5
002830 0.995 383.7 6.7 484.7 98.2
002830 0.984 7.6 124.3 307.5 285.9
002830 0.976 1.0 16.6 63.3 89.9
002830 0.835 184.3 7.2 307.0 66.7
002999 0.985 282.7 108.0 461.8 229.4
002999 0.971 114.4 86.5 258.8 189.6
002999 0.955 37.2 90.2 170.5 174.5
002999 0.753 212.4 84.2 268.4 192.7
003333 0.995 61.9 265.0 140.9 416.0
003333 0.992 159.7 276.3 315.3 500.5
003340 0.920 58.0 232.6 268.1 445.4
003342 0.995 338.6 201.7 410.3 240.4
003393 0.998 41.8 77.5 375.5 500.5
003505 0.983 176.0 159.8 318.0 337.2
003538 0.984 53.7 112.3 392.0 335.1
003563 0.910 155.4 138.5 175.2 163.3
003578 0.984 75.5 189.9 360.4 423.6
003670 0.994 49.4 112.6 377.4 278.5
003677 0.940 41.9 81.8 447.9 406.8
003723 0.737 394.9 190.1 416.9 228.6
003730 0.963 162.7 32.6 305.7 321.1
003730 0.920 277.9 91.7 378.3 252.6
003810 0.998 238.0 122.9 370.5 295.1
003810 0.995 95.5 142.7 247.4 356.7
003833 0.967 425.6 54.5 499.8 117.3
003833 0.961 84.7 113.6 345.0 279.6
003833 0.900 2.3 50.7 49.3 137.6
003833 0.854 96.6 61.5 166.5 129.6
003833 0.701 143.9 62.0 177.8 128.1
003833 0.701 48.7 51.1 108.4 137.6
003839 0.768 115.3 247.6 185.7 294.4
003989 0.986 332.2 123.7 436.1 244.7
003989 0.941 65.4 98.8 156.5 171.2
003989 0.926 150.0 107.6 274.0 244.3
004070 0.997 243.5 102.4 455.4 303.3
004070 0.995 79.5 138.1 243.6 283.3
004151 0.947 1.0 37.6 339.6 472.0
004198 0.989 1.0 150.8 275.8 500.3
004213 0.968 185.2 176.7 500.5 375.5
004214 0.989 177.7 112.1 360.6 231.1
004243 0.993 80.4 151.4 216.6 290.0
004243 0.981 1.0 181.7 96.3 310.2
004243 0.979 195.4 159.5 265.8 265.1
004243 0.973 285.6 142.7 406.1 234.9
004243 0.950 232.2 139.3 339.5 239.5
004243 0.893 447.7 126.5 498.6 179.0
004243 0.835 405.9 132.8 470.5 192.9
004243 0.748 475.4 134.7 500.4 177.3
004243 0.722 344.1 144.4 434.2 207.1
004305 0.951 294.1 287.1 337.9 371.7
004448 0.991 89.7 33.7 250.2 284.1
004448 0.949 464.1 64.6 500.5 212.6
004448 0.936 256.5 53.7 431.8 252.8
004448 0.830 361.6 56.2 484.6 231.6
004475 0.992 49.1 108.4 334.6 482.0
004478 0.755 43.2 36.6 429.5 335.1
004560 0.874 443.5 105.6 500.6 219.0
004568 0.994 28.9 10.9 500.5 328.7
004641 0.994 85.7 77.0 464.4 359.7
004650 0.982 62.5 85.6 456.1 321.5
004650 0.893 251.8 132.8 481.9 318.4
004725 0.984 11.2 69.6 451.9 368.1
004725 0.890 298.4 35.4 373.5 154.1
004729 0.996 10.8 93.9 374.9 329.7
004738 0.944 121.9 276.4 324.5 431.8
004800 0.996 41.2 41.3 275.3 207.2
004822 0.995 178.3 87.9 464.6 360.2
004833 0.999 2.9 1.0 334.4 373.9
004864 0.993 28.8 119.9 315.0 498.6
004864 0.834 109.1 1.0 174.4 61.9
004870 0.998 101.0 88.5 406.1 375.5
004917 0.995 110.9 151.1 371.3 321.8
004920 0.995 51.3 10.0 495.2 312.6
004942 0.998 244.1 128.6 443.9 336.9
005041 0.806 318.6 202.0 372.9 277.6
005087 0.991 462.8 1.0 500.5 40.5
005087 0.986 192.4 120.4 355.8 293.5
005087 0.701 381.6 2.8 466.4 38.9
005133 0.997 214.8 119.7 445.9 264.4
005166 0.896 1.0 87.1 55.0 167.0
005188 0.998 9.2 29.9 492.3 360.2
005197 0.979 13.7 141.1 296.8 305.8
005316 0.974 107.7 143.1 348.2 292.4
005316 0.715 118.6 114.5 494.7 358.4
005332 0.872 343.8 153.6 364.3 184.5
005347 0.954 271.4 185.3 448.5 309.8
005354 0.984 245.1 110.3 326.0 226.2
005354 0.973 2.2 106.7 223.4 375.5
005435 0.977 81.8 217.5 361.3 426.3
005468 0.996 15.3 68.2 442.8 457.0
005479 0.980 101.2 95.3 316.9 303.8
005492 0.994 158.1 3.4 329.3 304.6
005506 0.932 89.9 101.5 351.4 276.1
005534 0.999 95.6 60.8 421.0 328.9
005553 0.989 53.2 137.8 333.3 436.9
005560 0.898 133.6 172.6 392.9 345.7
005571 0.999 36.3 66.7 443.3 314.4
005595 0.987 3.2 69.9 469.1 401.8
005678 0.995 35.6 1.0 499.1 315.2
005707 0.984 397.2 204.0 465.5 245.0
005708 0.996 403.1 88.0 500.0 263.6
005724 0.984 55.4 186.2 304.1 500.5
005750 0.770 278.1 175.1 323.5 253.9
005759 0.998 347.2 183.8 457.4 244.7
005759 0.996 219.2 184.2 301.5 237.7
005759 0.993 51.3 189.8 112.1 231.2
005759 0.982 133.2 180.6 206.9 231.5
005774 0.995 27.1 107.2 444.1 477.3
005774 0.944 429.5 3.7 500.3 125.3
005787 0.994 1.0 194.8 335.4 457.2
005793 0.961 320.1 116.5 443.6 244.6
005798 0.985 168.5 42.7 269.2 166.2
005798 0.984 34.1 34.8 136.9 149.7
005798 0.983 252.9 40.5 357.5 168.2
005798 0.944 351.2 31.8 470.4 178.4
005816 0.996 104.5 134.2 402.7 349.5
005931 0.989 299.3 245.4 389.0 306.6
006008 0.995 10.5 49.2 500.5 375.5
006022 0.874 118.8 203.3 382.3 426.8
006059 0.999 5.7 253.2 250.4 453.4
006083 0.998 73.7 69.8 358.9 359.5
006119 0.974 218.3 87.1 445.4 327.5
006119 0.971 93.7 135.9 188.1 277.9
006193 0.993 1.0 180.0 232.4 354.6
006193 0.991 176.0 132.4 360.2 297.1
006193 0.982 318.8 112.8 483.1 243.3
006193 0.757 416.1 115.4 489.3 216.4
006213 0.764 274.6 279.5 352.3 413.9
006376 0.880 29.7 52.2 468.3 358.1
006431 0.996 137.9 132.5 377.0 294.1
006469 0.897 86.3 190.9 261.3 284.3
006469 0.807 168.4 211.9 278.7 283.7
006518 0.791 9.4 21.9 456.3 357.5
006561 0.959 54.3 60.6 454.6 308.1
006567 0.993 245.4 176.5 410.9 307.1
006567 0.968 11.9 160.2 64.8 240.2
006567 0.887 197.0 173.6 295.2 291.2
006567 0.841 161.9 182.6 242.7 282.5
006613 0.995 314.7 163.9 437.8 278.3
006796 0.956 1.6 22.2 56.7 99.7
006796 0.927 121.4 26.7 176.1 104.5
006796 0.911 67.4 28.5 132.2 105.5
006796 0.883 403.3 31.1 478.8 101.8
006796 0.882 131.3 107.2 313.8 300.0
006796 0.836 332.0 43.5 364.2 97.0
006796 0.816 22.3 24.9 88.6 103.1
006796 0.746 385.6 36.3 442.7 98.9
006796 0.738 357.6 39.6 384.3 97.1
006823 0.996 93.0 161.2 422.7 371.9
006885 0.821 125.5 166.8 155.9 185.8
006920 0.965 53.8 142.1 280.3 270.5
006920 0.936 314.9 131.8 483.6 254.0
006921 0.981 126.7 144.0 256.8 315.0
006921 0.891 229.9 154.5 322.8 305.4
006921 0.722 279.2 151.0 395.2 311.2
006951 0.992 140.1 122.0 456.7 288.2
007171 0.959 327.5 102.5 500.5 314.8
007307 0.996 162.2 108.2 437.1 294.3
007313 0.938 20.8 84.3 375.5 500.4
007355 0.991 14.3 181.3 367.6 500.5
007355 0.831 334.3 217.4 357.6 259.7
007368 0.996 1.9 171.7 387.5 498.6
007501 0.895 32.3 31.5 494.2 375.5
007550 0.975 23.5 24.5 317.4 490.3
007553 0.982 107.6 50.7 384.0 334.0
007553 0.774 390.6 86.6 500.5 232.7
007593 0.984 119.1 155.5 401.4 445.8
007645 0.998 25.1 11.2 486.1 350.3
007645 0.777 476.7 139.6 500.5 217.5
007710 0.722 411.8 244.2 500.5 375.5
007783 0.996 3.5 8.7 466.3 368.1
007783 0.717 204.1 1.0 485.4 195.8
007792 0.982 76.4 180.4 122.0 262.6
007848 0.999 199.0 50.6 439.4 340.8
007866 0.988 24.5 2.8 316.4 467.3
007961 0.975 70.6 157.0 169.5 251.2
007961 0.887 1.0 250.5 82.5 328.7
007961 0.796 56.0 157.7 140.2 213.7
007978 0.985 251.1 136.7 321.4 229.3
007983 0.982 6.3 106.3 275.1 425.9
008003 0.982 12.9 51.8 488.6 292.1
008021 0.988 75.0 12.3 300.9 490.1
008034 0.987 52.6 96.4 210.9 208.7
008034 0.965 222.5 108.6 392.1 237.4
008195 0.991 1.0 72.9 493.7 376.5
008195 0.736 280.1 14.6 326.7 54.9
008227 0.999 331.9 139.6 447.3 328.7
008230 0.992 105.9 90.7 427.2 308.3
008230 0.973 1.0 166.6 68.0 257.5
008242 0.999 26.7 16.9 399.3 362.3
008273 0.997 12.2 257.3 375.5 499.1
008324 0.996 214.4 200.8 324.5 285.8
008324 0.824 276.5 198.7 346.8 233.6
008367 0.803 46.8 34.8 148.2 109.6
008367 0.783 345.5 118.6 399.8 170.7
008455 0.997 77.1 254.0 258.1 418.6
008579 0.995 292.6 205.4 477.1 316.8
008579 0.957 52.7 182.8 217.5 301.8
008597 0.996 139.3 137.6 495.0 303.9
008619 0.995 48.9 37.5 476.4 324.0
008623 0.992 60.9 205.5 283.1 342.6
008623 0.791 85.3 196.1 127.0 231.6
008648 0.945 16.9 229.3 93.8 333.5
008689 0.979 410.4 20.1 500.3 101.2
008689 0.960 79.0 94.6 344.5 269.9
008689 0.936 3.2 31.4 94.0 126.7
008694 0.970 180.3 150.3 242.3 188.1
008734 0.957 89.9 65.2 495.7 352.1
008734 0.837 357.0 12.6 500.5 150.1
008785 0.868 1.8 76.0 78.6 171.8
008824 0.983 92.5 234.0 251.8 329.2
008828 0.934 182.7 359.4 233.7 443.1
008845 0.988 58.8 83.9 462.9 379.2
008852 0.996 14.4 39.3 452.9 305.7
008868 0.919 311.6 179.2 429.2 320.6
008877 0.843 34.0 11.0 322.1 459.0
008901 0.953 63.7 127.3 397.5 371.3
008952 0.913 282.4 138.0 356.0 240.5
008994 0.999 141.5 170.6 386.6 355.2
008994 0.997 1.0 189.0 135.6 343.9
009008 1.000 16.3 50.5 444.1 300.8
009041 0.991 154.8 103.1 373.3 282.8
009044 0.986 28.4 27.1 468.8 307.6
009047 0.992 13.9 38.4 415.3 316.9
009050 0.998 16.0 28.1 462.5 315.9
009050 0.957 1.0 19.5 110.9 174.6
009065 0.999 12.0 87.6 459.2 323.1
009069 0.996 17.5 16.5 500.5 365.9
009084 0.999 43.0 73.8 478.2 353.6
009111 0.777 135.7 202.2 153.6 235.6
009139 0.988 100.8 34.3 415.5 361.5
009145 0.990 142.2 46.5 361.1 362.9
009145 0.895 9.5 80.9 181.4 289.0
009152 0.992 110.0 181.9 192.4 324.1
009229 0.994 329.2 113.6 497.7 258.8
009277 0.987 47.8 154.0 259.3 335.9
009293 0.818 12.7 22.2 287.8 443.6
009302 0.985 3.3 114.7 86.9 191.8
009317 0.937 94.5 134.5 297.6 313.8
009322 0.957 306.4 260.4 349.5 327.4
009338 1.000 85.4 113.3 422.3 319.8
009344 0.858 43.7 62.1 409.3 333.3
009361 0.991 102.2 130.0 339.8 264.1
009441 0.805 8.0 211.5 500.5 375.5
009495 0.920 279.8 87.1 500.5 349.2
009495 0.886 26.7 93.3 286.0 342.2
009495 0.830 130.0 73.0 417.5 348.2
009495 0.763 1.0 148.3 52.9 307.9
009563 0.996 1.0 163.9 279.0 491.7
009639 0.981 6.4 13.6 330.4 329.9
009657 0.987 49.3 96.7 333.6 351.5
009673 0.996 6.1 57.9 210.5 199.7
009674 0.994 67.4 126.1 321.7 466.2
009677 0.874 68.1 22.5 399.0 315.2
009705 0.992 52.0 34.6 424.8 258.5
009705 0.945 437.8 4.5 500.5 152.0
009705 0.870 282.8 4.7 417.2 118.0
009705 0.719 343.3 4.0 426.2 88.3
009850 0.996 80.1 176.1 272.7 426.7
009857 0.949 32.7 69.6 295.6 498.8
009890 0.992 40.4 97.9 351.8 299.3
009924 0.997 75.9 56.3 373.0 485.7
009960 0.962 24.6 106.0 319.0 321.7
