30 15.0 127.0 396.0 241.0 981.000
51 27.0 9.0 474.0 316.0 999.000
51 1.0 64.0 127.0 142.0 910.000
51 78.0 43.0 191.0 110.0 735.000
60 98.0 199.0 47.0 23.0 908.000
60 215.0 184.0 42.0 33.0 890.000
60 173.0 181.0 43.0 36.0 706.000
101 255.0 134.0 126.0 176.0 914.000
130 1.0 100.0 330.0 392.0 954.000
172 105.0 151.0 268.0 159.0 992.000
175 76.0 44.0 365.0 306.0 996.000
175 108.0 42.0 73.0 45.0 890.000
175 36.0 40.0 57.0 37.0 792.000
182 35.0 58.0 419.0 264.0 997.000
182 307.0 48.0 187.0 110.0 972.000
240 89.0 154.0 88.0 113.0 963.000
240 367.0 115.0 108.0 56.0 963.000
240 201.0 140.0 76.0 88.0 933.000
240 290.0 120.0 74.0 81.0 842.000
254 22.0 222.0 390.0 245.0 996.000
267 179.0 118.0 221.0 204.0 779.000
267 287.0 123.0 138.0 170.0 714.000
278 52.0 55.0 362.0 296.0 999.000
289 130.0 101.0 340.0 231.0 993.000
323 187.0 182.0 299.0 191.0 994.000
339 113.0 126.0 317.0 192.0 997.000
397 80.0 255.0 366.0 209.0 999.000
440 92.0 30.0 244.0 471.0 995.000
450 74.0 81.0 207.0 320.0 994.000
491 79.0 242.0 123.0 160.0 982.000
519 96.0 156.0 213.0 305.0 991.000
575 176.0 177.0 130.0 102.0 997.000
575 59.0 178.0 77.0 119.0 993.000
584 6.0 47.0 440.0 249.0 996.000
636 78.0 11.0 363.0 336.0 999.000
645 204.0 124.0 254.0 173.0 998.000
645 76.0 126.0 178.0 145.0 975.000
648 70.0 110.0 338.0 230.0 993.000
651 7.0 51.0 394.0 323.0 985.000
682 17.0 92.0 423.0 265.0 999.000
729 111.0 217.0 171.0 174.0 970.000
730 138.0 118.0 269.0 198.0 996.000
744 212.0 126.0 110.0 144.0 975.000
744 117.0 113.0 21.0 25.0 709.000
754 112.0 173.0 265.0 202.0 998.000
762 23.0 44.0 439.0 278.0 997.000
814 2.0 46.0 209.0 186.0 971.000
836 312.0 41.0 83.0 52.0 836.000
849 1.0 236.0 392.0 255.0 999.000
859 16.0 2.0 407.0 326.0 805.000
865 1.0 46.0 398.0 280.0 976.000
877 6.0 20.0 491.0 301.0 999.000
881 158.0 29.0 192.0 119.0 999.000
907 20.0 10.0 472.0 306.0 992.000
907 1.0 2.0 193.0 154.0 967.000
955 40.0 113.0 91.0 176.0 988.000
955 210.0 102.0 130.0 226.0 979.000
955 366.0 132.0 51.0 129.0 730.000
969 105.0 94.0 102.0 119.0 979.000
969 300.0 98.0 82.0 106.0 959.000
969 384.0 91.0 78.0 107.0 952.000
969 261.0 89.0 65.0 103.0 938.000
1013 61.0 141.0 251.0 148.0 999.000
1067 166.0 118.0 238.0 145.0 991.000
1081 67.0 92.0 294.0 208.0 997.000
1101 290.0 211.0 62.0 92.0 797.000
1105 2.0 54.0 65.0 53.0 967.000
1105 31.0 70.0 442.0 249.0 811.000
1105 56.0 48.0 70.0 53.0 773.000
1105 65.0 58.0 34.0 43.0 710.000
1132 385.0 142.0 30.0 21.0 866.000
1188 21.0 22.0 404.0 317.0 984.000
1188 8.0 1.0 258.0 179.0 886.000
1203 101.0 37.0 44.0 38.0 911.000
1242 2.0 133.0 369.0 367.0 990.000
1244 14.0 31.0 457.0 318.0 996.000
1249 1.0 1.0 489.0 322.0 996.000
1249 461.0 1.0 40.0 82.0 964.000
1278 89.0 26.0 338.0 298.0 994.000
1278 3.0 9.0 126.0 144.0 972.000
1292 58.0 27.0 381.0 307.0 978.000
1301 224.0 3.0 231.0 372.0 989.000
1301 10.0 1.0 344.0 372.0 982.000
1338 125.0 203.0 233.0 165.0 993.000
1351 9.0 312.0 338.0 188.0 705.000
1363 351.0 43.0 46.0 32.0 984.000
1363 166.0 219.0 64.0 106.0 760.000
1390 330.0 95.0 143.0 74.0 992.000
1391 382.0 196.0 40.0 64.0 761.000
1395 206.0 113.0 256.0 170.0 993.000
1396 67.0 58.0 206.0 388.0 967.000
1405 61.0 227.0 418.0 146.0 983.000
1410 384.0 7.0 101.0 91.0 995.000
1410 8.0 124.0 300.0 162.0 983.000
1410 1.0 17.0 62.0 73.0 976.000
1410 184.0 7.0 123.0 60.0 834.000
1494 283.0 108.0 179.0 121.0 985.000
1494 114.0 86.0 145.0 104.0 970.000
1494 37.0 90.0 134.0 84.0 955.000
1494 212.0 84.0 56.0 109.0 752.000
1656 62.0 265.0 79.0 151.0 995.000
1656 160.0 276.0 155.0 224.0 991.000
1658 58.0 233.0 210.0 212.0 919.000
1660 339.0 202.0 71.0 38.0 994.000
1684 42.0 77.0 333.0 423.0 997.000
1739 176.0 160.0 142.0 177.0 983.000
1755 54.0 112.0 338.0 223.0 983.000
1771 155.0 138.0 20.0 25.0 909.000
1779 76.0 190.0 284.0 234.0 983.000
1819 49.0 113.0 328.0 165.0 994.000
1822 42.0 82.0 406.0 325.0 940.000
1842 395.0 190.0 22.0 39.0 737.000
1847 163.0 33.0 143.0 288.0 963.000
1847 278.0 92.0 100.0 161.0 920.000
1889 238.0 123.0 133.0 172.0 997.000
1889 95.0 143.0 152.0 214.0 995.000
1901 426.0 54.0 74.0 63.0 966.000
1901 85.0 114.0 260.0 166.0 961.000
1901 2.0 51.0 47.0 87.0 900.000
1901 97.0 62.0 70.0 68.0 853.000
1901 144.0 62.0 34.0 66.0 701.000
1901 49.0 51.0 59.0 87.0 700.000
1903 115.0 248.0 71.0 46.0 768.000
1978 332.0 124.0 104.0 121.0 986.000
1978 65.0 99.0 91.0 72.0 941.000
1978 150.0 108.0 124.0 136.0 925.000
2018 244.0 102.0 211.0 201.0 996.000
2018 80.0 138.0 164.0 145.0 995.000
2059 1.0 38.0 339.0 434.0 946.000
2086 1.0 151.0 275.0 349.0 989.000
2094 185.0 177.0 315.0 198.0 967.000
2095 178.0 112.0 183.0 119.0 989.000
2110 80.0 151.0 137.0 139.0 993.000
2110 1.0 182.0 95.0 128.0 980.000
2110 195.0 159.0 71.0 106.0 978.000
2110 286.0 143.0 120.0 92.0 972.000
2110 232.0 139.0 108.0 101.0 950.000
2110 448.0 126.0 51.0 53.0 892.000
2110 406.0 133.0 64.0 60.0 834.000
2110 475.0 135.0 25.0 42.0 748.000
2110 344.0 144.0 90.0 63.0 721.000
2137 294.0 287.0 44.0 85.0 950.000
2214 90.0 34.0 160.0 250.0 990.000
2214 464.0 65.0 36.0 148.0 948.000
2214 257.0 54.0 175.0 199.0 936.000
2214 362.0 56.0 123.0 176.0 830.000
2229 49.0 108.0 286.0 374.0 991.000
2232 43.0 37.0 386.0 298.0 754.000
2271 443.0 106.0 58.0 113.0 874.000
2275 29.0 11.0 472.0 318.0 993.000
2313 86.0 77.0 378.0 283.0 993.000
2317 62.0 86.0 394.0 236.0 982.000
2317 252.0 133.0 230.0 185.0 892.000
2353 11.0 70.0 441.0 298.0 984.000
2353 298.0 35.0 75.0 119.0 889.000
2356 11.0 94.0 364.0 236.0 996.000
2362 122.0 276.0 203.0 156.0 943.000
2395 41.0 41.0 234.0 166.0 996.000
2409 178.0 88.0 287.0 272.0 995.000
2413 3.0 1.0 331.0 373.0 999.000
2428 29.0 120.0 286.0 379.0 992.000
2428 109.0 1.0 65.0 61.0 834.000
2430 101.0 89.0 305.0 286.0 997.000
2455 111.0 151.0 260.0 171.0 995.000
2458 51.0 10.0 444.0 303.0 994.000
2472 244.0 129.0 200.0 208.0 998.000
2515 319.0 202.0 54.0 76.0 806.000
2535 463.0 1.0 37.0 39.0 990.000
2535 192.0 120.0 164.0 174.0 986.000
2535 382.0 3.0 84.0 36.0 700.000
2561 215.0 120.0 231.0 144.0 997.000
2580 1.0 87.0 54.0 80.0 895.000
2590 9.0 30.0 483.0 330.0 998.000
2595 14.0 141.0 283.0 165.0 979.000
2654 108.0 143.0 240.0 149.0 974.000
2654 119.0 115.0 376.0 243.0 714.000
2662 344.0 154.0 20.0 31.0 871.000
2669 271.0 185.0 177.0 125.0 953.000
2671 245.0 110.0 81.0 116.0 984.000
2671 2.0 107.0 221.0 268.0 972.000
2704 82.0 217.0 279.0 209.0 977.000
2721 15.0 68.0 428.0 389.0 995.000
2727 101.0 95.0 216.0 209.0 979.000
2734 158.0 3.0 171.0 302.0 993.000
2745 90.0 101.0 261.0 175.0 931.000
2756 96.0 61.0 325.0 268.0 999.000
2765 53.0 138.0 280.0 299.0 989.000
2770 134.0 173.0 259.0 173.0 897.000
2778 36.0 67.0 407.0 247.0 998.000
2787 3.0 70.0 466.0 332.0 986.000
2828 36.0 1.0 463.0 314.0 994.000
2841 397.0 204.0 69.0 41.0 983.000
2842 403.0 88.0 97.0 176.0 995.000
2850 55.0 186.0 249.0 315.0 984.000
2862 278.0 175.0 45.0 79.0 770.000
2867 347.0 184.0 110.0 61.0 998.000
2867 219.0 184.0 82.0 54.0 995.000
2867 51.0 190.0 61.0 41.0 992.000
2867 133.0 181.0 74.0 50.0 981.000
2874 27.0 107.0 417.0 370.0 994.000
2874 430.0 4.0 70.0 121.0 944.000
2880 1.0 195.0 334.0 262.0 993.000
2882 320.0 116.0 124.0 129.0 960.000
2885 168.0 43.0 101.0 123.0 984.000
2885 34.0 35.0 103.0 115.0 984.000
2885 253.0 41.0 105.0 127.0 983.000
2885 351.0 32.0 119.0 146.0 944.000
2894 105.0 134.0 298.0 215.0 996.000
2945 299.0 245.0 90.0 62.0 988.000
2988 11.0 49.0 489.0 326.0 994.000
2997 119.0 203.0 263.0 224.0 873.000
3017 6.0 253.0 244.0 200.0 998.000
3029 74.0 70.0 285.0 290.0 997.000
3049 218.0 87.0 227.0 241.0 973.000
3049 94.0 136.0 94.0 142.0 971.000
3079 1.0 180.0 231.0 175.0 992.000
3079 176.0 132.0 184.0 165.0 990.000
3079 319.0 113.0 164.0 130.0 981.000
3079 416.0 115.0 73.0 101.0 757.000
3089 275.0 279.0 77.0 135.0 764.000
3162 30.0 52.0 438.0 306.0 879.000
3193 138.0 132.0 239.0 162.0 996.000
3208 86.0 191.0 175.0 93.0 896.000
3208 168.0 212.0 111.0 72.0 807.000
3234 9.0 22.0 447.0 336.0 791.000
3257 54.0 61.0 401.0 247.0 959.000
3260 245.0 177.0 166.0 130.0 993.000
3260 12.0 160.0 53.0 80.0 968.000
3260 197.0 174.0 98.0 117.0 886.000
3260 162.0 183.0 81.0 99.0 841.000
3283 315.0 164.0 123.0 114.0 994.000
3373 2.0 22.0 55.0 78.0 956.000
3373 121.0 27.0 55.0 78.0 926.000
3373 67.0 28.0 65.0 77.0 911.000
3373 403.0 31.0 76.0 71.0 882.000
3373 131.0 107.0 183.0 193.0 881.000
3373 332.0 43.0 32.0 54.0 836.000
3373 22.0 25.0 67.0 78.0 815.000
3373 386.0 36.0 57.0 63.0 746.000
3373 358.0 40.0 26.0 57.0 738.000
3386 93.0 161.0 330.0 211.0 996.000
3411 126.0 167.0 30.0 19.0 821.000
3428 54.0 142.0 226.0 128.0 965.000
3428 315.0 132.0 169.0 122.0 935.000
3429 127.0 144.0 130.0 171.0 980.000
3429 230.0 154.0 93.0 151.0 890.000
3429 279.0 151.0 116.0 160.0 721.000
3442 140.0 122.0 317.0 166.0 992.000
3546 328.0 102.0 173.0 213.0 959.000
3614 162.0 108.0 275.0 186.0 996.000
3618 21.0 84.0 354.0 416.0 937.000
3645 14.0 181.0 354.0 319.0 990.000
3645 334.0 217.0 24.0 43.0 830.000
3653 2.0 172.0 385.0 327.0 995.000
3717 32.0 31.0 462.0 344.0 894.000
3742 23.0 24.0 294.0 466.0 974.000
3744 108.0 51.0 276.0 283.0 982.000
3744 391.0 87.0 110.0 146.0 774.000
3766 119.0 156.0 282.0 290.0 983.000
3795 25.0 11.0 461.0 339.0 997.000
3795 477.0 140.0 23.0 78.0 776.000
3822 412.0 244.0 88.0 131.0 722.000
3857 4.0 9.0 462.0 359.0 996.000
3857 204.0 1.0 281.0 195.0 717.000
3863 76.0 180.0 46.0 83.0 981.000
3893 199.0 51.0 240.0 290.0 999.000
3902 25.0 3.0 291.0 464.0 987.000
3947 71.0 157.0 99.0 94.0 974.000
3947 1.0 251.0 81.0 78.0 887.000
3947 56.0 158.0 84.0 56.0 796.000
3957 251.0 137.0 70.0 92.0 985.000
3960 6.0 106.0 269.0 320.0 981.000
3971 13.0 52.0 476.0 240.0 982.000
3982 75.0 12.0 226.0 478.0 987.000
3988 53.0 96.0 158.0 113.0 987.000
3988 222.0 109.0 170.0 128.0 965.000
4071 1.0 73.0 493.0 303.0 991.000
4071 280.0 15.0 47.0 40.0 736.000
4085 332.0 140.0 115.0 189.0 998.000
4087 106.0 91.0 321.0 217.0 991.000
4087 1.0 167.0 67.0 90.0 973.000
4095 27.0 17.0 372.0 345.0 998.000
4111 12.0 257.0 363.0 242.0 996.000
4131 214.0 201.0 110.0 85.0 995.000
4131 277.0 199.0 70.0 35.0 824.000
4156 47.0 35.0 101.0 75.0 802.000
4156 345.0 119.0 55.0 52.0 783.000
4202 77.0 254.0 181.0 165.0 997.000
4269 293.0 205.0 184.0 112.0 994.000
4269 53.0 183.0 165.0 119.0 957.000
4277 139.0 138.0 356.0 166.0 996.000
4288 49.0 37.0 427.0 287.0 994.000
4290 61.0 206.0 222.0 137.0 992.000
4290 85.0 196.0 42.0 36.0 791.000
4305 17.0 229.0 77.0 105.0 945.000
4334 410.0 20.0 90.0 81.0 979.000
4334 79.0 95.0 266.0 175.0 960.000
4334 3.0 31.0 91.0 96.0 935.000
4336 180.0 150.0 62.0 38.0 969.000
4354 90.0 65.0 406.0 287.0 956.000
4354 357.0 13.0 143.0 137.0 837.000
4377 2.0 76.0 77.0 96.0 868.000
4398 93.0 234.0 159.0 95.0 982.000
4401 183.0 359.0 51.0 84.0 933.000
4409 59.0 84.0 404.0 295.0 987.000
4413 14.0 39.0 439.0 267.0 995.000
4422 312.0 179.0 117.0 142.0 918.000
4426 34.0 11.0 288.0 448.0 843.000
4438 64.0 127.0 333.0 244.0 953.000
4464 282.0 138.0 74.0 103.0 912.000
4481 142.0 171.0 245.0 184.0 998.000
4481 1.0 189.0 135.0 155.0 997.000
4486 16.0 50.0 428.0 251.0 999.000
4504 155.0 103.0 218.0 180.0 990.000
4506 28.0 27.0 441.0 281.0 986.000
4508 14.0 38.0 401.0 279.0 992.000
4509 16.0 28.0 447.0 288.0 998.000
4509 1.0 20.0 110.0 155.0 956.000
4517 12.0 88.0 447.0 235.0 998.000
4519 18.0 16.0 482.0 350.0 996.000
4529 43.0 74.0 435.0 280.0 999.000
4544 136.0 202.0 18.0 34.0 776.000
4558 101.0 34.0 314.0 328.0 988.000
4562 142.0 46.0 219.0 317.0 990.000
4562 9.0 81.0 172.0 208.0 895.000
4565 110.0 182.0 82.0 142.0 991.000
4599 329.0 114.0 169.0 145.0 994.000
4625 48.0 154.0 211.0 182.0 986.000
4629 13.0 22.0 275.0 422.0 818.000
4635 3.0 115.0 84.0 77.0 985.000
4642 94.0 135.0 204.0 179.0 936.000
4646 306.0 260.0 43.0 67.0 957.000
4651 85.0 113.0 337.0 207.0 999.000
4654 44.0 62.0 365.0 271.0 857.000
4663 102.0 130.0 238.0 134.0 990.000
4700 8.0 212.0 492.0 163.0 805.000
4724 280.0 87.0 220.0 262.0 920.000
4724 27.0 93.0 259.0 249.0 886.000
4724 130.0 73.0 287.0 275.0 829.000
4724 1.0 148.0 52.0 160.0 763.000
4755 1.0 164.0 278.0 328.0 996.000
4792 6.0 14.0 324.0 316.0 981.000
4802 49.0 97.0 285.0 255.0 986.000
4810 6.0 58.0 204.0 142.0 995.000
4811 67.0 126.0 255.0 340.0 993.000
4813 68.0 23.0 331.0 292.0 874.000
4825 52.0 35.0 373.0 223.0 992.000
4825 438.0 4.0 62.0 148.0 944.000
4825 283.0 5.0 134.0 113.0 870.000
4825 343.0 4.0 83.0 84.0 719.000
4896 80.0 176.0 193.0 251.0 995.000
4900 33.0 70.0 263.0 429.0 949.000
4912 40.0 98.0 312.0 201.0 991.000
4931 76.0 56.0 297.0 430.0 996.000
4950 25.0 106.0 294.0 216.0 961.000
