36 320.0 156.0 44.0 43.0 950.000
63 190.0 91.0 92.0 112.0 994.000
63 18.0 103.0 94.0 153.0 952.000
65 83.0 3.0 137.0 138.0 930.000
76 107.0 10.0 252.0 334.0 988.000
98 357.0 90.0 37.0 41.0 919.000
115 60.0 233.0 80.0 75.0 962.000
115 6.0 69.0 95.0 145.0 902.000
115 15.0 203.0 63.0 85.0 785.000
115 50.0 48.0 172.0 226.0 766.000
194 79.0 99.0 58.0 77.0 871.000
197 17.0 218.0 173.0 199.0 983.000
201 34.0 187.0 29.0 61.0 936.000
201 1.0 127.0 37.0 124.0 831.000
201 290.0 173.0 26.0 19.0 802.000
219 462.0 203.0 38.0 51.0 861.000
219 30.0 258.0 62.0 38.0 856.000
260 183.0 226.0 58.0 50.0 935.000
275 275.0 89.0 49.0 113.0 841.000
292 36.0 25.0 354.0 305.0 731.000
294 197.0 13.0 113.0 157.0 986.000
294 7.0 9.0 88.0 96.0 803.000
308 135.0 277.0 115.0 79.0 904.000
336 34.0 55.0 102.0 199.0 905.000
336 95.0 51.0 323.0 324.0 889.000
357 191.0 1.0 130.0 46.0 781.000
361 55.0 352.0 77.0 81.0 987.000
361 204.0 202.0 90.0 152.0 958.000
361 145.0 141.0 129.0 223.0 777.000
370 259.0 132.0 20.0 34.0 846.000
370 409.0 87.0 40.0 47.0 730.000
402 2.0 96.0 63.0 190.0 826.000
404 63.0 39.0 173.0 241.0 942.000
404 110.0 49.0 129.0 133.0 751.000
427 331.0 81.0 57.0 55.0 952.000
447 320.0 194.0 83.0 109.0 874.000
467 111.0 125.0 242.0 355.0 969.000
468 388.0 78.0 39.0 39.0 803.000
468 383.0 68.0 48.0 113.0 769.000
476 225.0 100.0 40.0 33.0 994.000
476 396.0 233.0 103.0 140.0 980.000
493 96.0 75.0 232.0 425.0 985.000
493 107.0 277.0 184.0 211.0 737.000
523 142.0 112.0 28.0 34.0 865.000
541 95.0 2.0 77.0 89.0 978.000
541 368.0 55.0 92.0 118.0 978.000
541 75.0 188.0 96.0 136.0 977.000
541 93.0 76.0 80.0 150.0 961.000
541 180.0 127.0 108.0 86.0 920.000
541 276.0 136.0 75.0 78.0 914.000
541 169.0 5.0 85.0 107.0 913.000
541 366.0 219.0 121.0 135.0 876.000
541 276.0 220.0 87.0 103.0 851.000
541 157.0 224.0 121.0 105.0 807.000
541 276.0 16.0 132.0 164.0 802.000
541 226.0 334.0 73.0 67.0 723.000
541 261.0 11.0 68.0 103.0 702.000
542 298.0 6.0 102.0 114.0 946.000
559 1.0 102.0 111.0 155.0 783.000
578 16.0 98.0 27.0 48.0 731.000
586 390.0 45.0 39.0 45.0 814.000
627 4.0 1.0 369.0 453.0 921.000
631 4.0 34.0 240.0 331.0 985.000
631 188.0 50.0 312.0 317.0 955.000
652 1.0 1.0 57.0 221.0 903.000
653 261.0 4.0 156.0 98.0 830.000
697 375.0 193.0 112.0 127.0 959.000
701 361.0 15.0 79.0 97.0 863.000
726 142.0 53.0 267.0 262.0 977.000
726 23.0 46.0 143.0 215.0 959.000
733 279.0 197.0 25.0 43.0 959.000
740 288.0 262.0 87.0 121.0 985.000
740 263.0 332.0 64.0 59.0 946.000
741 20.0 201.0 26.0 38.0 862.000
741 109.0 166.0 38.0 59.0 731.000
746 224.0 117.0 193.0 185.0 997.000
773 209.0 224.0 60.0 70.0 917.000
822 131.0 18.0 241.0 432.0 966.000
822 1.0 340.0 75.0 96.0 762.000
822 288.0 176.0 86.0 218.0 708.000
831 383.0 24.0 115.0 269.0 967.000
831 72.0 252.0 111.0 117.0 964.000
831 361.0 231.0 96.0 78.0 874.000
842 380.0 165.0 58.0 72.0 963.000
842 44.0 260.0 111.0 58.0 935.000
842 235.0 170.0 93.0 77.0 723.000
848 213.0 198.0 69.0 68.0 885.000
848 186.0 225.0 33.0 36.0 842.000
848 163.0 211.0 23.0 52.0 833.000
867 315.0 81.0 157.0 265.0 908.000
867 1.0 219.0 82.0 63.0 865.000
868 316.0 218.0 40.0 63.0 989.000
868 181.0 203.0 48.0 71.0 965.000
897 407.0 288.0 83.0 87.0 935.000
897 417.0 44.0 83.0 328.0 811.000
900 25.0 53.0 459.0 317.0 764.000
914 265.0 247.0 94.0 107.0 978.000
925 115.0 36.0 260.0 401.0 926.000
943 1.0 102.0 29.0 121.0 745.000
944 95.0 10.0 355.0 344.0 978.000
949 321.0 262.0 54.0 222.0 780.000
950 37.0 52.0 438.0 323.0 995.000
950 204.0 134.0 233.0 224.0 960.000
962 7.0 52.0 158.0 233.0 943.000
962 193.0 136.0 46.0 51.0 762.000
962 145.0 126.0 42.0 59.0 720.000
1025 362.0 141.0 35.0 53.0 944.000
1031 276.0 53.0 120.0 129.0 990.000
1031 86.0 25.0 112.0 134.0 963.000
1031 16.0 1.0 98.0 135.0 940.000
1050 287.0 150.0 141.0 141.0 983.000
1050 89.0 44.0 77.0 35.0 758.000
1057 34.0 81.0 34.0 137.0 859.000
1078 77.0 248.0 52.0 52.0 983.000
1078 39.0 152.0 33.0 160.0 962.000
1078 48.0 253.0 41.0 57.0 704.000
1097 1.0 182.0 45.0 145.0 989.000
1097 1.0 248.0 32.0 94.0 826.000
1154 262.0 90.0 40.0 42.0 973.000
1174 226.0 127.0 111.0 137.0 995.000
1180 63.0 161.0 103.0 108.0 950.000
1190 198.0 369.0 96.0 102.0 948.000
1190 250.0 306.0 125.0 188.0 900.000
1190 209.0 283.0 122.0 164.0 898.000
1190 247.0 285.0 80.0 89.0 894.000
1190 236.0 11.0 117.0 127.0 834.000
1212 37.0 46.0 258.0 405.0 997.000
1214 462.0 10.0 37.0 39.0 817.000
1215 1.0 2.0 69.0 237.0 745.000
1226 9.0 256.0 162.0 119.0 947.000
1226 177.0 250.0 141.0 123.0 908.000
1237 66.0 357.0 78.0 93.0 981.000
1243 16.0 187.0 138.0 95.0 819.000
1251 49.0 64.0 17.0 22.0 927.000
1251 225.0 164.0 130.0 170.0 894.000
1251 201.0 59.0 37.0 57.0 870.000
1251 138.0 7.0 32.0 117.0 818.000
1259 25.0 52.0 344.0 448.0 998.000
1272 1.0 256.0 45.0 121.0 721.000
1275 414.0 67.0 54.0 108.0 970.000
1275 330.0 167.0 81.0 100.0 968.000
1275 37.0 141.0 68.0 105.0 906.000
1275 41.0 1.0 81.0 67.0 900.000
1275 86.0 191.0 76.0 56.0 791.000
1275 105.0 4.0 160.0 94.0 736.000
1282 173.0 61.0 17.0 23.0 824.000
1297 360.0 2.0 139.0 267.0 902.000
1319 3.0 205.0 124.0 131.0 961.000
1325 218.0 71.0 75.0 80.0 857.000
1325 99.0 79.0 35.0 54.0 701.000
1326 234.0 2.0 260.0 230.0 826.000
1349 249.0 77.0 111.0 106.0 952.000
1366 210.0 3.0 268.0 270.0 873.000
1366 103.0 70.0 141.0 157.0 780.000
1366 364.0 151.0 48.0 69.0 768.000
1371 272.0 216.0 44.0 36.0 903.000
1382 323.0 114.0 147.0 170.0 921.000
1389 286.0 30.0 90.0 98.0 953.000
1399 38.0 141.0 98.0 113.0 924.000
1450 1.0 1.0 36.0 131.0 825.000
1461 437.0 197.0 60.0 160.0 955.000
1461 4.0 147.0 94.0 215.0 913.000
1479 45.0 54.0 137.0 105.0 718.000
1499 385.0 109.0 32.0 26.0 969.000
1499 145.0 118.0 25.0 25.0 844.000
1499 295.0 109.0 31.0 23.0 779.000
1499 210.0 111.0 34.0 30.0 737.000
1499 60.0 132.0 30.0 18.0 715.000
1503 419.0 268.0 34.0 53.0 908.000
1503 388.0 65.0 98.0 279.0 794.000
1503 399.0 264.0 88.0 65.0 788.000
1507 361.0 10.0 129.0 165.0 930.000
1523 45.0 58.0 403.0 248.0 995.000
1524 199.0 15.0 290.0 354.0 993.000
1524 1.0 2.0 244.0 152.0 900.000
1524 77.0 34.0 282.0 308.0 718.000
1524 135.0 169.0 269.0 200.0 700.000
1547 276.0 16.0 197.0 200.0 970.000
1547 392.0 18.0 104.0 177.0 946.000
1547 270.0 31.0 135.0 121.0 924.000
1582 277.0 62.0 224.0 223.0 761.000
1582 9.0 23.0 321.0 266.0 722.000
1596 292.0 271.0 68.0 39.0 965.000
1596 215.0 227.0 22.0 23.0 821.000
1596 219.0 215.0 43.0 37.0 787.000
1626 173.0 274.0 52.0 93.0 902.000
1626 1.0 117.0 23.0 81.0 885.000
1626 16.0 117.0 92.0 87.0 866.000
1626 183.0 343.0 36.0 60.0 770.000
1634 86.0 114.0 179.0 169.0 942.000
1650 416.0 78.0 44.0 63.0 958.000
1664 434.0 159.0 62.0 147.0 758.000
1704 115.0 1.0 41.0 67.0 976.000
1704 414.0 215.0 87.0 112.0 935.000
1708 77.0 91.0 123.0 74.0 963.000
1708 283.0 184.0 58.0 131.0 907.000
1708 163.0 188.0 29.0 37.0 890.000
1708 288.0 177.0 58.0 67.0 846.000
1730 143.0 150.0 67.0 59.0 993.000
1760 306.0 226.0 32.0 62.0 844.000
1776 148.0 172.0 153.0 213.0 987.000
1776 2.0 36.0 230.0 243.0 985.000
1782 432.0 113.0 22.0 57.0 855.000
1786 339.0 38.0 82.0 121.0 993.000
1802 14.0 107.0 291.0 359.0 972.000
1802 76.0 243.0 184.0 235.0 812.000
1802 21.0 119.0 210.0 188.0 719.000
1808 305.0 344.0 43.0 57.0 955.000
1808 71.0 236.0 18.0 31.0 777.000
1808 305.0 280.0 51.0 124.0 744.000
1818 174.0 125.0 54.0 66.0 713.000
1821 137.0 109.0 56.0 148.0 976.000
1821 68.0 84.0 49.0 87.0 798.000
1833 380.0 30.0 16.0 32.0 732.000
1861 146.0 66.0 25.0 32.0 890.000
1861 37.0 134.0 34.0 62.0 847.000
1862 22.0 269.0 252.0 106.0 985.000
1862 77.0 18.0 310.0 380.0 825.000
1864 298.0 144.0 72.0 68.0 935.000
1876 388.0 78.0 112.0 231.0 961.000
1876 58.0 62.0 175.0 188.0 960.000
1876 1.0 31.0 120.0 254.0 766.000
1879 368.0 15.0 133.0 249.0 980.000
1879 187.0 177.0 113.0 100.0 979.000
1879 308.0 59.0 111.0 226.0 977.000
1879 7.0 1.0 193.0 270.0 968.000
1879 1.0 17.0 90.0 168.0 826.000
1879 151.0 33.0 208.0 242.0 762.000
1879 3.0 137.0 41.0 127.0 727.000
1917 3.0 9.0 425.0 361.0 920.000
1917 356.0 1.0 144.0 372.0 839.000
1923 221.0 121.0 113.0 198.0 914.000
1923 7.0 86.0 99.0 151.0 907.000
1923 297.0 129.0 120.0 197.0 891.000
1923 52.0 110.0 156.0 118.0 874.000
1923 367.0 138.0 115.0 148.0 830.000
1923 75.0 92.0 210.0 201.0 723.000
1934 125.0 27.0 150.0 268.0 902.000
1953 150.0 256.0 97.0 119.0 989.000
1957 234.0 136.0 64.0 34.0 926.000
1957 47.0 128.0 99.0 28.0 893.000
1975 426.0 128.0 58.0 89.0 806.000
1992 205.0 27.0 128.0 425.0 961.000
1992 50.0 30.0 233.0 415.0 892.000
1992 85.0 239.0 135.0 212.0 891.000
1992 8.0 212.0 122.0 227.0 883.000
1992 85.0 373.0 56.0 86.0 840.000
1992 23.0 355.0 67.0 70.0 835.000
1997 238.0 97.0 59.0 103.0 953.000
2003 338.0 8.0 103.0 142.0 987.000
2025 81.0 168.0 152.0 204.0 901.000
2025 287.0 89.0 207.0 286.0 762.000
2044 2.0 6.0 111.0 284.0 985.000
2044 69.0 109.0 119.0 177.0 804.000
2048 232.0 29.0 264.0 346.0 996.000
2048 1.0 52.0 277.0 320.0 989.000
2048 29.0 53.0 163.0 148.0 704.000
2062 122.0 12.0 145.0 164.0 743.000
2065 5.0 76.0 191.0 275.0 960.000
2093 71.0 393.0 139.0 107.0 932.000
2100 86.0 162.0 56.0 92.0 980.000
2100 146.0 212.0 33.0 39.0 887.000
2116 205.0 101.0 104.0 80.0 947.000
2141 297.0 121.0 60.0 82.0 969.000
2144 111.0 15.0 45.0 77.0 832.000
2167 25.0 113.0 79.0 86.0 845.000
2168 288.0 159.0 34.0 72.0 799.000
2216 5.0 246.0 202.0 129.0 997.000
2216 34.0 163.0 145.0 106.0 989.000
2216 161.0 218.0 75.0 134.0 930.000
2216 388.0 115.0 19.0 23.0 831.000
2232 333.0 1.0 36.0 56.0 712.000
2237 91.0 93.0 47.0 53.0 992.000
2237 151.0 128.0 75.0 116.0 989.000
2237 213.0 124.0 66.0 117.0 976.000
2239 234.0 40.0 24.0 26.0 799.000
2239 1.0 288.0 32.0 56.0 752.000
2270 387.0 242.0 30.0 55.0 775.000
2323 139.0 79.0 114.0 397.0 842.000
2330 246.0 57.0 36.0 43.0 755.000
2335 485.0 136.0 15.0 46.0 776.000
2346 397.0 24.0 103.0 245.0 968.000
2387 1.0 39.0 179.0 277.0 968.000
2388 41.0 385.0 33.0 43.0 958.000
2388 109.0 393.0 31.0 49.0 922.000
2388 108.0 267.0 22.0 23.0 882.000
2388 91.0 274.0 19.0 19.0 843.000
2424 14.0 7.0 414.0 339.0 806.000
2424 396.0 1.0 104.0 168.0 761.000
2425 192.0 8.0 183.0 130.0 741.000
2436 270.0 164.0 35.0 52.0 936.000
2436 325.0 133.0 49.0 57.0 839.000
2436 386.0 155.0 35.0 61.0 722.000
2444 228.0 5.0 45.0 57.0 956.000
2444 241.0 131.0 56.0 58.0 797.000
2471 102.0 14.0 270.0 404.0 991.000
2480 249.0 144.0 54.0 37.0 838.000
2495 259.0 327.0 76.0 169.0 826.000
2536 122.0 195.0 85.0 107.0 988.000
2536 54.0 202.0 85.0 95.0 963.000
2539 364.0 20.0 84.0 141.0 938.000
2539 270.0 1.0 113.0 173.0 919.000
2539 432.0 4.0 69.0 111.0 745.000
2539 119.0 4.0 286.0 163.0 716.000
2539 325.0 176.0 173.0 155.0 709.000
2584 88.0 15.0 138.0 159.0 847.000
2586 43.0 261.0 42.0 61.0 964.000
2586 89.0 295.0 82.0 109.0 920.000
2588 345.0 172.0 74.0 96.0 977.000
2588 286.0 103.0 88.0 62.0 783.000
2594 175.0 2.0 137.0 110.0 773.000
2639 268.0 1.0 216.0 361.0 928.000
2639 11.0 72.0 190.0 281.0 922.000
2639 102.0 58.0 237.0 313.0 878.000
2639 3.0 87.0 80.0 197.0 708.000
2736 47.0 167.0 88.0 164.0 963.000
2751 337.0 15.0 160.0 299.0 980.000
2751 150.0 10.0 328.0 320.0 950.000
2751 48.0 4.0 238.0 324.0 863.000
2767 1.0 150.0 89.0 144.0 887.000
2767 1.0 21.0 43.0 132.0 711.000
2775 161.0 103.0 171.0 262.0 992.000
2775 1.0 1.0 88.0 143.0 963.000
2775 165.0 18.0 328.0 317.0 957.000
2818 156.0 156.0 45.0 55.0 748.000
2839 1.0 173.0 94.0 152.0 980.000
2853 142.0 232.0 41.0 59.0 783.000
2853 190.0 237.0 37.0 63.0 722.000
2889 2.0 93.0 56.0 85.0 981.000
2889 383.0 13.0 117.0 340.0 955.000
2889 62.0 129.0 20.0 44.0 945.000
2889 130.0 96.0 62.0 71.0 802.000
2911 177.0 148.0 84.0 142.0 978.000
2911 91.0 159.0 75.0 128.0 965.000
2915 346.0 221.0 23.0 26.0 927.000
2915 383.0 179.0 41.0 79.0 901.000
2915 118.0 98.0 147.0 192.0 829.000
2915 479.0 246.0 21.0 40.0 783.000
2915 383.0 235.0 30.0 25.0 718.000
2929 283.0 132.0 52.0 85.0 839.000
2939 73.0 243.0 124.0 119.0 989.000
2939 220.0 250.0 124.0 100.0 883.000
2939 1.0 158.0 81.0 186.0 710.000
2951 358.0 23.0 48.0 93.0 961.000
2955 311.0 7.0 115.0 218.0 977.000
2974 211.0 146.0 89.0 112.0 892.000
2997 5.0 1.0 184.0 362.0 951.000
3009 198.0 170.0 164.0 312.0 872.000
3021 127.0 14.0 58.0 116.0 938.000
3021 204.0 211.0 50.0 91.0 887.000
3029 396.0 75.0 69.0 134.0 988.000
3038 46.0 54.0 103.0 80.0 708.000
3046 1.0 47.0 153.0 224.0 874.000
3094 161.0 230.0 202.0 261.0 816.000
3113 373.0 25.0 42.0 70.0 818.000
3122 206.0 71.0 63.0 71.0 933.000
3126 213.0 22.0 25.0 34.0 793.000
3129 113.0 119.0 77.0 97.0 807.000
3129 133.0 94.0 128.0 149.0 782.000
3197 406.0 225.0 31.0 24.0 912.000
3205 106.0 182.0 34.0 40.0 972.000
3205 135.0 98.0 40.0 21.0 892.000
3205 372.0 209.0 41.0 66.0 726.000
3221 62.0 14.0 313.0 478.0 990.000
3221 36.0 122.0 168.0 301.0 901.000
3221 58.0 155.0 114.0 175.0 709.000
3232 433.0 25.0 30.0 72.0 845.000
3298 372.0 180.0 20.0 36.0 849.000
3299 114.0 259.0 52.0 119.0 881.000
3319 43.0 64.0 221.0 261.0 998.000
3319 285.0 94.0 162.0 206.0 998.000
3322 136.0 99.0 221.0 237.0 976.000
3327 22.0 40.0 296.0 372.0 986.000
3372 41.0 118.0 135.0 138.0 702.000
3377 1.0 12.0 489.0 363.0 997.000
3387 418.0 83.0 40.0 60.0 763.000
3393 395.0 145.0 37.0 46.0 973.000
3393 280.0 185.0 31.0 48.0 963.000
3393 170.0 182.0 18.0 26.0 850.000
3393 131.0 146.0 36.0 37.0 840.000
3393 204.0 188.0 21.0 41.0 809.000
3393 55.0 152.0 23.0 34.0 806.000
3393 255.0 120.0 33.0 45.0 726.000
3400 170.0 145.0 95.0 123.0 939.000
3400 260.0 182.0 61.0 60.0 939.000
3421 308.0 1.0 86.0 120.0 968.000
3437 112.0 132.0 79.0 130.0 992.000
3473 1.0 70.0 105.0 217.0 928.000
3492 250.0 49.0 125.0 286.0 798.000
3514 305.0 393.0 31.0 62.0 789.000
3515 160.0 65.0 116.0 218.0 853.000
3517 193.0 81.0 30.0 38.0 954.000
3585 27.0 133.0 339.0 346.0 980.000
3598 7.0 25.0 484.0 338.0 899.000
3622 77.0 107.0 278.0 327.0 941.000
3629 71.0 121.0 90.0 70.0 979.000
3631 75.0 165.0 61.0 69.0 968.000
3631 1.0 85.0 28.0 35.0 879.000
3650 91.0 85.0 94.0 113.0 973.000
3663 304.0 91.0 80.0 69.0 960.000
3663 2.0 142.0 50.0 181.0 893.000
3675 93.0 306.0 38.0 56.0 930.000
3675 50.0 343.0 42.0 32.0 794.000
3705 43.0 160.0 323.0 286.0 995.000
3715 69.0 22.0 348.0 320.0 990.000
3725 28.0 49.0 348.0 297.0 974.000
3725 181.0 22.0 319.0 336.0 783.000
3741 351.0 1.0 142.0 230.0 994.000
3741 163.0 1.0 198.0 242.0 990.000
3793 7.0 2.0 330.0 428.0 973.000
3793 3.0 1.0 117.0 366.0 869.000
3794 264.0 46.0 90.0 66.0 982.000
3794 6.0 46.0 46.0 41.0 970.000
3794 354.0 133.0 53.0 68.0 949.000
3794 1.0 59.0 68.0 223.0 936.000
3794 69.0 31.0 43.0 165.0 931.000
3794 80.0 160.0 59.0 91.0 928.000
3794 23.0 258.0 138.0 102.0 856.000
3794 305.0 240.0 168.0 113.0 855.000
3794 410.0 236.0 70.0 113.0 808.000
3794 2.0 277.0 48.0 59.0 801.000
3794 62.0 61.0 78.0 183.0 731.000
3797 3.0 106.0 113.0 151.0 926.000
3797 135.0 110.0 95.0 156.0 782.000
3828 87.0 97.0 49.0 44.0 949.000
3836 265.0 1.0 99.0 57.0 939.000
3836 333.0 1.0 42.0 61.0 724.000
3840 255.0 176.0 28.0 60.0 736.000
3844 247.0 214.0 41.0 49.0 872.000
3889 238.0 5.0 50.0 74.0 806.000
3902 261.0 198.0 73.0 236.0 705.000
3974 317.0 92.0 110.0 223.0 958.000
3974 437.0 140.0 58.0 140.0 706.000
3991 114.0 179.0 50.0 92.0 978.000
3991 320.0 225.0 18.0 33.0 929.000
4005 305.0 86.0 70.0 368.0 917.000
4006 1.0 370.0 54.0 122.0 898.000
4006 1.0 1.0 168.0 304.0 777.000
4028 75.0 274.0 115.0 112.0 847.000
4049 331.0 182.0 42.0 43.0 954.000
4050 70.0 115.0 116.0 206.0 985.000
4050 233.0 129.0 33.0 81.0 886.000
4054 281.0 187.0 72.0 44.0 735.000
4056 105.0 153.0 68.0 108.0 858.000
4066 1.0 32.0 325.0 433.0 984.000
4072 385.0 114.0 107.0 120.0 782.000
4072 431.0 146.0 69.0 84.0 722.000
4076 122.0 21.0 171.0 321.0 985.000
4092 42.0 130.0 103.0 78.0 830.000
4110 196.0 122.0 62.0 190.0 926.000
4133 313.0 98.0 59.0 92.0 860.000
4143 179.0 64.0 87.0 173.0 725.000
4164 432.0 53.0 68.0 187.0 936.000
4165 42.0 14.0 90.0 94.0 920.000
4167 440.0 4.0 59.0 88.0 903.000
4167 61.0 8.0 387.0 338.0 846.000
4167 352.0 126.0 127.0 122.0 769.000
4196 292.0 20.0 25.0 34.0 738.000
4200 159.0 300.0 20.0 21.0 771.000
4203 36.0 173.0 66.0 106.0 972.000
4203 37.0 411.0 52.0 73.0 965.000
4203 131.0 299.0 50.0 73.0 964.000
4203 50.0 57.0 112.0 109.0 960.000
4203 32.0 299.0 54.0 74.0 950.000
4203 136.0 230.0 47.0 47.0 940.000
4204 341.0 14.0 102.0 128.0 895.000
4210 319.0 9.0 61.0 80.0 896.000
4210 381.0 125.0 21.0 34.0 785.000
4250 328.0 171.0 108.0 126.0 957.000
4250 236.0 55.0 131.0 234.0 953.000
4250 145.0 47.0 118.0 250.0 790.000
4250 4.0 5.0 214.0 271.0 771.000
4263 1.0 103.0 328.0 394.0 995.000
4279 63.0 91.0 39.0 49.0 866.000
4279 2.0 9.0 52.0 208.0 743.000
4280 119.0 1.0 101.0 125.0 960.000
4292 441.0 116.0 60.0 208.0 982.000
4315 165.0 168.0 31.0 43.0 908.000
4315 171.0 176.0 35.0 22.0 824.000
4315 286.0 160.0 34.0 71.0 807.000
4315 6.0 161.0 39.0 60.0 730.000
4355 152.0 232.0 32.0 35.0 979.000
4362 257.0 202.0 51.0 72.0 775.000
4363 234.0 232.0 38.0 80.0 903.000
4363 259.0 155.0 102.0 167.0 860.000
4363 227.0 155.0 65.0 161.0 852.000
4363 96.0 163.0 48.0 47.0 838.000
4366 32.0 184.0 58.0 107.0 861.000
4397 230.0 198.0 80.0 71.0 809.000
4397 172.0 35.0 86.0 231.0 795.000
4410 450.0 1.0 51.0 162.0 962.000
4411 280.0 3.0 126.0 137.0 965.000
4411 168.0 11.0 136.0 196.0 896.000
4411 74.0 18.0 244.0 299.0 885.000
4411 74.0 139.0 162.0 188.0 739.000
4441 202.0 140.0 132.0 280.0 930.000
4441 29.0 65.0 297.0 407.0 916.000
4456 40.0 61.0 246.0 269.0 972.000
4456 360.0 11.0 141.0 311.0 971.000
4456 1.0 125.0 80.0 210.0 879.000
4456 2.0 16.0 148.0 319.0 833.000
4461 264.0 145.0 81.0 129.0 948.000
4531 297.0 175.0 66.0 72.0 904.000
4531 165.0 174.0 72.0 84.0 897.000
4545 439.0 132.0 61.0 182.0 840.000
4569 291.0 283.0 83.0 153.0 826.000
4575 389.0 166.0 109.0 194.0 971.000
4575 282.0 89.0 143.0 155.0 937.000
4575 150.0 126.0 163.0 152.0 915.000
4575 26.0 20.0 154.0 245.0 888.000
4575 233.0 143.0 75.0 145.0 873.000
4575 1.0 186.0 38.0 103.0 826.000
4575 301.0 226.0 76.0 94.0 773.000
4575 36.0 160.0 152.0 110.0 715.000
4615 81.0 213.0 116.0 146.0 775.000
4636 167.0 267.0 116.0 108.0 835.000
4638 266.0 5.0 110.0 111.0 762.000
4640 1.0 355.0 45.0 76.0 879.000
4667 339.0 155.0 48.0 64.0 989.000
4672 464.0 177.0 36.0 65.0 869.000
4690 8.0 27.0 492.0 335.0 850.000
4709 105.0 278.0 157.0 192.0 994.000
4716 64.0 1.0 81.0 78.0 754.000
4734 236.0 68.0 85.0 94.0 942.000
4734 4.0 31.0 94.0 227.0 935.000
4734 94.0 78.0 27.0 37.0 872.000
4763 24.0 26.0 142.0 227.0 971.000
4763 320.0 126.0 173.0 148.0 933.000
4763 165.0 130.0 164.0 126.0 870.000
4764 345.0 16.0 139.0 278.0 718.000
4776 84.0 221.0 64.0 60.0 987.000
4776 172.0 303.0 66.0 44.0 921.000
4776 1.0 317.0 42.0 131.0 807.000
4776 96.0 232.0 33.0 41.0 742.000
4787 291.0 94.0 44.0 44.0 979.000
4787 368.0 88.0 50.0 59.0 968.000
4787 316.0 98.0 55.0 42.0 794.000
4841 102.0 214.0 37.0 45.0 890.000
4841 36.0 212.0 41.0 54.0 707.000
4844 208.0 303.0 61.0 70.0 982.000
4844 12.0 186.0 42.0 154.0 973.000
4844 128.0 207.0 51.0 146.0 969.000
4844 329.0 186.0 75.0 178.0 806.000
4844 195.0 218.0 77.0 153.0 764.000
4852 395.0 41.0 61.0 81.0 917.000
4852 336.0 2.0 34.0 41.0 785.000
4860 450.0 57.0 37.0 41.0 764.000
4864 2.0 51.0 136.0 275.0 988.000
4898 440.0 43.0 57.0 94.0 872.000
4927 260.0 117.0 51.0 54.0 899.000
4927 433.0 153.0 66.0 105.0 899.000
4932 109.0 27.0 380.0 264.0 985.000
4934 119.0 63.0 194.0 431.0 987.000
