000070 0.950 319.7 155.6 364.4 199.2
000116 0.994 190.2 91.2 281.6 202.7
000116 0.953 18.1 102.6 111.8 256.4
000124 0.930 83.4 2.5 220.3 141.3
000149 0.988 107.0 10.0 358.9 344.3
000196 0.920 357.4 89.8 394.3 131.0
000234 0.963 60.4 232.6 140.2 308.0
000234 0.902 6.4 69.1 100.9 214.4
000234 0.785 15.1 202.8 77.5 287.6
000234 0.767 49.5 48.1 222.3 274.5
000385 0.872 79.3 99.1 136.7 176.4
000389 0.984 16.7 218.4 189.8 417.1
000397 0.937 33.7 187.2 63.4 247.9
000397 0.831 1.0 126.8 38.2 250.5
000397 0.802 290.3 172.6 316.3 191.7
000429 0.862 462.4 203.1 500.0 254.2
000429 0.856 30.1 258.0 91.5 296.3
000510 0.936 183.5 226.0 240.8 276.2
000547 0.841 275.2 89.1 324.1 202.4
000573 0.731 36.0 24.8 389.9 330.0
000575 0.987 196.6 13.4 309.6 169.7
000575 0.804 6.9 9.1 94.6 104.6
000603 0.904 134.8 277.0 250.1 355.9
000650 0.906 34.1 54.6 135.6 253.9
000650 0.890 94.8 50.5 417.7 375.5
000692 0.781 191.1 1.0 320.6 47.0
000698 0.988 55.2 352.1 131.9 432.7
000698 0.959 204.3 201.6 294.2 354.4
000698 0.777 145.2 141.4 274.1 364.5
000719 0.847 258.7 131.8 279.4 166.2
000719 0.730 408.6 87.1 449.3 133.9
000784 0.826 2.1 95.6 65.5 285.6
000788 0.942 62.5 39.3 236.4 280.2
000788 0.751 110.3 48.8 239.0 182.3
000840 0.953 330.8 80.7 388.1 136.0
000890 0.874 319.7 193.5 403.1 303.2
000933 0.969 110.8 125.3 353.2 480.4
000938 0.804 388.5 78.5 426.8 116.9
000938 0.770 382.6 68.0 430.9 180.6
000953 0.994 224.9 100.3 265.1 133.2
000953 0.981 396.3 233.3 499.2 373.1
000983 0.986 95.6 75.4 327.7 500.5
000983 0.738 106.8 277.3 291.3 488.2
001035 0.865 142.1 112.5 169.5 145.5
001070 0.979 94.9 1.5 172.1 90.5
001070 0.978 367.7 55.0 459.8 172.9
001070 0.977 75.3 187.8 170.6 323.5
001070 0.962 92.9 75.6 172.5 225.5
001070 0.920 180.3 127.0 288.1 213.0
001070 0.914 276.1 136.0 351.5 214.3
001070 0.913 168.9 4.8 253.8 112.0
001070 0.877 366.4 218.6 487.2 354.2
001070 0.852 276.0 219.7 362.6 323.5
001070 0.807 157.4 224.1 278.4 329.3
001070 0.802 276.1 15.9 408.0 180.5
001070 0.723 226.3 333.6 299.2 401.4
001070 0.703 260.7 11.5 329.1 113.7
001075 0.946 297.8 6.0 400.4 120.1
001105 0.783 1.5 101.8 112.0 256.9
001139 0.731 15.7 97.8 42.6 145.7
001162 0.815 389.8 44.6 429.4 90.0
001249 0.921 4.1 1.0 373.0 454.3
001255 0.985 4.4 33.9 243.5 364.6
001255 0.956 188.2 49.9 500.5 366.6
001302 0.904 1.0 1.0 58.5 221.5
001303 0.830 261.3 3.6 417.5 102.2
001380 0.959 375.1 193.1 486.7 319.5
001391 0.863 361.1 15.1 440.0 111.5
001437 0.978 142.4 52.7 408.6 314.9
001437 0.960 23.1 45.8 166.1 261.3
001452 0.959 279.5 197.2 304.2 240.0
001469 0.985 287.7 261.6 375.0 382.5
001469 0.947 263.3 332.4 326.6 390.6
001471 0.863 20.1 201.4 45.7 239.2
001471 0.732 108.9 166.3 147.0 225.3
001478 0.998 223.7 117.0 416.9 302.3
001540 0.917 209.4 224.0 269.4 293.8
001631 0.966 131.2 17.6 372.2 449.6
001631 0.763 1.0 340.3 76.5 435.7
001631 0.709 288.2 175.6 374.5 393.7
001648 0.968 382.9 24.4 498.5 293.2
001648 0.964 72.4 251.8 182.7 368.7
001648 0.875 360.8 231.4 457.0 309.0
001666 0.963 380.1 164.7 437.5 237.5
001666 0.935 44.1 260.0 154.9 318.3
001666 0.724 234.8 170.0 328.0 247.4
001674 0.885 213.1 198.2 282.1 266.0
001674 0.842 186.4 224.6 218.8 261.2
001674 0.834 163.0 211.0 186.0 263.0
001712 0.909 315.0 81.3 471.6 345.7
001712 0.865 1.0 219.2 82.7 282.4
001715 0.989 316.3 218.1 355.6 281.1
001715 0.965 180.6 203.0 229.1 274.5
001779 0.936 407.4 287.9 489.6 375.5
001779 0.811 416.9 43.7 500.5 372.5
001786 0.765 25.0 53.2 483.8 370.3
001812 0.979 265.3 247.4 358.8 353.9
001829 0.926 115.1 36.3 375.5 436.9
001868 0.745 1.0 101.7 29.6 223.2
001869 0.979 94.7 9.9 450.0 353.8
001879 0.781 320.6 261.6 375.5 484.1
001880 0.996 36.6 52.1 474.6 375.5
001880 0.960 204.1 134.1 437.4 358.0
001905 0.944 6.8 52.1 165.3 284.8
001905 0.762 192.5 136.5 239.4 187.2
001905 0.720 145.0 125.9 187.4 185.4
002026 0.945 361.8 140.7 397.0 193.6
002035 0.991 276.2 52.6 396.1 181.9
002035 0.963 86.1 24.8 197.8 159.5
002035 0.941 16.3 1.0 113.8 136.0
002074 0.984 287.1 150.2 427.8 291.5
002074 0.758 89.2 43.6 166.2 79.4
002081 0.859 33.8 81.4 68.3 217.8
002123 0.983 76.9 248.4 129.2 299.9
002123 0.963 38.6 152.2 72.0 312.5
002123 0.705 48.0 253.3 89.0 309.5
002161 0.990 1.0 181.8 46.2 326.6
002161 0.827 1.0 248.2 33.4 342.2
002297 0.973 262.2 89.7 301.9 132.3
002339 0.996 226.1 126.7 337.2 264.4
002353 0.950 62.5 161.0 165.6 269.1
002381 0.948 198.4 368.9 294.5 471.4
002381 0.901 249.8 306.2 375.5 494.1
002381 0.898 209.0 283.5 331.2 446.9
002381 0.895 246.5 285.0 326.7 373.9
002381 0.834 236.1 10.6 352.7 138.0
002422 0.997 36.6 45.5 295.0 451.0
002426 0.817 462.1 9.6 498.9 48.7
002428 0.745 1.0 1.5 70.4 238.7
002451 0.948 8.7 256.3 171.3 375.5
002451 0.909 177.5 249.6 317.6 372.6
002482 0.981 66.1 357.4 143.7 450.4
002489 0.819 15.9 186.8 154.4 282.5
002510 0.927 49.4 64.4 66.5 85.5
002510 0.894 224.6 164.1 355.2 333.5
002510 0.871 201.2 58.7 238.4 116.4
002510 0.819 137.7 6.5 170.1 123.6
002527 0.999 25.1 52.4 369.2 500.5
002552 0.722 1.0 256.4 46.2 377.3
002557 0.971 413.9 67.2 467.8 174.8
002557 0.969 329.8 167.2 410.8 267.0
002557 0.906 37.2 140.9 104.6 246.3
002557 0.900 41.4 1.0 121.6 67.9
002557 0.792 85.9 191.4 162.2 247.0
002557 0.736 104.9 4.4 264.7 97.7
002575 0.824 173.2 61.3 190.2 83.5
002604 0.903 360.3 2.4 498.8 269.0
002644 0.962 3.3 205.4 126.9 336.2
002656 0.857 218.1 71.3 292.8 151.3
002656 0.702 98.7 79.1 134.0 132.9
002660 0.827 234.0 1.8 494.1 231.5
002708 0.953 249.1 76.6 360.3 182.6
002743 0.873 209.6 2.6 477.5 272.6
002743 0.781 102.7 70.2 243.7 226.5
002743 0.768 364.4 151.2 411.8 219.8
002753 0.904 272.4 216.2 316.0 251.9
002777 0.922 323.2 114.1 470.4 284.4
002792 0.953 285.8 30.5 375.6 127.8
002813 0.925 37.9 140.5 136.2 254.4
002904 0.825 1.0 1.0 36.7 131.6
002925 0.956 436.6 196.7 497.3 357.2
002925 0.913 4.1 146.7 97.7 361.6
002971 0.719 44.7 53.7 181.9 159.3
003014 0.969 384.9 109.4 416.9 134.7
003014 0.845 145.4 118.1 170.0 142.5
003014 0.780 295.4 108.6 326.1 132.2
003014 0.737 209.8 110.9 243.7 140.7
003014 0.715 60.0 132.2 89.6 150.1
003020 0.909 419.3 267.5 453.3 321.2
003020 0.794 388.0 65.0 485.6 343.7
003020 0.788 399.2 263.8 486.8 328.6
003029 0.930 360.9 9.7 489.5 175.3
003060 0.996 44.6 58.4 448.4 306.2
003062 0.994 198.9 14.8 488.8 369.2
003062 0.901 1.0 1.5 244.6 154.0
003062 0.718 76.8 34.0 359.0 341.8
003062 0.701 134.9 169.5 403.7 369.4
003113 0.970 275.8 15.5 473.3 216.1
003113 0.946 392.3 18.4 495.9 195.0
003113 0.924 269.9 31.3 405.3 151.6
003192 0.762 276.7 62.2 500.5 284.7
003192 0.722 9.2 22.6 329.7 289.5
003221 0.966 292.4 270.9 359.8 309.6
003221 0.821 214.5 226.7 237.4 250.4
003221 0.788 218.6 215.3 262.3 251.9
003281 0.903 173.0 273.5 225.3 367.1
003281 0.885 1.0 117.1 24.5 197.6
003281 0.866 15.8 117.5 108.3 203.5
003281 0.771 182.7 343.1 219.5 402.7
003297 0.943 86.1 114.4 264.8 283.0
003323 0.958 416.4 78.0 459.6 141.1
003348 0.759 434.2 158.8 496.4 305.8
003442 0.976 114.5 1.0 156.3 67.7
003442 0.936 414.0 214.6 500.5 327.2
003448 0.963 77.3 91.4 199.7 165.3
003448 0.908 283.2 184.1 340.7 315.1
003448 0.891 163.0 188.1 192.4 225.4
003448 0.847 287.5 176.7 345.6 244.0
003488 0.994 143.3 149.7 210.0 208.8
003544 0.845 305.7 226.0 338.1 288.2
003572 0.988 148.2 172.1 300.6 385.2
003572 0.985 2.1 35.8 232.2 279.3
003582 0.855 431.7 113.2 454.4 170.4
003591 0.993 338.9 38.4 421.2 159.4
003626 0.973 13.7 106.9 304.8 466.1
003626 0.813 75.8 242.9 260.0 477.5
003626 0.719 21.0 119.0 231.5 307.4
003643 0.956 305.3 343.6 347.9 401.4
003643 0.778 71.0 235.5 89.4 266.9
003643 0.745 304.7 280.5 356.4 404.3
003668 0.713 173.7 124.8 228.3 190.7
003676 0.977 136.9 109.2 192.5 257.4
003676 0.799 67.6 83.6 117.4 170.5
003702 0.732 379.6 29.7 396.0 61.7
003755 0.890 145.8 65.7 171.2 98.0
003755 0.847 36.9 133.7 70.6 196.3
003756 0.985 22.4 269.1 274.2 375.4
003756 0.825 76.9 18.3 387.3 397.7
003761 0.936 298.1 144.0 369.7 211.7
003778 0.962 388.5 77.9 500.3 308.8
003778 0.960 57.5 62.4 232.7 250.0
003778 0.767 1.0 31.4 121.2 284.6
003787 0.980 368.5 15.4 500.5 264.3
003787 0.979 186.8 177.0 300.4 276.8
003787 0.978 308.1 59.2 418.7 284.8
003787 0.969 6.7 1.0 200.5 270.7
003787 0.826 1.0 17.3 91.1 184.7
003787 0.763 150.9 33.3 359.0 274.9
003787 0.728 3.0 136.6 44.3 264.1
003870 0.920 3.3 8.7 427.8 369.7
003870 0.840 356.5 1.0 500.5 373.1
003882 0.914 221.3 121.2 333.5 319.4
003882 0.908 6.9 85.7 105.9 236.9
003882 0.892 297.2 128.7 416.5 326.0
003882 0.874 51.7 109.8 207.7 228.3
003882 0.830 366.7 138.4 482.4 285.5
003882 0.724 74.9 91.7 284.5 292.5
003902 0.902 124.5 27.1 274.8 295.5
003934 0.990 149.7 256.1 247.0 375.0
003943 0.927 233.5 135.7 298.2 169.6
003943 0.894 46.8 128.4 146.4 155.6
003981 0.806 426.2 127.8 484.1 216.8
004027 0.962 204.8 26.9 333.3 451.6
004027 0.892 49.6 30.0 283.2 445.1
004027 0.892 85.3 238.9 220.4 451.5
004027 0.884 7.8 212.1 129.8 438.8
004027 0.840 84.6 372.5 141.1 458.7
004027 0.835 23.5 355.2 90.1 424.7
004038 0.954 238.4 96.8 296.8 200.5
004045 0.988 337.9 7.6 441.3 149.6
004081 0.901 80.8 167.7 233.0 372.1
004081 0.763 286.6 88.8 493.7 375.5
004116 0.986 2.0 5.9 113.0 289.9
004116 0.805 68.8 109.2 187.9 285.6
004124 0.997 232.3 28.9 495.9 375.5
004124 0.990 1.0 52.1 277.7 371.8
004124 0.704 28.5 52.8 191.9 201.4
004155 0.743 121.6 11.8 267.2 175.7
004159 0.961 5.1 76.5 195.6 350.9
004211 0.932 71.0 393.1 210.4 500.5
004222 0.981 86.4 162.0 141.6 254.0
004222 0.887 145.9 212.0 178.8 251.2
004252 0.948 205.2 101.1 308.6 180.9
004311 0.970 296.6 120.9 357.2 202.8
004316 0.832 110.7 15.3 155.6 91.7
004363 0.845 24.6 112.9 103.7 198.6
004366 0.799 288.2 159.5 322.1 231.2
004451 0.998 5.1 246.3 206.5 375.5
004451 0.990 34.2 162.7 179.2 268.8
004451 0.930 161.2 218.2 236.5 351.8
004451 0.832 388.3 115.1 406.7 138.1
004478 0.712 333.2 1.0 369.0 57.0
004486 0.992 91.0 92.8 138.0 146.2
004486 0.990 150.7 128.5 226.5 243.5
004486 0.976 213.3 124.5 278.6 240.9
004491 0.799 233.6 39.8 258.1 66.1
004491 0.752 1.0 287.9 33.2 343.8
004559 0.775 386.6 241.9 416.7 296.5
004664 0.843 139.0 79.3 253.5 476.4
004677 0.756 245.7 56.9 282.4 99.7
004688 0.776 484.8 135.6 500.5 182.1
004712 0.969 396.9 24.4 500.5 268.6
004778 0.969 1.4 38.7 179.7 316.1
004780 0.959 41.2 385.4 73.8 428.1
004780 0.922 109.0 393.1 139.7 441.6
004780 0.882 107.8 267.0 129.9 290.1
004780 0.844 91.2 274.2 109.7 293.1
004858 0.806 13.6 7.4 428.2 346.1
004858 0.762 395.8 1.0 500.5 168.7
004860 0.742 192.2 7.6 375.5 138.0
004881 0.936 270.2 163.6 305.4 215.7
004881 0.839 324.8 133.1 374.2 190.4
004881 0.723 385.7 155.1 420.6 216.4
004893 0.957 228.3 5.0 272.6 62.5
004893 0.798 241.0 130.6 297.3 188.6
004941 0.991 101.8 14.0 371.6 417.7
004964 0.839 248.7 144.2 303.0 181.1
005002 0.826 259.1 326.7 334.5 496.1
005088 0.988 121.8 195.0 207.2 302.0
005088 0.963 54.1 202.2 139.3 296.7
005092 0.938 364.3 20.1 447.7 160.9
005092 0.920 269.6 1.0 383.4 173.5
005092 0.746 432.1 4.2 500.5 115.0
005092 0.717 119.1 3.6 404.9 167.1
005092 0.710 325.0 175.9 498.2 330.5
005174 0.848 87.8 14.6 226.0 173.6
005180 0.964 43.3 261.1 85.3 322.4
005180 0.920 88.7 295.3 170.5 403.6
005184 0.978 345.0 171.7 418.6 268.5
005184 0.784 285.9 102.8 374.4 164.9
005196 0.773 175.0 2.3 312.0 111.5
005284 0.928 268.2 1.0 484.2 362.1
005284 0.922 11.4 72.3 200.7 352.9
005284 0.878 102.4 58.0 338.8 371.2
005284 0.708 2.6 86.8 83.1 284.2
005494 0.964 47.3 166.9 135.2 331.2
005525 0.981 336.8 15.4 497.2 314.5
005525 0.951 149.5 10.3 477.7 329.7
005525 0.864 47.7 3.8 286.0 327.6
005556 0.887 1.0 149.9 90.1 293.6
005556 0.712 1.0 20.7 44.2 153.5
005567 0.993 161.1 103.0 331.8 364.7
005567 0.963 1.0 1.0 89.4 144.1
005567 0.958 165.1 17.9 493.2 334.6
005661 0.748 155.8 156.3 200.6 210.5
005703 0.980 1.0 173.1 94.9 325.0
005727 0.783 142.2 232.1 182.8 291.0
005727 0.722 190.2 236.5 226.5 300.1
005804 0.982 1.8 92.7 58.3 178.1
005804 0.956 383.4 13.2 500.5 352.5
005804 0.946 62.4 129.3 82.3 172.9
005804 0.803 129.6 95.8 192.4 166.6
005857 0.978 177.0 147.6 261.2 289.9
005857 0.965 91.2 159.4 165.5 287.0
005866 0.928 346.1 221.4 368.7 246.9
005866 0.902 383.4 178.8 424.2 258.4
005866 0.830 118.1 97.7 265.1 289.7
005866 0.783 478.8 245.9 500.0 286.4
005866 0.718 382.9 235.2 413.5 259.9
005896 0.839 282.7 132.2 334.5 216.9
005922 0.990 73.0 242.7 196.8 362.4
005922 0.883 219.7 250.3 344.2 350.5
005922 0.711 1.0 158.4 82.5 344.3
005937 0.962 358.5 23.3 406.3 116.1
005943 0.977 311.1 6.7 426.2 224.7
005976 0.892 211.3 146.3 300.0 257.6
006022 0.951 5.5 1.0 188.8 362.8
006049 0.873 198.1 169.8 362.1 481.6
006068 0.939 126.6 14.2 185.3 129.6
006068 0.887 203.9 211.2 254.0 302.0
006083 0.988 396.3 74.8 464.6 208.9
006101 0.709 45.6 54.0 148.9 134.4
006115 0.874 1.0 47.1 154.3 271.4
006231 0.816 161.4 229.8 362.9 491.0
006274 0.818 372.6 25.0 415.4 95.2
006297 0.934 205.9 71.2 269.4 142.0
006307 0.794 212.5 21.7 238.4 56.5
006311 0.807 112.6 119.0 190.4 215.7
006311 0.782 133.4 94.5 260.7 243.1
006441 0.912 406.3 224.5 437.1 249.2
006461 0.972 106.4 181.7 139.9 222.4
006461 0.892 134.5 97.7 174.5 118.9
006461 0.726 372.4 209.4 413.3 274.5
006496 0.991 61.7 14.0 375.5 491.8
006496 0.902 36.2 122.1 203.6 423.2
006496 0.709 57.7 154.5 171.8 330.2
006516 0.845 433.0 24.9 463.1 96.9
006644 0.849 371.9 180.2 391.9 215.7
006646 0.881 113.8 259.3 166.4 377.5
006691 0.999 43.4 64.0 263.7 325.4
006691 0.998 285.0 94.0 447.4 299.9
006700 0.977 136.3 98.8 357.2 335.8
006712 0.987 22.0 40.1 318.0 411.8
006795 0.703 40.6 117.9 175.9 256.1
006807 0.997 1.0 12.0 490.0 375.2
006826 0.764 417.6 82.5 458.2 143.1
006843 0.974 395.2 145.0 431.6 190.8
006843 0.963 280.0 184.8 311.0 232.8
006843 0.850 170.3 182.4 188.1 208.1
006843 0.840 131.1 146.2 167.2 183.0
006843 0.809 204.1 188.1 224.7 228.7
006843 0.807 54.6 152.2 77.5 185.5
006843 0.727 254.8 120.3 288.5 164.5
006861 0.940 169.9 144.7 265.4 268.1
006861 0.940 259.6 182.3 320.8 242.0
006902 0.968 307.7 1.0 394.3 121.0
006937 0.993 112.2 132.0 190.8 262.5
007010 0.928 1.0 70.0 106.4 286.7
007051 0.798 250.1 48.7 375.5 335.4
007103 0.790 304.8 393.0 335.8 455.1
007106 0.853 160.4 65.0 275.7 282.8
007110 0.955 193.0 80.9 222.6 118.8
007248 0.980 27.4 133.1 366.3 478.8
007272 0.899 6.9 25.2 490.6 362.5
007319 0.942 77.3 107.4 354.9 433.6
007332 0.980 70.5 121.4 161.4 191.2
007335 0.968 74.6 164.8 135.6 233.7
007335 0.880 1.1 85.1 29.3 120.5
007364 0.973 91.0 84.6 185.0 198.1
007391 0.961 304.0 91.3 383.8 160.2
007391 0.893 1.7 141.7 52.4 323.0
007406 0.931 93.1 305.7 131.4 361.6
007406 0.795 50.0 342.8 91.5 375.5
007473 0.995 42.5 159.7 365.5 446.3
007499 0.990 68.7 21.8 416.7 342.2
007512 0.974 27.7 48.9 376.4 345.6
007512 0.783 181.3 21.9 500.5 358.2
007549 0.995 351.5 1.0 493.2 231.4
007549 0.991 162.9 1.0 360.6 243.2
007643 0.974 6.9 1.7 337.3 430.4
007643 0.870 2.7 1.0 119.8 366.9
007644 0.983 263.6 46.5 354.1 112.4
007644 0.971 5.6 45.6 52.3 86.8
007644 0.950 354.3 132.9 406.9 201.2
007644 0.937 1.3 59.1 69.2 281.7
007644 0.931 68.9 31.3 111.9 195.6
007644 0.928 79.7 160.1 138.5 250.6
007644 0.856 23.3 258.0 161.2 360.5
007644 0.856 304.7 239.9 472.8 352.7
007644 0.808 410.5 236.0 479.5 349.1
007644 0.801 1.6 276.5 50.0 336.3
007644 0.732 62.1 61.1 140.0 244.1
007648 0.926 3.2 106.1 116.2 257.0
007648 0.783 134.6 110.4 229.8 265.7
007722 0.950 86.9 97.0 136.4 141.3
007738 0.940 265.1 1.0 364.2 57.7
007738 0.724 332.9 1.0 375.5 61.6
007747 0.736 255.2 175.8 282.9 236.0
007756 0.872 246.7 213.8 287.8 263.2
007839 0.806 238.2 5.2 288.0 78.7
007866 0.705 261.5 197.8 334.5 434.3
008010 0.959 316.9 91.9 427.0 315.3
008010 0.707 437.0 140.1 494.9 279.8
008039 0.979 113.9 179.3 164.0 271.2
008039 0.930 320.4 225.1 338.5 257.7
008070 0.917 305.0 85.6 375.5 454.1
008071 0.898 1.0 369.5 54.8 491.6
008071 0.778 1.0 1.0 168.8 304.8
008119 0.847 75.3 273.7 190.3 385.7
008155 0.955 331.2 181.9 372.8 225.2
008156 0.985 70.5 115.4 186.0 320.6
008156 0.886 233.4 129.3 265.6 210.1
008162 0.736 281.3 187.0 352.8 230.9
008167 0.859 104.8 153.0 173.2 261.1
008185 0.984 1.0 31.7 326.2 465.0
008196 0.783 385.2 113.7 492.4 234.5
008196 0.722 430.7 146.0 499.7 230.3
008206 0.985 122.1 20.9 293.0 341.8
008238 0.830 41.9 130.2 145.1 207.7
008271 0.926 195.8 121.8 257.7 312.0
008328 0.861 313.2 98.2 371.9 190.0
008347 0.726 179.3 63.6 266.0 237.3
008380 0.936 432.1 52.9 500.2 240.1
008382 0.921 41.5 14.4 131.7 107.8
008389 0.903 439.9 3.7 499.3 91.9
008389 0.846 61.2 7.9 448.3 345.6
008389 0.769 352.2 125.8 478.8 247.8
008440 0.739 291.6 19.9 317.4 53.5
008448 0.771 159.2 299.7 179.0 320.6
008457 0.973 36.5 173.4 101.5 279.0
008457 0.966 37.0 410.5 89.0 484.0
008457 0.965 130.5 298.7 181.5 371.5
008457 0.961 50.5 56.6 162.4 166.1
008457 0.951 32.5 299.4 86.1 373.1
008457 0.941 135.6 230.0 183.3 276.7
008458 0.896 340.7 13.5 442.9 141.9
008471 0.896 319.1 8.8 380.0 88.9
008471 0.786 380.5 124.7 401.7 159.3
008547 0.958 327.9 170.7 436.3 296.7
008547 0.953 236.4 54.6 367.4 288.9
008547 0.791 145.4 46.7 263.0 297.5
008547 0.772 3.9 5.5 217.7 276.4
008570 0.996 1.0 102.6 329.4 497.2
008599 0.866 62.9 90.9 102.3 140.3
008599 0.744 2.0 8.6 53.9 217.1
008600 0.960 118.8 1.0 219.7 125.9
008626 0.983 441.0 115.6 500.5 324.4
008661 0.908 165.1 168.0 195.5 210.9
008661 0.824 170.7 176.3 206.1 197.8
008661 0.808 285.9 160.2 319.8 230.8
008661 0.730 6.4 160.6 44.8 221.0
008735 0.980 151.9 231.6 184.4 267.1
008751 0.776 256.8 201.6 308.0 273.8
008754 0.904 233.5 232.3 272.5 312.1
008754 0.860 258.6 154.9 360.8 321.5
008754 0.853 227.5 154.9 292.4 316.0
008754 0.839 95.7 162.6 144.4 210.1
008762 0.861 31.9 184.4 90.5 291.2
008821 0.810 229.6 197.9 309.9 268.6
008821 0.795 172.5 35.1 258.0 266.4
008846 0.963 449.8 1.0 500.5 162.6
008850 0.966 279.5 3.4 406.2 140.3
008850 0.897 167.9 10.8 303.6 207.3
008850 0.885 74.1 18.0 317.8 317.1
008850 0.739 74.3 138.9 235.7 326.8
008904 0.931 201.8 139.6 333.5 420.4
008904 0.917 29.4 65.0 325.9 471.8
008937 0.973 40.1 60.7 285.6 329.6
008937 0.971 359.6 11.5 500.5 322.1
008937 0.879 1.0 124.9 80.6 334.5
008937 0.833 1.7 15.6 150.4 334.5
008947 0.948 264.2 144.7 344.9 273.6
009090 0.904 296.8 175.5 362.8 247.4
009090 0.898 165.0 174.2 237.2 257.6
009115 0.840 438.6 132.1 500.5 314.4
009164 0.827 291.4 283.2 374.3 436.5
009172 0.971 388.7 166.2 498.5 359.5
009172 0.937 282.5 89.3 424.8 244.4
009172 0.916 150.2 125.8 312.9 278.0
009172 0.889 26.0 20.1 180.4 265.0
009172 0.874 232.9 143.1 308.1 288.0
009172 0.827 1.0 185.8 39.5 288.7
009172 0.773 301.1 225.8 376.9 319.5
009172 0.716 36.5 160.1 187.6 269.6
009261 0.775 80.5 213.4 197.4 358.9
009304 0.835 167.1 267.1 282.6 375.5
009310 0.763 265.5 5.3 376.0 115.6
009313 0.879 1.0 354.7 46.1 431.4
009367 0.990 339.2 155.3 386.7 219.4
009379 0.870 463.7 177.4 500.0 241.8
009416 0.851 8.1 27.3 500.5 362.3
009462 0.994 105.3 278.3 262.2 470.5
009482 0.755 63.7 1.2 145.1 79.4
009514 0.942 236.4 68.1 321.2 161.8
009514 0.936 3.9 31.1 98.1 258.0
009514 0.872 94.3 77.9 121.3 115.3
009581 0.972 23.9 26.3 166.5 253.3
009581 0.934 319.9 126.0 492.6 274.4
009581 0.871 164.8 130.1 329.1 256.3
009582 0.718 344.6 16.1 484.4 293.9
009606 0.987 84.2 220.6 147.9 281.0
009606 0.921 172.2 303.4 237.7 346.6
009606 0.808 1.0 316.5 43.1 448.3
009606 0.742 96.0 232.1 129.5 272.7
009630 0.980 290.8 94.1 335.3 137.7
009630 0.968 368.4 87.9 417.6 147.2
009630 0.794 315.7 97.5 371.0 139.9
009741 0.890 102.5 213.6 138.8 259.1
009741 0.708 36.4 211.9 77.2 265.6
009750 0.983 207.7 303.1 269.3 373.0
009750 0.973 11.6 186.1 54.2 340.0
009750 0.969 127.5 207.1 179.0 353.3
009750 0.807 328.8 186.2 403.8 363.8
009750 0.764 194.7 218.4 271.9 371.5
009766 0.917 395.0 40.9 455.7 122.0
009766 0.786 336.1 1.8 369.6 42.7
009782 0.765 450.4 56.7 486.6 97.6
009787 0.988 2.2 51.2 138.3 325.5
009854 0.873 440.2 42.9 497.2 136.6
009916 0.899 259.9 117.3 310.7 171.5
009916 0.899 433.4 153.0 498.6 258.2
009925 0.985 109.1 27.2 488.8 290.8
009928 0.988 119.1 63.1 313.3 494.0
