32 54.0 187.0 212.0 124.0 998.000
86 11.0 29.0 421.0 252.0 999.000
86 1.0 46.0 62.0 155.0 986.000
87 42.0 139.0 113.0 139.0 998.000
87 172.0 155.0 122.0 132.0 983.000
87 1.0 209.0 78.0 73.0 980.000
87 289.0 217.0 31.0 56.0 970.000
189 227.0 150.0 36.0 27.0 995.000
231 1.0 10.0 452.0 316.0 999.000
237 113.0 132.0 243.0 195.0 975.000
244 213.0 153.0 129.0 103.0 999.000
244 1.0 100.0 23.0 65.0 981.000
293 162.0 206.0 191.0 137.0 999.000
293 235.0 286.0 57.0 48.0 947.000
305 117.0 293.0 18.0 19.0 993.000
305 72.0 287.0 34.0 27.0 973.000
305 88.0 290.0 24.0 24.0 817.000
321 48.0 115.0 271.0 202.0 998.000
399 181.0 92.0 127.0 181.0 999.000
405 160.0 164.0 72.0 64.0 998.000
405 232.0 177.0 98.0 73.0 997.000
405 279.0 158.0 83.0 77.0 996.000
405 342.0 114.0 40.0 33.0 990.000
405 267.0 113.0 41.0 36.0 849.000
405 293.0 113.0 18.0 22.0 795.000
405 231.0 106.0 18.0 17.0 722.000
441 272.0 170.0 33.0 32.0 793.000
445 1.0 91.0 356.0 234.0 999.000
462 309.0 113.0 147.0 221.0 999.000
462 34.0 109.0 173.0 235.0 998.000
499 138.0 201.0 85.0 98.0 999.000
499 360.0 200.0 77.0 76.0 998.000
499 430.0 196.0 70.0 69.0 994.000
506 196.0 141.0 116.0 89.0 749.000
508 93.0 229.0 23.0 48.0 972.000
524 8.0 104.0 126.0 115.0 851.000
638 294.0 61.0 50.0 71.0 989.000
638 45.0 31.0 436.0 338.0 980.000
638 442.0 2.0 57.0 137.0 842.000
674 65.0 67.0 317.0 304.0 999.000
714 273.0 73.0 228.0 240.0 933.000
714 1.0 110.0 339.0 209.0 916.000
714 33.0 17.0 197.0 125.0 894.000
714 1.0 74.0 182.0 188.0 867.000
714 214.0 75.0 186.0 121.0 828.000
745 192.0 89.0 248.0 185.0 999.000
745 42.0 199.0 158.0 141.0 999.000
745 15.0 1.0 50.0 80.0 998.000
745 111.0 175.0 111.0 87.0 993.000
819 135.0 185.0 94.0 77.0 994.000
827 2.0 99.0 108.0 266.0 806.000
829 159.0 104.0 156.0 135.0 999.000
929 183.0 145.0 212.0 126.0 953.000
935 188.0 57.0 312.0 298.0 999.000
935 76.0 115.0 157.0 199.0 998.000
1002 225.0 107.0 182.0 206.0 776.000
1030 244.0 98.0 148.0 207.0 999.000
1030 2.0 192.0 173.0 124.0 998.000
1030 225.0 51.0 67.0 92.0 997.000
1076 162.0 87.0 82.0 148.0 936.000
1084 84.0 241.0 117.0 157.0 999.000
1084 217.0 259.0 95.0 149.0 998.000
1084 301.0 268.0 74.0 95.0 995.000
1084 206.0 250.0 105.0 69.0 972.000
1173 237.0 115.0 123.0 92.0 998.000
1173 178.0 114.0 74.0 84.0 996.000
1173 147.0 94.0 19.0 18.0 934.000
1173 210.0 100.0 42.0 34.0 923.000
1173 431.0 89.0 18.0 24.0 883.000
1173 225.0 96.0 34.0 26.0 780.000
1321 117.0 299.0 29.0 28.0 879.000
1393 108.0 260.0 261.0 228.0 976.000
1393 77.0 105.0 290.0 211.0 962.000
1393 57.0 64.0 302.0 139.0 820.000
1436 381.0 276.0 39.0 25.0 947.000
1436 175.0 262.0 18.0 18.0 936.000
1436 372.0 278.0 17.0 16.0 839.000
1505 326.0 214.0 174.0 157.0 997.000
1505 11.0 134.0 259.0 206.0 997.000
1505 205.0 174.0 205.0 184.0 990.000
1519 141.0 164.0 113.0 69.0 990.000
1519 462.0 98.0 32.0 16.0 979.000
1519 306.0 89.0 27.0 18.0 945.000
1519 139.0 146.0 109.0 54.0 894.000
1527 101.0 44.0 329.0 274.0 998.000
1537 189.0 88.0 201.0 261.0 999.000
1537 399.0 140.0 40.0 22.0 985.000
1537 371.0 140.0 28.0 23.0 882.000
1564 5.0 71.0 294.0 255.0 985.000
1564 216.0 59.0 281.0 262.0 973.000
1580 118.0 89.0 167.0 355.0 998.000
1580 4.0 53.0 105.0 215.0 997.000
1580 100.0 41.0 172.0 153.0 927.000
1608 114.0 113.0 286.0 207.0 992.000
1646 198.0 107.0 185.0 137.0 999.000
1671 70.0 201.0 35.0 45.0 998.000
1671 297.0 207.0 33.0 33.0 997.000
1671 189.0 201.0 35.0 36.0 997.000
1671 385.0 213.0 36.0 38.0 807.000
1716 3.0 106.0 229.0 217.0 994.000
1716 237.0 74.0 256.0 253.0 977.000
1716 143.0 52.0 85.0 80.0 961.000
1716 302.0 53.0 132.0 84.0 898.000
1716 18.0 94.0 140.0 62.0 831.000
1716 74.0 118.0 316.0 201.0 775.000
1716 4.0 67.0 134.0 41.0 767.000
1788 123.0 216.0 111.0 136.0 990.000
1788 377.0 195.0 74.0 144.0 990.000
1788 243.0 204.0 88.0 128.0 983.000
1788 311.0 188.0 79.0 147.0 967.000
1788 447.0 200.0 53.0 134.0 772.000
1941 99.0 162.0 139.0 93.0 997.000
1941 413.0 126.0 88.0 83.0 996.000
1941 279.0 123.0 121.0 92.0 994.000
1941 191.0 145.0 96.0 80.0 992.000
1941 432.0 94.0 64.0 45.0 988.000
1941 267.0 100.0 57.0 44.0 984.000
1941 333.0 109.0 74.0 64.0 976.000
1941 154.0 151.0 92.0 75.0 801.000
1962 264.0 176.0 198.0 180.0 988.000
2020 311.0 198.0 73.0 44.0 998.000
2151 159.0 336.0 141.0 138.0 971.000
2164 427.0 268.0 67.0 56.0 976.000
2164 291.0 291.0 75.0 55.0 953.000
2171 348.0 143.0 48.0 62.0 905.000
2171 110.0 164.0 65.0 60.0 804.000
2283 153.0 66.0 320.0 281.0 992.000
2283 2.0 36.0 171.0 291.0 980.000
2296 31.0 133.0 261.0 200.0 986.000
2296 95.0 40.0 391.0 292.0 984.000
2296 243.0 12.0 177.0 284.0 950.000
2296 263.0 11.0 227.0 91.0 933.000
2301 334.0 126.0 92.0 58.0 998.000
2301 139.0 179.0 100.0 75.0 995.000
2314 241.0 174.0 218.0 148.0 946.000
2314 33.0 151.0 425.0 191.0 926.000
2316 163.0 186.0 63.0 92.0 971.000
2328 144.0 183.0 73.0 53.0 999.000
2328 236.0 189.0 81.0 46.0 988.000
2385 42.0 100.0 165.0 188.0 999.000
2411 97.0 266.0 158.0 179.0 997.000
2411 77.0 233.0 100.0 128.0 988.000
2411 302.0 250.0 32.0 85.0 979.000
2411 131.0 126.0 25.0 29.0 975.000
2411 240.0 146.0 26.0 30.0 961.000
2411 173.0 253.0 59.0 79.0 939.000
2411 310.0 209.0 25.0 39.0 922.000
2411 7.0 256.0 60.0 51.0 884.000
2411 39.0 263.0 38.0 58.0 865.000
2411 188.0 60.0 21.0 17.0 826.000
2411 212.0 122.0 31.0 24.0 812.000
2411 60.0 127.0 55.0 31.0 719.000
2422 95.0 195.0 173.0 107.0 996.000
2422 276.0 224.0 79.0 47.0 949.000
2422 80.0 223.0 50.0 52.0 890.000
2474 58.0 98.0 415.0 248.0 823.000
2482 203.0 158.0 93.0 74.0 999.000
2562 164.0 34.0 37.0 29.0 993.000
2562 164.0 27.0 20.0 26.0 736.000
2567 376.0 76.0 48.0 37.0 997.000
2567 201.0 126.0 61.0 49.0 996.000
2567 1.0 131.0 47.0 55.0 996.000
2567 99.0 132.0 85.0 65.0 996.000
2567 212.0 132.0 94.0 80.0 994.000
2567 260.0 121.0 46.0 36.0 700.000
2578 80.0 57.0 92.0 56.0 999.000
2578 267.0 158.0 113.0 99.0 998.000
2578 163.0 87.0 60.0 47.0 996.000
2659 74.0 176.0 147.0 132.0 999.000
2659 338.0 206.0 126.0 165.0 997.000
2659 156.0 164.0 74.0 93.0 890.000
2776 263.0 347.0 36.0 22.0 739.000
2781 113.0 136.0 103.0 128.0 999.000
2781 191.0 172.0 39.0 77.0 925.000
2781 180.0 124.0 54.0 57.0 850.000
2883 1.0 31.0 473.0 469.0 995.000
2924 91.0 256.0 112.0 107.0 999.000
2936 205.0 75.0 123.0 138.0 998.000
2936 269.0 147.0 88.0 69.0 997.000
2937 36.0 155.0 108.0 113.0 999.000
2937 316.0 164.0 134.0 112.0 999.000
2937 1.0 158.0 45.0 71.0 987.000
3090 5.0 314.0 88.0 166.0 993.000
3090 229.0 205.0 105.0 116.0 989.000
3090 161.0 298.0 105.0 156.0 985.000
3090 71.0 260.0 104.0 202.0 938.000
3090 202.0 261.0 95.0 112.0 917.000
3090 35.0 199.0 185.0 65.0 902.000
3090 8.0 239.0 101.0 169.0 772.000
3211 200.0 181.0 19.0 23.0 823.000
3218 299.0 32.0 57.0 80.0 998.000
3218 173.0 27.0 49.0 88.0 997.000
3254 250.0 153.0 129.0 170.0 992.000
3254 173.0 152.0 87.0 173.0 920.000
3356 184.0 232.0 82.0 93.0 728.000
3381 123.0 93.0 138.0 130.0 988.000
3381 34.0 96.0 125.0 134.0 969.000
3381 210.0 123.0 212.0 123.0 914.000
3390 108.0 18.0 391.0 309.0 992.000
3392 28.0 196.0 34.0 32.0 955.000
3392 206.0 209.0 41.0 24.0 838.000
3392 102.0 210.0 16.0 22.0 825.000
3483 83.0 148.0 309.0 210.0 948.000
3502 152.0 115.0 161.0 106.0 999.000
3505 260.0 223.0 72.0 69.0 793.000
3560 250.0 119.0 138.0 174.0 993.000
3560 2.0 72.0 128.0 172.0 877.000
3560 114.0 89.0 155.0 200.0 833.000
3594 83.0 20.0 268.0 287.0 827.000
3658 259.0 221.0 42.0 37.0 972.000
3671 110.0 17.0 288.0 356.0 999.000
3688 152.0 94.0 180.0 143.0 994.000
3688 343.0 109.0 155.0 116.0 982.000
3691 159.0 264.0 112.0 166.0 997.000
3699 166.0 107.0 124.0 219.0 999.000
3699 165.0 33.0 51.0 99.0 997.000
3699 1.0 3.0 19.0 22.0 900.000
3735 1.0 22.0 282.0 353.0 999.000
3735 204.0 154.0 220.0 218.0 998.000
3768 224.0 77.0 69.0 106.0 998.000
3768 64.0 78.0 134.0 97.0 998.000
3768 186.0 68.0 55.0 104.0 995.000
3768 324.0 91.0 114.0 93.0 989.000
3825 79.0 127.0 127.0 82.0 965.000
3825 10.0 187.0 234.0 178.0 926.000
3917 131.0 182.0 173.0 134.0 999.000
3917 275.0 196.0 199.0 153.0 999.000
3917 22.0 139.0 75.0 97.0 996.000
3917 338.0 135.0 78.0 59.0 996.000
3917 62.0 136.0 48.0 81.0 992.000
3917 273.0 130.0 65.0 59.0 986.000
3986 291.0 176.0 68.0 65.0 925.000
4012 130.0 87.0 105.0 51.0 896.000
4067 5.0 96.0 183.0 215.0 997.000
4067 291.0 49.0 166.0 207.0 993.000
4067 182.0 77.0 135.0 203.0 989.000
4067 72.0 169.0 111.0 154.0 785.000
4068 225.0 174.0 141.0 149.0 999.000
4068 386.0 147.0 114.0 175.0 987.000
4068 404.0 39.0 67.0 110.0 756.000
4081 250.0 128.0 106.0 129.0 885.000
4081 173.0 196.0 161.0 193.0 792.000
4136 102.0 6.0 262.0 283.0 996.000
4137 158.0 81.0 125.0 104.0 990.000
4141 18.0 114.0 312.0 373.0 995.000
4142 342.0 202.0 72.0 65.0 999.000
4142 67.0 101.0 53.0 56.0 995.000
4142 195.0 125.0 41.0 42.0 989.000
4142 265.0 144.0 24.0 28.0 868.000
4186 360.0 184.0 140.0 160.0 742.000
4278 141.0 132.0 115.0 149.0 997.000
4278 318.0 133.0 161.0 181.0 971.000
4278 120.0 145.0 73.0 133.0 806.000
4332 65.0 66.0 318.0 259.0 999.000
4446 26.0 161.0 255.0 173.0 999.000
4446 340.0 192.0 60.0 48.0 997.000
4446 282.0 181.0 36.0 57.0 918.000
4446 255.0 169.0 34.0 59.0 828.000
4479 29.0 125.0 303.0 249.0 987.000
4500 225.0 147.0 32.0 38.0 994.000
4500 132.0 97.0 17.0 18.0 985.000
4572 148.0 142.0 57.0 49.0 996.000
4572 294.0 134.0 39.0 52.0 994.000
4572 392.0 136.0 44.0 66.0 991.000
4572 105.0 138.0 52.0 51.0 979.000
4572 362.0 132.0 31.0 58.0 976.000
4572 80.0 165.0 38.0 36.0 963.000
4572 218.0 107.0 25.0 23.0 958.000
4572 235.0 110.0 24.0 19.0 957.000
4572 340.0 136.0 26.0 44.0 953.000
4572 104.0 138.0 23.0 43.0 748.000
4644 270.0 213.0 174.0 160.0 992.000
4644 429.0 327.0 71.0 48.0 977.000
4644 270.0 213.0 151.0 73.0 877.000
4644 439.0 257.0 41.0 29.0 734.000
4706 175.0 158.0 232.0 210.0 998.000
4706 410.0 63.0 58.0 30.0 991.000
4706 142.0 105.0 207.0 193.0 988.000
4706 122.0 51.0 69.0 45.0 952.000
4706 2.0 54.0 39.0 114.0 861.000
4706 362.0 52.0 24.0 17.0 849.000
4706 468.0 53.0 31.0 19.0 796.000
4757 90.0 166.0 135.0 132.0 998.000
4757 91.0 222.0 47.0 63.0 758.000
4880 319.0 229.0 29.0 22.0 986.000
4880 66.0 205.0 25.0 17.0 929.000
4880 17.0 202.0 25.0 16.0 828.000
4880 246.0 184.0 21.0 22.0 749.000
4901 351.0 167.0 149.0 200.0 990.000
4901 311.0 109.0 73.0 118.0 989.000
4901 177.0 108.0 101.0 141.0 895.000
4901 195.0 101.0 67.0 40.0 888.000
4901 61.0 123.0 191.0 247.0 795.000
