000062 0.999 53.8 186.5 266.5 311.4
000175 0.999 10.9 29.1 432.1 280.9
000175 0.987 1.0 46.2 62.6 201.2
000176 0.998 42.3 139.0 154.7 278.2
000176 0.984 171.8 155.1 294.2 287.0
000176 0.980 1.0 208.8 78.7 282.1
000176 0.971 289.2 217.0 319.5 272.6
000376 0.995 227.0 149.9 262.9 177.0
000451 1.000 1.0 10.3 453.3 326.1
000458 0.975 112.6 131.9 356.3 326.9
000475 1.000 212.8 152.8 341.8 256.3
000475 0.981 1.0 100.2 24.4 164.6
000574 1.000 161.6 206.3 352.7 343.3
000574 0.947 234.8 285.7 292.1 334.3
000596 0.994 117.5 292.9 135.0 312.2
000596 0.974 72.0 287.1 105.6 314.2
000596 0.817 88.1 290.0 111.9 313.7
000627 0.999 48.4 115.0 319.1 317.0
000779 0.999 181.4 91.7 307.5 272.7
000789 0.998 160.4 163.7 232.3 228.1
000789 0.998 231.8 177.3 329.7 249.9
000789 0.996 279.0 158.2 362.0 235.4
000789 0.991 341.9 114.1 382.0 146.9
000789 0.849 267.3 113.2 307.9 148.7
000789 0.795 292.6 113.3 310.7 135.2
000789 0.723 230.9 106.0 249.5 122.9
000875 0.793 272.5 170.2 305.3 202.4
000884 0.999 1.0 91.3 357.0 325.0
000925 0.999 309.4 113.1 456.5 334.5
000925 0.998 34.3 108.6 207.4 344.0
000992 0.999 137.8 200.7 222.9 299.1
000992 0.999 359.9 200.2 437.2 276.4
000992 0.994 429.7 196.3 500.5 265.0
001006 0.750 196.2 141.1 311.6 230.3
001013 0.973 92.6 228.9 116.0 276.8
001037 0.851 8.0 104.0 134.1 218.8
001271 0.989 294.1 60.8 344.0 132.0
001271 0.981 45.3 31.3 481.4 368.8
001271 0.842 442.4 1.9 499.4 139.2
001344 1.000 64.6 67.4 382.3 371.1
001416 0.933 273.0 73.3 500.5 312.5
001416 0.916 1.0 109.6 340.5 319.1
001416 0.894 33.0 16.8 229.6 141.9
001416 0.867 1.0 73.6 183.4 262.0
001416 0.828 214.4 74.8 399.6 195.9
001477 0.999 191.7 88.7 439.8 274.1
001477 0.999 42.2 199.3 199.6 339.9
001477 0.999 14.9 1.4 64.6 81.1
001477 0.993 110.7 175.4 222.2 261.6
001625 0.994 135.1 185.0 229.0 261.8
001641 0.807 1.9 99.3 110.2 364.9
001645 1.000 159.5 103.6 314.8 239.2
001839 0.954 183.3 145.2 394.5 271.3
001852 0.999 187.6 57.3 500.5 355.1
001852 0.998 76.2 114.8 232.5 314.2
001984 0.777 224.9 107.1 406.6 313.1
002033 1.000 243.8 98.5 392.1 304.7
002033 0.999 1.8 192.2 175.0 316.2
002033 0.998 224.5 50.8 291.8 142.6
002121 0.937 161.6 86.9 244.0 235.4
002137 0.999 83.7 241.0 200.6 397.8
002137 0.998 216.8 259.2 312.0 408.5
002137 0.996 301.1 268.2 375.5 362.9
002137 0.972 205.9 250.0 311.2 318.8
002338 0.998 236.5 115.2 359.7 207.2
002338 0.996 178.4 114.2 252.4 197.9
002338 0.935 147.5 94.4 166.0 112.4
002338 0.924 209.7 100.4 252.0 134.1
002338 0.883 430.5 89.5 448.5 113.0
002338 0.781 224.6 95.5 258.8 122.3
002651 0.880 117.0 298.8 146.2 327.3
002802 0.977 108.1 259.6 369.4 488.1
002802 0.962 76.7 105.2 367.0 316.2
002802 0.820 56.8 64.2 359.5 202.7
002882 0.948 381.3 276.3 420.3 301.2
002882 0.937 175.4 262.0 193.5 279.7
002882 0.839 371.7 277.9 388.7 294.5
003025 0.998 326.4 213.6 500.2 371.2
003025 0.997 10.6 134.1 269.8 340.3
003025 0.991 205.4 174.0 410.3 358.0
003050 0.991 140.7 164.3 254.4 232.8
003050 0.980 461.6 98.3 494.5 114.3
003050 0.945 306.5 89.0 333.3 107.2
003050 0.895 138.9 145.7 247.8 199.6
003069 0.998 100.8 43.9 430.2 317.7
003087 1.000 188.7 88.4 389.7 348.7
003087 0.986 399.1 139.7 439.2 162.3
003087 0.882 370.8 139.8 398.5 163.0
003152 0.985 5.1 71.2 298.6 326.4
003152 0.973 216.1 58.7 496.9 320.9
003190 0.999 117.5 88.7 285.0 443.9
003190 0.997 3.8 53.3 108.9 267.7
003190 0.928 99.6 41.3 271.6 194.4
003241 0.993 114.2 112.9 400.0 320.1
003318 1.000 197.7 107.3 382.6 244.5
003366 0.998 70.3 201.4 104.9 246.5
003366 0.997 296.6 206.9 330.0 239.6
003366 0.997 189.4 201.1 223.9 237.4
003366 0.807 384.6 212.8 421.4 251.4
003471 0.995 3.1 106.1 232.0 323.2
003471 0.978 237.3 73.7 492.8 326.6
003471 0.962 143.2 51.9 227.6 131.5
003471 0.899 301.6 53.3 433.9 137.0
003471 0.831 18.3 94.3 157.9 156.1
003471 0.776 73.5 117.9 389.6 318.9
003471 0.767 4.3 67.2 137.7 107.6
003595 0.991 123.2 215.8 233.8 352.2
003595 0.991 377.3 194.9 450.8 339.5
003595 0.984 242.8 204.1 330.8 332.0
003595 0.967 311.2 187.7 390.0 335.2
003595 0.773 447.1 200.3 500.0 334.3
003914 0.997 98.7 161.7 238.0 254.6
003914 0.996 413.3 126.0 500.6 209.1
003914 0.994 278.5 122.9 400.4 215.0
003914 0.993 191.0 145.2 287.3 224.5
003914 0.988 432.5 94.5 496.1 139.0
003914 0.984 267.2 99.5 324.0 144.1
003914 0.976 333.2 108.8 406.6 173.3
003914 0.802 154.0 151.3 245.9 225.9
003955 0.988 263.7 176.2 461.5 356.2
004072 0.999 310.9 198.1 384.3 241.6
004332 0.972 158.9 336.2 300.0 474.2
004357 0.977 426.8 267.7 494.2 324.3
004357 0.953 290.9 290.9 366.2 346.5
004375 0.905 347.9 142.6 395.7 205.5
004375 0.805 110.2 164.2 174.6 223.7
004582 0.993 152.8 66.1 473.3 347.1
004582 0.980 1.8 36.3 173.3 326.7
004610 0.987 30.9 133.3 292.0 332.8
004610 0.984 94.8 39.7 485.9 331.9
004610 0.950 243.4 12.4 419.7 296.3
004610 0.934 263.2 10.9 489.6 102.3
004617 0.998 334.1 126.1 425.8 184.1
004617 0.995 139.2 178.6 239.4 254.2
004642 0.947 240.6 173.7 459.1 322.1
004642 0.927 33.2 150.8 457.8 341.6
004646 0.971 163.3 186.4 226.2 277.8
004669 0.999 144.1 183.2 217.5 236.3
004669 0.988 236.4 189.4 316.5 235.5
004774 0.999 42.0 99.9 206.6 288.2
004827 0.997 97.0 265.8 254.9 445.1
004827 0.988 76.7 233.3 177.3 361.4
004827 0.979 302.1 250.3 334.2 335.0
004827 0.975 131.2 126.2 156.5 155.3
004827 0.962 239.9 146.4 265.8 176.2
004827 0.939 172.9 253.0 232.2 331.9
004827 0.922 309.5 209.1 334.5 248.1
004827 0.884 7.3 256.0 67.0 307.2
004827 0.865 38.5 263.0 76.9 321.0
004827 0.826 187.8 59.8 208.6 76.8
004827 0.813 212.5 121.9 242.7 145.9
004827 0.719 60.4 127.4 114.8 157.8
004854 0.997 94.7 194.5 268.4 301.9
004854 0.950 276.4 223.8 354.7 271.5
004854 0.891 80.3 223.1 129.9 275.1
004945 0.824 58.3 98.5 473.2 346.4
004969 0.999 203.3 157.8 295.9 232.4
005137 0.993 163.9 34.1 201.3 62.8
005137 0.736 164.3 27.1 184.1 52.9
005147 0.997 376.1 75.7 424.2 113.0
005147 0.997 201.1 126.3 261.9 174.8
005147 0.996 1.0 130.7 48.4 186.3
005147 0.996 99.5 131.8 184.4 196.7
005147 0.995 212.4 131.6 306.2 211.6
005147 0.700 260.4 121.3 305.8 156.9
005164 0.999 79.9 56.9 171.5 113.2
005164 0.999 267.1 157.6 380.3 257.0
005164 0.996 162.5 86.9 223.4 133.7
005324 0.999 73.6 176.1 221.4 307.6
005324 0.998 338.3 206.3 463.6 370.8
005324 0.891 156.3 163.7 229.9 256.8
005569 0.739 262.8 346.9 299.0 368.8
005578 0.999 113.4 136.5 216.2 264.4
005578 0.926 191.3 172.4 230.3 249.4
005578 0.850 179.8 124.0 234.5 180.6
005795 0.995 1.0 30.5 474.1 500.3
005886 0.999 90.8 255.8 203.2 362.5
005915 0.999 204.9 75.2 328.2 213.3
005915 0.998 268.7 146.7 356.6 216.0
005916 1.000 36.0 154.6 144.0 268.2
005916 0.999 316.4 164.0 450.3 275.9
005916 0.987 1.0 158.4 45.7 228.9
006217 0.994 5.5 314.4 93.5 480.4
006217 0.990 229.4 205.1 333.5 321.0
006217 0.986 160.8 297.9 265.8 454.3
006217 0.938 71.2 260.1 175.4 462.1
006217 0.917 201.6 261.2 296.9 372.9
006217 0.902 35.3 198.7 219.6 264.2
006217 0.773 8.5 238.9 109.1 407.7
006478 0.823 200.4 181.3 218.9 204.4
006491 0.999 299.0 31.9 356.5 111.7
006491 0.998 173.2 27.3 221.9 114.8
006557 0.992 250.3 152.6 378.7 322.6
006557 0.920 173.4 151.9 260.1 324.6
006767 0.729 184.2 231.8 266.3 325.3
006815 0.989 123.1 92.8 261.4 223.2
006815 0.969 34.2 96.4 158.8 229.7
006815 0.914 209.5 122.7 421.7 245.8
006832 0.993 108.1 18.3 498.5 326.7
006837 0.956 28.2 195.9 62.1 227.7
006837 0.839 205.8 209.3 246.7 232.6
006837 0.825 101.9 210.1 118.3 232.3
007028 0.949 83.3 147.6 392.3 357.7
007076 1.000 152.2 115.5 312.5 220.6
007083 0.794 259.7 222.8 332.4 292.0
007198 0.994 249.8 119.3 387.8 293.4
007198 0.878 2.2 71.6 129.7 243.9
007198 0.833 114.4 89.1 268.9 288.7
007265 0.828 82.9 19.5 350.8 307.1
007380 0.973 258.8 220.9 301.3 258.2
007402 1.000 109.6 17.2 398.0 373.3
007440 0.995 151.8 94.3 331.6 237.3
007440 0.983 343.4 109.1 498.4 224.7
007444 0.998 158.9 263.7 270.9 430.1
007462 0.999 165.6 106.8 289.6 325.5
007462 0.997 164.6 32.7 216.5 131.8
007462 0.900 1.0 3.2 20.1 24.6
007534 0.999 1.0 22.1 282.7 375.3
007534 0.999 203.7 153.8 423.5 371.9
007596 0.998 223.6 76.9 293.4 182.5
007596 0.998 64.2 77.7 197.7 175.0
007596 0.995 186.3 67.6 240.8 172.3
007596 0.989 323.6 91.0 437.9 184.1
007716 0.965 79.4 127.3 206.4 209.0
007716 0.926 10.0 187.4 243.6 365.3
007894 1.000 131.2 182.5 304.1 316.2
007894 0.999 274.9 196.2 474.0 348.6
007894 0.997 22.3 138.6 96.7 235.9
007894 0.996 337.5 134.8 415.9 193.8
007894 0.992 62.3 136.4 109.5 216.5
007894 0.986 272.8 130.5 338.3 188.9
008028 0.926 290.7 176.5 359.4 241.4
008081 0.896 130.1 87.3 235.1 137.7
008187 0.997 5.1 95.5 188.2 311.2
008187 0.993 290.7 49.0 457.2 255.7
008187 0.989 182.1 77.2 317.3 279.7
008187 0.785 72.4 168.7 183.2 322.8
008192 0.999 225.0 174.5 365.9 322.9
008192 0.988 386.4 146.5 500.5 322.2
008192 0.757 403.5 38.6 471.0 149.3
008215 0.886 250.4 128.3 356.0 257.2
008215 0.792 172.8 195.6 333.9 388.7
008333 0.997 102.1 5.8 364.3 288.9
008334 0.991 158.0 80.9 282.5 184.6
008343 0.995 17.7 114.3 329.6 486.8
008344 0.999 342.2 201.9 413.8 267.1
008344 0.996 66.7 101.2 119.8 157.0
008344 0.989 194.5 125.2 235.8 167.4
008344 0.869 264.7 143.5 289.2 171.8
008418 0.743 360.0 183.6 500.5 344.4
008598 0.998 140.7 131.9 256.2 280.6
008598 0.972 317.8 133.1 478.5 313.8
008598 0.806 119.8 145.0 193.4 278.2
008685 1.000 64.7 65.9 383.5 325.5
008912 0.999 26.2 161.4 281.4 333.9
008912 0.998 339.9 192.2 399.7 239.7
008912 0.919 281.6 181.3 317.7 237.8
008912 0.829 255.0 169.4 289.2 228.3
008992 0.988 29.4 125.1 332.2 374.3
009031 0.995 224.6 146.9 256.6 184.9
009031 0.985 131.6 97.4 148.9 114.8
009169 0.997 148.3 142.1 204.7 191.0
009169 0.994 294.0 134.3 332.6 185.7
009169 0.992 391.7 135.8 436.5 202.3
009169 0.979 104.7 137.8 156.7 188.6
009169 0.976 362.0 132.0 393.1 190.4
009169 0.963 79.6 164.9 117.7 200.7
009169 0.958 218.1 107.0 242.9 129.8
009169 0.957 235.4 109.6 259.3 128.9
009169 0.953 339.9 136.2 365.8 179.5
009169 0.749 104.4 137.8 126.9 180.6
009320 0.992 269.5 212.8 443.8 372.6
009320 0.978 429.1 327.1 500.5 374.7
009320 0.878 270.0 213.3 420.9 286.1
009320 0.734 439.2 256.6 480.3 286.0
009451 0.999 175.3 157.6 406.5 368.2
009451 0.992 409.7 63.4 468.4 93.1
009451 0.988 142.4 104.5 349.4 297.6
009451 0.953 121.7 51.5 191.1 96.4
009451 0.861 1.7 54.4 41.0 167.6
009451 0.850 362.0 52.2 385.6 68.9
009451 0.797 468.0 52.7 498.6 72.2
009569 0.999 90.0 166.2 225.4 298.5
009569 0.758 91.2 221.9 138.4 285.0
009818 0.987 318.7 228.8 348.3 251.0
009818 0.929 65.9 205.3 91.0 222.0
009818 0.828 17.4 202.1 42.1 218.4
009818 0.750 245.8 184.0 267.1 205.9
009861 0.991 351.4 167.4 500.5 366.7
009861 0.989 311.1 108.7 383.8 227.2
009861 0.895 176.9 108.4 277.8 248.5
009861 0.889 195.2 100.7 261.9 140.8
009861 0.795 60.6 123.3 251.6 370.2
