000006 0.718 177.7 186.2 368.9 344.7
000008 0.739 439.7 234.0 500.3 371.5
000070 0.775 463.4 266.2 500.5 369.7
000097 0.987 59.8 167.1 272.4 289.9
000108 0.998 1.0 67.5 496.6 362.3
000116 0.971 55.3 182.6 315.4 358.6
000157 0.922 42.7 86.8 396.5 255.8
000160 0.993 4.7 265.6 338.6 375.5
000181 0.770 1.0 163.4 347.2 370.3
000182 0.981 1.0 1.0 500.5 375.5
000196 0.880 361.6 234.5 500.5 375.5
000205 0.941 10.6 177.7 355.4 476.8
000217 0.771 133.5 152.5 396.1 332.1
000277 0.998 13.3 96.0 474.1 301.9
000314 0.991 356.6 165.6 500.5 321.8
000384 0.992 187.5 30.2 460.8 287.7
000397 0.835 1.0 294.1 172.2 456.8
000452 0.781 43.5 106.9 298.8 347.8
000533 0.995 204.9 5.7 499.1 152.6
000533 0.908 1.0 5.9 303.1 152.1
000566 0.989 3.0 171.2 500.5 333.1
000566 0.881 1.0 174.4 116.1 333.5
000575 0.830 15.1 96.8 286.0 328.3
000584 0.985 361.3 210.9 500.5 358.4
000603 0.998 41.3 160.8 414.7 351.2
000658 0.985 224.6 256.3 495.5 374.9
000691 0.721 14.8 76.3 246.6 255.5
000716 0.728 6.5 122.6 428.2 497.2
000790 0.975 1.0 212.2 89.5 331.2
000790 0.852 24.4 201.7 130.7 250.4
000798 0.997 30.3 100.6 489.6 329.2
000839 0.742 98.9 119.3 296.7 237.3
000840 0.997 1.0 177.7 294.9 353.5
000841 0.997 3.3 145.7 495.7 358.9
000910 0.929 12.3 295.1 366.9 484.9
000938 0.967 42.7 194.5 228.3 324.2
000941 0.997 12.6 195.1 487.1 398.0
000953 0.759 440.9 308.5 498.7 375.5
000974 0.887 395.7 241.6 500.0 334.5
001021 0.858 10.3 116.8 475.6 370.6
001025 0.872 6.4 60.5 375.5 463.6
001048 0.872 8.1 16.4 500.3 375.5
001067 0.979 18.2 77.9 457.2 303.6
001117 0.996 7.0 205.7 468.4 375.5
001133 0.964 8.8 211.2 427.1 369.1
001159 0.933 19.4 235.4 456.9 362.0
001162 0.986 197.5 122.7 489.5 336.8
001163 0.998 51.5 179.2 313.8 369.5
001163 0.984 344.8 181.8 500.5 350.3
001197 0.993 40.1 25.1 500.5 313.3
001217 0.867 40.1 10.8 496.8 366.1
001220 0.763 31.3 11.6 460.4 361.3
001297 0.733 1.0 139.0 365.6 490.3
001338 0.836 1.0 193.8 292.5 371.1
001349 0.770 276.3 17.1 497.5 369.6
001351 0.787 319.5 201.4 451.3 364.0
001374 0.975 320.2 202.9 488.6 375.5
001391 0.996 35.0 179.0 347.7 372.7
001401 0.773 17.0 1.0 491.4 375.5
001431 0.825 12.8 4.7 419.4 187.8
001458 0.999 116.0 118.0 394.3 298.2
001461 0.998 145.8 169.0 408.5 374.8
001518 0.996 144.3 193.4 372.4 308.0
001518 0.981 49.6 159.5 251.2 241.9
001518 0.914 29.0 146.7 152.2 216.0
001519 0.993 181.2 271.5 329.7 445.7
001540 0.998 1.0 215.1 155.9 373.5
001549 0.831 1.2 121.9 270.2 352.6
001551 0.827 1.0 112.4 145.5 305.2
001585 0.949 138.3 176.6 414.9 331.2
001599 0.764 169.1 147.1 280.7 232.8
001600 0.805 272.8 274.5 487.8 366.9
001600 0.723 435.6 246.2 500.4 332.3
001696 0.956 1.0 202.7 43.5 327.7
001728 0.879 1.0 128.5 500.5 363.8
001731 0.927 55.1 51.9 359.3 136.5
001779 0.999 43.7 164.7 393.4 365.8
001811 0.987 118.3 190.3 355.4 286.0
001826 0.956 167.4 198.2 329.3 343.9
001831 0.979 16.2 123.4 466.5 357.6
001865 0.924 14.8 1.0 234.8 65.7
001868 0.999 235.0 178.0 488.8 355.3
001868 0.958 1.0 215.8 136.3 366.3
001879 0.849 47.2 278.0 272.2 454.7
001905 0.905 39.2 256.7 227.8 343.5
001905 0.872 25.4 283.5 492.3 343.2
002013 0.990 241.1 133.8 480.3 274.9
002018 0.995 1.0 31.0 292.0 155.2
002018 0.982 274.6 31.0 500.6 158.6
002026 0.935 14.2 122.6 422.8 374.4
002026 0.913 388.0 125.2 500.5 223.2
002035 0.967 181.5 157.3 500.5 373.6
002122 0.998 14.0 28.7 298.6 199.2
002127 0.911 7.1 11.1 435.0 353.1
002195 0.871 47.1 157.9 500.5 362.9
002230 0.995 294.7 219.3 500.5 332.4
002230 0.975 119.1 213.9 325.4 339.4
002254 0.991 2.5 251.3 139.2 487.2
002264 0.925 13.4 281.3 235.4 488.7
002297 0.974 289.0 85.3 496.1 213.6
002297 0.715 370.2 182.7 500.5 375.5
002399 0.806 6.6 37.8 479.8 340.3
002408 0.818 8.7 1.0 396.8 111.1
002414 0.997 337.8 224.6 497.8 335.5
002426 0.903 64.8 2.8 258.6 105.5
002426 0.720 10.7 88.9 488.9 370.8
002447 0.759 31.9 77.1 497.5 373.0
002489 0.998 1.4 8.6 488.6 275.7
002503 0.704 18.2 366.5 107.3 498.6
002510 0.991 160.7 130.7 492.6 314.2
002510 0.975 5.2 125.3 178.5 266.1
002535 0.803 1.0 10.7 500.5 330.3
002552 0.720 107.9 329.5 349.2 499.0
002574 0.752 20.7 80.2 482.8 329.1
002601 0.705 244.4 127.5 487.7 369.2
002650 0.964 1.9 120.8 147.0 359.5
002654 0.989 124.0 248.6 390.6 367.6
002673 0.852 4.8 109.8 494.2 373.4
002708 0.778 326.9 36.0 500.5 329.0
002752 0.991 189.6 183.3 338.7 270.1
002752 0.890 138.4 215.7 192.2 324.9
002777 0.755 303.5 236.3 487.6 368.4
002805 0.949 1.0 1.0 448.6 380.7
002813 0.875 1.0 160.0 50.5 236.6
002831 0.729 30.3 1.0 375.5 482.7
002874 0.809 5.3 41.1 500.5 370.2
002885 0.974 169.8 58.6 474.0 261.4
002887 0.997 130.3 240.3 340.1 346.9
002907 0.992 1.8 217.7 118.9 371.8
003029 0.960 29.8 123.4 448.1 335.0
003040 0.806 1.0 12.0 496.0 371.8
003048 0.985 177.6 101.0 477.0 302.3
003096 0.999 5.5 23.6 300.7 224.7
003099 0.941 440.1 98.5 499.8 367.1
003115 0.953 188.2 143.5 479.1 323.3
003115 0.723 450.3 248.4 500.5 372.2
003196 0.867 23.7 55.2 314.4 405.8
003197 0.799 6.5 83.7 434.5 370.9
003208 1.000 18.9 150.4 492.7 333.5
003212 1.000 26.7 120.2 481.3 304.9
003221 0.999 136.2 241.6 365.8 338.2
003224 0.792 53.6 115.2 500.1 372.3
003252 0.785 24.0 49.5 488.9 360.7
003264 0.963 33.9 1.0 496.5 331.2
003277 0.982 5.9 100.3 360.6 361.5
003277 0.813 189.2 170.4 418.2 362.7
003309 0.900 15.0 165.0 467.4 365.8
003317 0.790 6.4 89.5 344.4 368.0
003418 0.726 1.0 190.6 87.0 292.8
003437 0.996 243.9 139.6 450.0 274.8
003442 1.000 18.2 79.2 497.4 326.8
003472 0.947 255.2 247.4 495.2 375.5
003526 0.708 1.0 162.3 285.7 372.8
003532 0.973 1.0 234.9 445.4 334.1
003532 0.830 3.5 226.2 182.1 323.5
003532 0.725 331.5 222.2 500.5 325.3
003544 0.996 361.0 199.7 497.1 375.5
003569 0.924 96.8 102.7 365.8 282.6
003624 0.933 380.1 214.9 497.2 291.2
003641 0.976 1.3 269.3 347.5 495.1
003672 0.970 29.8 1.7 497.8 374.3
003702 0.998 1.0 99.2 498.1 299.7
003728 0.715 1.0 14.1 498.8 375.5
003744 1.000 1.0 135.4 453.5 354.0
003755 0.999 76.2 147.4 340.8 291.5
003782 0.845 1.0 13.8 496.4 362.4
003805 0.824 14.7 1.0 496.3 335.5
003862 0.999 127.9 137.4 376.6 309.4
003944 0.975 10.4 127.2 469.3 371.9
004004 0.993 7.5 298.4 235.5 446.7
004029 0.996 30.6 65.2 475.3 195.6
004045 0.997 43.4 57.0 464.0 368.7
004053 0.938 1.5 260.2 91.4 332.5
004068 0.945 119.7 77.8 497.6 333.0
004096 0.750 18.9 15.5 493.7 268.9
004101 0.954 8.8 207.1 353.2 500.5
004119 0.999 119.1 187.4 334.0 311.8
004132 0.986 36.8 82.6 474.5 322.4
004132 0.907 6.9 75.0 210.4 331.7
004139 0.967 48.8 104.7 453.3 375.5
004166 0.925 1.2 202.2 101.7 332.5
004166 0.865 124.0 165.0 241.0 262.5
004179 0.814 17.3 72.0 165.2 113.2
004219 0.917 1.0 40.8 378.4 249.1
004222 0.982 264.9 155.0 359.4 224.8
004222 0.966 350.8 156.6 497.4 260.4
004250 0.904 9.6 86.8 72.1 141.1
004250 0.750 249.3 99.9 358.9 336.3
004276 0.979 12.8 97.5 293.0 229.3
004288 0.873 1.0 46.5 476.6 368.4
004363 0.859 268.3 168.9 500.5 332.5
004420 0.787 80.3 6.5 486.7 257.7
004465 0.896 1.0 130.4 491.3 375.5
004567 0.975 106.4 125.8 425.0 364.8
004575 0.952 30.6 210.1 478.9 371.6
004575 0.878 233.7 202.6 451.9 345.2
004577 0.917 20.7 3.5 500.5 372.7
004659 0.999 118.2 205.9 432.7 374.6
004677 0.726 158.9 210.5 365.6 364.3
004695 0.804 321.8 215.9 494.5 357.8
004704 0.737 1.0 84.9 373.8 475.3
004717 0.746 2.9 391.1 204.7 495.3
004813 0.997 296.2 179.3 482.3 365.7
004838 1.000 1.0 98.5 431.6 337.9
004887 0.999 12.2 143.8 256.4 297.2
004887 0.748 293.9 138.8 492.3 314.1
004893 0.796 242.0 267.8 375.5 499.6
004918 0.922 15.9 62.3 428.8 285.1
004922 0.876 1.0 13.3 485.8 291.8
004923 0.891 16.8 128.7 493.5 369.1
004964 1.000 109.6 179.6 347.4 286.8
005010 0.886 1.0 52.9 402.1 380.5
005025 0.866 30.4 94.8 458.8 347.6
005050 0.847 1.0 12.5 500.5 364.5
005082 0.992 297.8 172.8 478.0 338.3
005082 0.985 127.9 170.5 274.9 245.5
005082 0.984 1.0 176.9 108.6 289.5
005088 0.914 7.2 161.7 268.6 348.5
005193 0.933 53.0 7.4 278.8 168.9
005196 0.887 4.9 85.1 474.0 370.1
005218 0.861 112.0 72.3 392.4 279.8
005221 1.000 20.6 81.2 484.9 353.8
005237 0.992 30.8 19.2 473.1 224.9
005250 0.991 116.8 21.3 500.5 359.0
005255 0.784 337.9 241.5 497.1 332.6
005266 0.952 66.9 180.4 345.2 375.5
005286 0.758 1.0 70.4 462.7 372.4
005295 0.953 89.8 186.1 232.4 313.0
005323 0.740 128.6 18.1 495.3 370.0
005353 0.999 8.1 99.9 489.9 295.7
005400 0.975 1.0 34.3 491.8 375.5
005444 0.765 7.8 6.0 500.5 375.5
005447 0.995 101.0 163.5 432.4 295.5
005498 0.999 88.0 181.7 363.6 307.7
005551 0.990 276.3 164.3 490.2 304.5
005551 0.709 1.0 248.6 94.1 375.4
005555 0.803 7.6 32.0 97.8 213.4
005556 0.882 343.5 224.2 492.2 321.9
005580 0.739 43.3 1.0 500.5 370.5
005589 0.927 132.2 128.8 291.6 280.7
005646 0.940 2.9 190.3 477.0 373.8
005651 0.866 3.2 1.0 500.5 366.4
005661 0.959 451.5 194.6 495.0 343.2
005675 0.854 17.0 1.0 355.9 462.1
005721 0.745 1.0 249.2 117.1 362.2
005721 0.727 15.8 173.0 472.2 370.2
005727 0.999 108.9 160.0 435.8 336.8
005727 0.836 1.0 204.3 43.2 294.3
005727 0.786 369.8 247.5 500.5 375.5
005754 0.988 15.7 202.3 183.2 366.0
005767 0.993 85.1 154.4 334.9 358.8
005778 0.964 2.8 113.1 491.0 370.9
005785 0.723 6.6 24.7 493.2 375.5
005801 0.997 18.9 68.0 465.9 367.0
005804 0.929 209.4 146.2 440.0 344.9
005808 0.710 1.0 161.7 417.0 375.5
005898 0.901 180.8 167.7 390.0 288.6
005934 0.893 65.8 36.9 485.4 366.5
005935 0.827 1.0 300.1 158.6 375.5
005935 0.760 210.1 249.9 329.6 364.6
005936 0.701 5.3 1.7 466.3 288.4
005937 0.834 19.3 134.3 440.1 366.7
005943 0.999 5.7 137.7 313.3 331.3
005943 0.858 317.6 153.5 496.0 375.5
005957 0.877 12.2 7.1 489.9 375.5
005997 0.982 12.6 237.9 470.2 374.0
006031 0.999 22.7 109.6 459.0 319.2
006068 0.975 224.7 193.6 330.9 345.0
006087 0.757 20.8 55.0 480.3 369.9
006115 0.962 122.5 217.4 450.2 366.0
006126 0.999 82.5 161.4 301.0 279.1
006126 0.798 5.6 178.5 262.5 327.9
006257 0.992 17.5 138.5 412.3 313.6
006257 0.881 265.8 161.6 476.4 320.8
006287 0.982 9.7 181.6 450.6 363.4
006288 0.936 38.5 91.4 489.4 372.7
006297 0.956 215.7 124.6 402.8 263.7
006307 0.996 294.0 65.2 426.6 113.3
006313 0.910 313.8 151.1 471.1 264.2
006343 0.952 278.2 124.6 399.2 208.4
006354 0.902 1.0 1.0 424.4 375.5
006359 0.820 126.5 66.3 500.6 265.8
006373 0.990 237.3 367.2 375.5 499.7
006451 0.792 8.7 1.0 483.3 318.9
006457 0.758 39.5 24.3 493.0 438.4
006461 0.907 380.5 230.3 499.4 333.5
006479 0.805 1.9 30.4 500.5 374.7
006487 0.932 129.1 46.5 498.4 330.4
006505 0.945 1.0 41.3 498.4 277.5
006545 0.865 6.4 3.1 478.1 280.8
006676 0.771 328.7 164.5 500.5 353.2
006686 0.927 11.0 142.3 482.4 356.3
006745 0.869 170.1 172.9 379.3 327.7
006764 0.994 44.0 107.1 484.3 365.5
006780 0.787 12.0 72.6 335.0 402.5
006816 0.920 46.4 204.9 294.2 500.3
006826 0.982 287.8 140.7 498.1 259.8
006826 0.704 289.2 174.7 500.5 356.8
006830 0.737 39.1 191.2 496.1 372.7
006895 0.999 195.1 203.3 499.5 375.0
006895 0.703 9.7 183.7 187.6 368.4
006923 0.871 462.5 267.6 500.5 371.9
006937 0.834 22.4 227.5 186.4 404.7
006991 0.860 2.6 20.1 500.5 338.5
007019 0.975 84.8 110.7 498.2 333.2
007032 0.899 8.7 101.1 487.5 364.8
007053 0.822 26.2 143.2 500.5 331.4
007057 0.975 219.2 233.9 338.9 334.0
007067 0.999 165.8 287.0 333.5 395.1
007067 0.949 1.0 374.1 116.4 495.2
007094 0.999 4.3 186.9 373.7 383.2
007099 0.769 332.7 1.0 499.9 369.7
007110 0.741 343.3 195.0 454.0 325.9
007116 0.910 40.7 28.5 448.1 301.9
007170 0.777 127.4 141.3 493.9 331.6
007192 0.995 1.8 95.4 467.7 375.5
007192 0.761 325.7 110.2 499.4 319.7
007218 0.995 34.1 65.4 429.5 368.5
007220 0.811 137.2 183.1 358.5 351.7
007264 0.999 2.7 150.3 251.0 329.7
007264 0.945 208.3 192.5 500.5 375.5
007287 0.999 29.1 42.4 339.2 268.6
007287 0.820 309.9 275.7 499.2 375.5
007301 0.736 114.7 177.4 448.2 366.4
007315 0.916 251.1 313.1 333.8 439.2
007319 0.835 24.7 140.9 354.0 425.4
007353 1.000 92.6 208.4 476.7 375.5
007364 0.976 111.2 154.4 341.9 352.6
007401 0.967 50.2 84.0 182.7 213.0
007404 0.794 102.4 30.7 500.5 355.5
007453 0.998 27.5 20.5 476.5 318.2
007485 0.992 1.0 84.2 480.3 331.4
007492 0.963 4.1 163.6 484.5 372.9
007561 0.971 196.4 74.5 486.3 314.5
007567 0.950 5.1 138.9 147.6 225.5
007708 0.761 132.3 279.9 313.8 373.7
007747 0.978 22.8 188.7 196.4 311.7
007747 0.915 352.9 193.6 497.7 347.8
007780 0.745 13.7 125.2 475.5 371.6
007785 0.976 242.1 211.5 469.8 367.5
007808 0.984 372.4 154.4 499.3 222.2
007808 0.824 425.3 213.1 499.9 359.3
007808 0.812 404.2 169.7 500.5 300.9
007811 0.714 12.0 92.9 488.7 374.9
007816 0.872 227.7 169.6 348.6 240.2
007832 0.975 87.7 148.0 361.3 239.4
007862 0.853 96.7 95.8 497.5 364.6
007903 0.945 76.1 113.5 485.7 374.8
007929 0.990 23.2 195.6 470.0 413.7
007929 0.769 10.7 185.4 209.5 404.0
007937 0.914 22.6 236.8 189.0 373.4
007937 0.860 393.4 183.3 500.5 268.4
007962 0.929 16.4 39.1 497.7 371.2
007981 0.727 5.9 72.0 475.9 330.8
007982 0.730 80.9 143.1 325.0 222.3
008077 0.732 10.7 76.6 500.5 373.3
008080 0.808 2.8 55.1 497.3 375.5
008114 0.999 68.7 191.5 383.3 353.3
008119 0.971 170.5 403.2 255.1 481.2
008155 0.996 4.7 218.5 223.7 449.7
008162 0.988 112.4 101.8 348.8 250.1
008162 0.915 1.5 130.7 382.9 369.8
008176 0.850 383.6 5.3 497.4 282.0
008178 0.723 48.6 44.3 465.9 373.3
008196 0.901 122.8 102.0 443.7 244.8
008286 0.981 213.4 303.3 456.7 430.7
008347 0.999 8.9 169.2 208.6 309.0
008380 0.997 26.4 116.8 453.8 260.2
008395 0.991 204.3 53.4 489.3 267.6
008396 0.960 1.0 4.5 477.7 341.1
008405 0.942 1.0 199.1 240.8 373.6
008417 0.968 85.5 321.8 217.9 394.4
008428 0.866 274.8 182.1 485.3 317.1
008439 0.854 1.0 23.2 375.5 458.7
008486 0.947 3.7 297.1 141.6 499.4
008496 0.837 116.3 216.8 351.4 420.2
008510 1.000 18.8 130.9 500.5 371.1
008543 0.899 1.0 215.3 137.7 371.1
008611 0.895 1.0 125.0 218.4 232.7
008614 0.968 50.7 173.2 333.3 323.5
008614 0.780 205.2 166.0 359.2 243.4
008646 0.861 13.9 103.0 221.4 366.3
008650 0.964 21.6 27.6 500.5 374.2
008678 0.816 13.3 294.5 318.7 500.5
008721 0.828 53.5 79.4 471.7 357.7
008762 0.992 1.0 264.4 82.0 372.0
008762 0.857 249.0 278.2 332.5 343.7
008803 0.999 8.2 191.2 181.8 303.2
008803 0.998 157.2 190.2 458.0 363.7
008821 0.802 60.6 248.9 488.7 374.2
008834 0.999 3.3 85.1 491.4 363.6
008864 0.864 1.6 161.2 272.7 326.3
008864 0.798 394.3 147.0 500.5 322.0
008889 0.881 8.9 27.7 456.2 358.3
008918 0.879 1.0 91.9 500.5 373.7
008922 0.852 363.1 160.9 492.0 305.1
008947 0.900 59.4 218.9 193.4 357.5
008991 0.978 1.0 176.8 132.6 375.5
009013 0.999 74.8 227.3 406.7 372.8
009070 0.998 110.3 156.6 396.8 364.0
009118 0.998 138.5 155.7 381.5 320.0
009132 0.705 10.3 1.0 483.9 327.8
009222 0.901 24.7 107.0 451.0 350.3
009222 0.711 53.0 103.5 341.8 249.8
009263 0.768 278.1 106.2 441.0 226.5
009275 0.994 58.2 244.8 265.7 362.9
009276 0.952 12.0 140.1 331.5 495.1
009310 0.857 98.2 109.7 477.8 369.1
009345 0.864 45.4 123.3 473.2 323.7
009353 0.997 1.8 147.4 314.9 332.8
009367 0.999 108.8 200.0 318.1 293.8
009367 0.999 337.7 202.3 499.6 301.7
009397 0.930 412.8 183.0 500.5 337.7
009435 1.000 9.6 141.0 247.4 319.4
009471 0.959 9.4 18.2 488.3 370.4
009485 0.785 20.8 12.4 483.1 365.9
009486 0.929 2.8 217.8 194.0 343.5
009487 0.844 396.6 205.7 500.5 364.7
009503 0.992 59.4 174.3 324.2 372.5
009521 0.853 2.0 232.0 163.1 375.5
009554 0.782 178.0 192.5 492.3 363.8
009626 0.943 25.8 92.7 500.5 364.8
009635 0.999 14.2 386.8 260.8 476.4
009651 0.818 12.6 143.3 478.7 369.7
009660 0.823 33.8 179.3 369.9 500.5
009663 0.987 245.9 146.9 484.9 261.8
009663 0.867 216.9 188.1 496.9 357.9
009689 0.789 3.1 104.5 224.6 367.0
009753 0.960 116.4 207.5 425.7 362.5
009766 0.832 7.9 108.1 486.6 438.3
009769 1.000 44.8 159.9 464.5 322.1
009846 1.000 101.9 125.2 485.4 346.8
009914 0.988 1.0 267.9 400.1 375.5
009916 0.996 19.2 89.7 251.1 257.9
009916 0.854 275.8 112.4 439.7 262.6
