5 178.0 186.0 191.0 159.0 718.000
6 440.0 234.0 60.0 138.0 738.000
36 463.0 266.0 37.0 104.0 775.000
53 60.0 167.0 212.0 123.0 986.000
59 1.0 68.0 496.0 294.0 998.000
63 55.0 183.0 260.0 176.0 971.000
80 43.0 87.0 354.0 169.0 922.000
81 5.0 266.0 334.0 109.0 992.000
90 1.0 163.0 346.0 207.0 770.000
91 1.0 1.0 499.0 374.0 980.000
98 362.0 235.0 138.0 140.0 880.000
104 11.0 178.0 344.0 299.0 940.000
109 133.0 153.0 263.0 179.0 771.000
137 13.0 96.0 461.0 206.0 998.000
157 357.0 166.0 144.0 156.0 990.000
193 188.0 30.0 273.0 258.0 991.000
201 1.0 294.0 171.0 163.0 834.000
232 43.0 107.0 256.0 241.0 780.000
268 205.0 6.0 294.0 147.0 995.000
268 1.0 6.0 302.0 146.0 908.000
285 3.0 171.0 498.0 162.0 989.000
285 1.0 174.0 115.0 160.0 881.000
294 15.0 97.0 271.0 231.0 829.000
298 361.0 211.0 139.0 147.0 984.000
308 41.0 161.0 374.0 190.0 998.000
340 225.0 256.0 271.0 119.0 985.000
356 15.0 76.0 232.0 180.0 721.000
368 7.0 123.0 421.0 374.0 727.000
406 1.0 212.0 89.0 119.0 975.000
406 24.0 202.0 107.0 48.0 852.000
409 30.0 101.0 460.0 228.0 996.000
426 99.0 119.0 198.0 118.0 741.000
427 1.0 178.0 294.0 175.0 997.000
428 3.0 146.0 493.0 213.0 997.000
456 12.0 295.0 355.0 190.0 928.000
468 43.0 195.0 185.0 129.0 967.000
471 13.0 195.0 474.0 203.0 996.000
476 441.0 309.0 58.0 66.0 758.000
487 396.0 242.0 104.0 93.0 886.000
512 10.0 117.0 466.0 254.0 858.000
515 6.0 61.0 369.0 403.0 871.000
531 8.0 16.0 492.0 359.0 872.000
540 18.0 78.0 439.0 226.0 978.000
565 7.0 206.0 461.0 169.0 995.000
574 9.0 211.0 418.0 158.0 964.000
585 19.0 235.0 438.0 127.0 932.000
586 197.0 123.0 293.0 214.0 986.000
587 52.0 179.0 262.0 191.0 998.000
587 345.0 182.0 155.0 168.0 984.000
604 40.0 25.0 461.0 288.0 992.000
611 40.0 11.0 457.0 355.0 866.000
614 31.0 12.0 429.0 349.0 762.000
649 1.0 139.0 365.0 351.0 732.000
670 1.0 194.0 292.0 177.0 836.000
676 276.0 17.0 221.0 353.0 770.000
677 320.0 201.0 131.0 163.0 787.000
693 320.0 203.0 169.0 172.0 975.000
701 35.0 179.0 313.0 194.0 995.000
707 17.0 1.0 474.0 374.0 772.000
723 13.0 5.0 406.0 183.0 824.000
736 116.0 118.0 278.0 180.0 999.000
738 146.0 169.0 262.0 206.0 998.000
763 144.0 193.0 228.0 115.0 996.000
763 50.0 159.0 201.0 83.0 981.000
763 29.0 147.0 123.0 69.0 914.000
764 181.0 271.0 149.0 175.0 992.000
773 1.0 215.0 155.0 158.0 997.000
777 1.0 122.0 269.0 231.0 831.000
779 1.0 112.0 145.0 193.0 827.000
798 138.0 177.0 277.0 154.0 949.000
804 169.0 147.0 112.0 86.0 764.000
805 273.0 274.0 215.0 93.0 805.000
805 436.0 246.0 64.0 86.0 723.000
855 1.0 203.0 42.0 125.0 956.000
873 1.0 128.0 499.0 236.0 878.000
874 55.0 52.0 304.0 85.0 927.000
897 44.0 165.0 349.0 201.0 999.000
913 118.0 190.0 237.0 96.0 987.000
924 167.0 198.0 162.0 146.0 955.000
926 16.0 123.0 450.0 235.0 979.000
940 15.0 1.0 220.0 65.0 923.000
943 235.0 178.0 254.0 177.0 998.000
943 1.0 216.0 135.0 150.0 958.000
949 47.0 278.0 225.0 177.0 849.000
962 39.0 257.0 189.0 87.0 904.000
962 25.0 284.0 467.0 59.0 871.000
1020 241.0 134.0 239.0 141.0 989.000
1024 1.0 31.0 291.0 124.0 995.000
1024 275.0 31.0 226.0 128.0 982.000
1025 14.0 123.0 409.0 251.0 935.000
1025 388.0 125.0 112.0 98.0 912.000
1031 181.0 157.0 319.0 217.0 966.000
1077 14.0 29.0 285.0 170.0 998.000
1079 7.0 11.0 428.0 342.0 910.000
1108 47.0 158.0 453.0 205.0 870.000
1125 295.0 219.0 205.0 113.0 994.000
1125 119.0 214.0 206.0 125.0 974.000
1138 3.0 251.0 136.0 236.0 991.000
1141 13.0 281.0 222.0 208.0 925.000
1154 289.0 85.0 207.0 129.0 973.000
1154 370.0 183.0 130.0 192.0 715.000
1201 7.0 38.0 473.0 302.0 806.000
1205 9.0 1.0 388.0 110.0 817.000
1208 338.0 225.0 160.0 111.0 996.000
1214 65.0 3.0 194.0 103.0 903.000
1214 11.0 89.0 478.0 282.0 719.000
1224 32.0 77.0 465.0 296.0 759.000
1243 1.0 9.0 488.0 267.0 997.000
1247 18.0 366.0 89.0 133.0 703.000
1251 161.0 131.0 332.0 183.0 991.000
1251 5.0 125.0 173.0 141.0 975.000
1264 1.0 11.0 499.0 319.0 802.000
1272 108.0 330.0 241.0 169.0 720.000
1281 21.0 80.0 462.0 249.0 751.000
1295 244.0 128.0 244.0 241.0 704.000
1320 2.0 121.0 145.0 239.0 963.000
1323 124.0 249.0 267.0 119.0 988.000
1332 5.0 110.0 489.0 263.0 851.000
1349 327.0 36.0 174.0 293.0 777.000
1370 190.0 183.0 149.0 87.0 990.000
1370 138.0 216.0 54.0 109.0 889.000
1382 304.0 236.0 184.0 132.0 754.000
1394 1.0 1.0 448.0 380.0 949.000
1399 1.0 160.0 49.0 77.0 874.000
1411 30.0 1.0 345.0 482.0 728.000
1432 5.0 41.0 495.0 329.0 809.000
1438 170.0 59.0 304.0 202.0 974.000
1439 130.0 240.0 210.0 107.0 996.000
1452 2.0 218.0 117.0 154.0 991.000
1507 30.0 123.0 418.0 212.0 959.000
1513 1.0 12.0 495.0 360.0 805.000
1517 178.0 101.0 299.0 201.0 984.000
1540 6.0 24.0 295.0 201.0 998.000
1542 440.0 99.0 60.0 268.0 941.000
1549 188.0 143.0 291.0 180.0 953.000
1549 450.0 248.0 50.0 124.0 723.000
1584 24.0 55.0 290.0 351.0 867.000
1585 7.0 84.0 428.0 287.0 799.000
1590 19.0 150.0 474.0 184.0 999.000
1592 27.0 120.0 454.0 185.0 999.000
1596 136.0 242.0 230.0 96.0 999.000
1598 54.0 115.0 446.0 257.0 791.000
1614 24.0 49.0 465.0 312.0 784.000
1617 34.0 1.0 463.0 330.0 962.000
1624 6.0 100.0 355.0 261.0 982.000
1624 189.0 170.0 229.0 193.0 812.000
1640 15.0 165.0 452.0 201.0 900.000
1645 6.0 90.0 338.0 278.0 789.000
1693 1.0 191.0 86.0 102.0 725.000
1701 244.0 140.0 206.0 135.0 996.000
1704 18.0 79.0 479.0 248.0 999.000
1717 255.0 247.0 240.0 128.0 947.000
1748 1.0 162.0 285.0 211.0 708.000
1751 1.0 235.0 444.0 99.0 972.000
1751 4.0 226.0 178.0 98.0 830.000
1751 331.0 222.0 170.0 103.0 725.000
1760 361.0 200.0 136.0 175.0 995.000
1773 97.0 103.0 269.0 180.0 924.000
1801 380.0 215.0 117.0 76.0 932.000
1807 1.0 269.0 346.0 226.0 975.000
1820 30.0 2.0 468.0 372.0 970.000
1833 1.0 99.0 497.0 201.0 997.000
1846 1.0 14.0 498.0 361.0 714.000
1857 1.0 135.0 452.0 219.0 999.000
1861 76.0 147.0 265.0 145.0 998.000
1877 1.0 14.0 495.0 348.0 844.000
1888 15.0 1.0 481.0 334.0 824.000
1914 128.0 137.0 249.0 172.0 999.000
1958 10.0 127.0 459.0 245.0 975.000
1984 7.0 298.0 229.0 149.0 993.000
1993 31.0 65.0 444.0 131.0 996.000
2003 43.0 57.0 421.0 312.0 996.000
2007 1.0 260.0 90.0 73.0 937.000
2017 120.0 78.0 378.0 255.0 944.000
2032 19.0 16.0 475.0 253.0 749.000
2036 9.0 207.0 344.0 293.0 953.000
2046 119.0 187.0 215.0 125.0 999.000
2054 37.0 83.0 437.0 239.0 986.000
2054 7.0 75.0 203.0 257.0 906.000
2056 49.0 105.0 404.0 270.0 967.000
2070 1.0 202.0 101.0 131.0 925.000
2070 124.0 165.0 117.0 98.0 865.000
2077 17.0 72.0 148.0 41.0 813.000
2099 1.0 41.0 377.0 208.0 916.000
2100 265.0 155.0 94.0 70.0 982.000
2100 351.0 157.0 146.0 103.0 965.000
2114 10.0 87.0 62.0 54.0 903.000
2114 249.0 100.0 110.0 236.0 750.000
2124 13.0 98.0 280.0 131.0 978.000
2129 1.0 47.0 476.0 321.0 873.000
2167 268.0 169.0 233.0 164.0 858.000
2200 80.0 7.0 407.0 251.0 787.000
2224 1.0 130.0 490.0 245.0 895.000
2274 106.0 126.0 319.0 239.0 975.000
2279 31.0 210.0 448.0 162.0 951.000
2279 234.0 203.0 218.0 142.0 877.000
2280 21.0 4.0 479.0 369.0 916.000
2320 118.0 206.0 315.0 169.0 998.000
2330 159.0 210.0 207.0 154.0 725.000
2337 322.0 216.0 172.0 142.0 804.000
2343 1.0 85.0 373.0 390.0 737.000
2349 3.0 391.0 202.0 104.0 746.000
2404 296.0 179.0 186.0 187.0 996.000
2415 1.0 98.0 431.0 240.0 999.000
2439 12.0 144.0 244.0 153.0 999.000
2439 294.0 139.0 198.0 175.0 748.000
2444 242.0 268.0 133.0 232.0 795.000
2456 16.0 62.0 413.0 223.0 922.000
2460 1.0 13.0 485.0 279.0 876.000
2461 17.0 129.0 476.0 240.0 890.000
2480 110.0 180.0 237.0 107.0 999.000
2499 1.0 53.0 401.0 327.0 886.000
2508 30.0 95.0 429.0 253.0 865.000
2521 1.0 13.0 499.0 352.0 846.000
2533 298.0 173.0 180.0 165.0 991.000
2533 128.0 170.0 147.0 76.0 984.000
2533 1.0 177.0 108.0 112.0 983.000
2536 7.0 162.0 262.0 186.0 913.000
2592 53.0 7.0 226.0 162.0 933.000
2594 5.0 85.0 469.0 285.0 886.000
2606 112.0 72.0 280.0 208.0 861.000
2607 21.0 81.0 464.0 273.0 999.000
2616 31.0 19.0 442.0 206.0 991.000
2623 117.0 21.0 383.0 338.0 990.000
2626 338.0 242.0 159.0 91.0 783.000
2630 67.0 180.0 278.0 195.0 952.000
2640 1.0 70.0 462.0 302.0 757.000
2645 90.0 186.0 142.0 127.0 953.000
2658 129.0 18.0 366.0 352.0 739.000
2670 8.0 100.0 482.0 196.0 999.000
2690 1.0 34.0 491.0 341.0 975.000
2708 8.0 6.0 492.0 369.0 764.000
2710 101.0 163.0 331.0 132.0 994.000
2738 88.0 182.0 276.0 126.0 998.000
2764 276.0 164.0 214.0 141.0 989.000
2764 1.0 249.0 93.0 126.0 708.000
2766 8.0 32.0 90.0 181.0 803.000
2767 344.0 224.0 148.0 98.0 881.000
2782 43.0 1.0 457.0 370.0 738.000
2785 132.0 129.0 160.0 152.0 927.000
2812 3.0 190.0 474.0 184.0 940.000
2815 3.0 1.0 497.0 365.0 866.000
2818 452.0 195.0 43.0 148.0 959.000
2826 17.0 1.0 339.0 461.0 853.000
2848 1.0 249.0 116.0 113.0 745.000
2848 16.0 173.0 456.0 197.0 726.000
2853 109.0 160.0 327.0 177.0 998.000
2853 1.0 204.0 42.0 90.0 835.000
2853 370.0 248.0 130.0 127.0 785.000
2865 16.0 202.0 167.0 164.0 988.000
2870 85.0 154.0 250.0 205.0 993.000
2878 3.0 113.0 488.0 258.0 963.000
2879 7.0 25.0 486.0 350.0 722.000
2887 19.0 68.0 447.0 299.0 997.000
2889 209.0 146.0 231.0 199.0 928.000
2891 1.0 162.0 416.0 213.0 709.000
2930 181.0 168.0 209.0 121.0 900.000
2948 66.0 37.0 419.0 329.0 892.000
2949 1.0 300.0 158.0 75.0 827.000
2949 210.0 250.0 120.0 115.0 759.000
2950 5.0 2.0 461.0 286.0 701.000
2951 19.0 134.0 421.0 233.0 833.000
2955 6.0 138.0 307.0 193.0 998.000
2955 318.0 153.0 178.0 222.0 857.000
2963 12.0 7.0 478.0 368.0 877.000
2982 13.0 238.0 457.0 136.0 982.000
2999 23.0 110.0 436.0 209.0 998.000
3021 225.0 194.0 106.0 151.0 975.000
3032 21.0 55.0 459.0 315.0 756.000
3046 122.0 217.0 328.0 149.0 961.000
3052 83.0 161.0 218.0 118.0 998.000
3052 6.0 179.0 257.0 149.0 797.000
3106 18.0 138.0 394.0 176.0 992.000
3106 266.0 162.0 210.0 159.0 881.000
3117 10.0 182.0 441.0 181.0 982.000
3118 38.0 91.0 451.0 282.0 936.000
3122 216.0 125.0 187.0 139.0 956.000
3126 294.0 65.0 133.0 48.0 995.000
3131 314.0 151.0 157.0 113.0 910.000
3147 278.0 125.0 121.0 83.0 951.000
3150 1.0 1.0 423.0 374.0 902.000
3153 126.0 66.0 375.0 200.0 820.000
3161 237.0 367.0 138.0 133.0 990.000
3199 9.0 1.0 474.0 318.0 791.000
3203 39.0 24.0 454.0 414.0 758.000
3205 381.0 230.0 118.0 104.0 906.000
3212 2.0 30.0 498.0 345.0 805.000
3215 129.0 47.0 369.0 283.0 932.000
3226 1.0 41.0 497.0 236.0 945.000
3249 6.0 3.0 472.0 278.0 865.000
3313 329.0 165.0 171.0 188.0 771.000
3317 11.0 142.0 471.0 214.0 926.000
3345 170.0 173.0 209.0 155.0 868.000
3355 44.0 107.0 440.0 258.0 993.000
3364 12.0 73.0 323.0 329.0 786.000
3382 46.0 205.0 248.0 295.0 920.000
3387 288.0 141.0 210.0 119.0 982.000
3387 289.0 175.0 211.0 182.0 704.000
3388 39.0 191.0 457.0 182.0 737.000
3417 195.0 203.0 304.0 172.0 998.000
3417 10.0 184.0 178.0 184.0 702.000
3430 462.0 268.0 38.0 104.0 871.000
3437 22.0 228.0 164.0 177.0 834.000
3463 3.0 20.0 498.0 319.0 859.000
3479 85.0 111.0 413.0 222.0 974.000
3485 9.0 101.0 479.0 264.0 899.000
3493 26.0 143.0 475.0 188.0 821.000
3495 219.0 234.0 120.0 100.0 974.000
3500 166.0 287.0 168.0 108.0 999.000
3500 1.0 374.0 115.0 121.0 949.000
3509 4.0 187.0 370.0 196.0 999.000
3512 333.0 1.0 167.0 369.0 769.000
3517 343.0 195.0 111.0 131.0 741.000
3521 41.0 29.0 407.0 273.0 909.000
3545 127.0 141.0 367.0 191.0 776.000
3557 2.0 95.0 466.0 280.0 994.000
3557 326.0 110.0 173.0 210.0 761.000
3568 34.0 65.0 395.0 303.0 995.000
3569 137.0 183.0 222.0 169.0 811.000
3593 3.0 150.0 248.0 180.0 998.000
3593 208.0 193.0 292.0 182.0 944.000
3605 29.0 42.0 310.0 227.0 998.000
3605 310.0 276.0 189.0 99.0 820.000
3610 115.0 177.0 333.0 189.0 736.000
3619 251.0 313.0 83.0 126.0 915.000
3622 25.0 141.0 329.0 284.0 834.000
3643 93.0 208.0 384.0 167.0 999.000
3650 111.0 154.0 231.0 199.0 976.000
3670 50.0 84.0 133.0 129.0 967.000
3673 102.0 31.0 398.0 324.0 793.000
3695 28.0 20.0 449.0 298.0 997.000
3708 1.0 84.0 479.0 247.0 991.000
3711 4.0 164.0 480.0 209.0 963.000
3749 196.0 75.0 290.0 240.0 971.000
3752 5.0 139.0 143.0 87.0 949.000
3821 132.0 280.0 182.0 94.0 761.000
3840 23.0 189.0 173.0 123.0 977.000
3840 353.0 194.0 145.0 154.0 915.000
3855 14.0 125.0 462.0 247.0 745.000
3859 242.0 212.0 228.0 155.0 975.000
3874 372.0 154.0 127.0 68.0 984.000
3874 425.0 213.0 75.0 146.0 824.000
3874 404.0 170.0 96.0 131.0 812.000
3875 12.0 93.0 477.0 282.0 714.000
3876 228.0 170.0 121.0 70.0 871.000
3886 88.0 148.0 273.0 91.0 974.000
3901 97.0 96.0 401.0 269.0 852.000
3920 76.0 113.0 410.0 262.0 945.000
3930 23.0 196.0 447.0 218.0 990.000
3930 11.0 185.0 198.0 219.0 769.000
3934 23.0 237.0 166.0 136.0 913.000
3934 393.0 183.0 107.0 85.0 860.000
3948 16.0 39.0 482.0 332.0 929.000
3958 6.0 72.0 470.0 259.0 727.000
3959 81.0 143.0 244.0 79.0 729.000
4009 11.0 77.0 489.0 296.0 731.000
4011 3.0 55.0 494.0 320.0 807.000
4026 69.0 192.0 314.0 161.0 998.000
4028 171.0 403.0 84.0 78.0 971.000
4049 5.0 219.0 219.0 231.0 995.000
4054 112.0 102.0 237.0 148.0 988.000
4054 1.0 131.0 382.0 239.0 914.000
4059 384.0 5.0 113.0 277.0 849.000
4060 49.0 44.0 417.0 329.0 723.000
4072 123.0 102.0 321.0 143.0 900.000
4117 213.0 303.0 244.0 128.0 981.000
4143 9.0 169.0 200.0 140.0 998.000
4164 26.0 117.0 428.0 143.0 997.000
4171 204.0 53.0 285.0 215.0 991.000
4172 1.0 5.0 477.0 336.0 960.000
4178 1.0 199.0 240.0 175.0 942.000
4185 85.0 322.0 133.0 72.0 967.000
4190 275.0 182.0 210.0 135.0 866.000
4195 1.0 23.0 374.0 436.0 854.000
4217 4.0 297.0 138.0 202.0 947.000
4224 116.0 217.0 235.0 203.0 836.000
4232 19.0 131.0 481.0 240.0 999.000
4246 1.0 215.0 137.0 156.0 899.000
4284 1.0 125.0 217.0 108.0 894.000
4286 51.0 173.0 282.0 150.0 968.000
4286 205.0 166.0 154.0 77.0 779.000
4304 14.0 103.0 207.0 263.0 860.000
4307 22.0 28.0 478.0 346.0 963.000
4327 13.0 295.0 306.0 205.0 815.000
4350 54.0 79.0 418.0 279.0 827.000
4366 1.0 264.0 81.0 108.0 991.000
4366 249.0 278.0 83.0 66.0 856.000
4389 8.0 191.0 174.0 112.0 998.000
4389 157.0 190.0 301.0 174.0 997.000
4397 61.0 249.0 428.0 125.0 802.000
4405 3.0 85.0 488.0 279.0 999.000
4420 2.0 161.0 271.0 165.0 864.000
4420 394.0 147.0 107.0 175.0 797.000
4430 9.0 28.0 447.0 330.0 880.000
4449 1.0 92.0 499.0 282.0 879.000
4450 363.0 161.0 129.0 144.0 852.000
4461 59.0 219.0 134.0 139.0 899.000
4478 1.0 177.0 132.0 198.0 977.000
4491 75.0 227.0 332.0 146.0 999.000
4520 110.0 157.0 287.0 207.0 997.000
4546 139.0 156.0 242.0 164.0 998.000
4554 10.0 1.0 474.0 327.0 704.000
4594 25.0 107.0 426.0 243.0 900.000
4594 53.0 104.0 289.0 146.0 711.000
4617 278.0 106.0 163.0 120.0 767.000
4623 58.0 245.0 208.0 118.0 994.000
4624 12.0 140.0 319.0 355.0 951.000
4638 98.0 110.0 380.0 259.0 856.000
4655 45.0 123.0 428.0 201.0 864.000
4658 2.0 147.0 313.0 186.0 996.000
4667 109.0 200.0 209.0 94.0 999.000
4667 338.0 202.0 162.0 100.0 998.000
4683 413.0 183.0 87.0 155.0 929.000
4698 10.0 141.0 237.0 178.0 999.000
4711 9.0 18.0 479.0 352.0 958.000
4718 21.0 12.0 462.0 354.0 785.000
4719 3.0 218.0 191.0 125.0 929.000
4720 397.0 206.0 103.0 159.0 844.000
4727 59.0 174.0 265.0 199.0 992.000
4735 2.0 232.0 161.0 143.0 852.000
4750 178.0 192.0 314.0 172.0 782.000
4785 26.0 93.0 474.0 272.0 943.000
4791 14.0 387.0 247.0 89.0 999.000
4799 13.0 143.0 466.0 227.0 818.000
4803 34.0 179.0 336.0 321.0 823.000
4806 246.0 147.0 239.0 115.0 986.000
4806 217.0 188.0 280.0 170.0 867.000
4818 3.0 104.0 222.0 263.0 789.000
4847 116.0 208.0 310.0 154.0 960.000
4852 8.0 108.0 479.0 330.0 832.000
4854 45.0 160.0 420.0 162.0 999.000
4893 102.0 125.0 383.0 222.0 999.000
4925 1.0 268.0 399.0 107.0 988.000
4927 19.0 90.0 232.0 168.0 996.000
4927 276.0 112.0 164.0 151.0 854.000
