2 139.0 201.0 68.0 98.0 995.000
18 44.0 84.0 382.0 167.0 999.000
27 303.0 134.0 113.0 57.0 867.000
47 130.0 174.0 129.0 25.0 736.000
48 150.0 14.0 329.0 360.0 999.000
55 14.0 49.0 415.0 173.0 999.000
68 192.0 177.0 259.0 47.0 819.000
74 55.0 99.0 323.0 205.0 999.000
74 407.0 126.0 86.0 158.0 929.000
110 163.0 72.0 175.0 213.0 998.000
117 1.0 1.0 294.0 374.0 999.000
124 109.0 97.0 243.0 140.0 999.000
140 72.0 91.0 382.0 166.0 999.000
165 179.0 58.0 193.0 215.0 998.000
165 6.0 52.0 249.0 98.0 981.000
165 1.0 42.0 350.0 185.0 823.000
202 52.0 45.0 360.0 373.0 999.000
225 147.0 105.0 166.0 135.0 999.000
261 100.0 141.0 179.0 87.0 999.000
279 86.0 98.0 277.0 208.0 999.000
322 18.0 88.0 390.0 95.0 996.000
326 93.0 92.0 310.0 194.0 997.000
350 2.0 1.0 237.0 374.0 973.000
351 24.0 145.0 246.0 76.0 999.000
351 183.0 153.0 304.0 86.0 890.000
363 5.0 174.0 280.0 272.0 999.000
377 36.0 229.0 297.0 234.0 999.000
377 2.0 284.0 74.0 110.0 782.000
379 12.0 32.0 462.0 246.0 999.000
383 113.0 34.0 347.0 309.0 999.000
419 67.0 108.0 408.0 223.0 998.000
422 299.0 107.0 117.0 143.0 993.000
422 209.0 119.0 109.0 114.0 981.000
460 23.0 115.0 71.0 48.0 958.000
460 118.0 105.0 114.0 121.0 950.000
472 77.0 105.0 423.0 169.0 996.000
472 1.0 131.0 83.0 64.0 725.000
486 6.0 58.0 428.0 308.0 996.000
486 344.0 141.0 71.0 70.0 813.000
486 403.0 148.0 59.0 41.0 756.000
509 217.0 134.0 267.0 120.0 999.000
509 38.0 165.0 101.0 61.0 847.000
518 57.0 94.0 379.0 172.0 993.000
544 320.0 117.0 167.0 39.0 764.000
552 18.0 165.0 309.0 49.0 987.000
552 214.0 169.0 122.0 37.0 771.000
563 87.0 106.0 348.0 143.0 997.000
563 1.0 110.0 87.0 119.0 996.000
563 412.0 107.0 89.0 151.0 950.000
593 1.0 128.0 485.0 49.0 997.000
641 9.0 1.0 469.0 346.0 979.000
668 158.0 55.0 280.0 244.0 991.000
684 195.0 88.0 183.0 179.0 999.000
732 321.0 85.0 112.0 135.0 997.000
732 14.0 93.0 152.0 129.0 996.000
732 186.0 94.0 98.0 130.0 996.000
786 47.0 167.0 281.0 273.0 992.000
794 42.0 107.0 405.0 186.0 999.000
847 38.0 151.0 382.0 102.0 999.000
885 10.0 231.0 374.0 85.0 999.000
901 140.0 30.0 323.0 286.0 999.000
908 3.0 10.0 483.0 179.0 997.000
909 228.0 199.0 134.0 54.0 997.000
912 7.0 2.0 366.0 190.0 814.000
948 284.0 92.0 214.0 172.0 999.000
948 4.0 215.0 146.0 24.0 777.000
978 29.0 115.0 458.0 105.0 998.000
986 27.0 39.0 460.0 279.0 980.000
1018 108.0 83.0 363.0 243.0 999.000
1029 6.0 13.0 349.0 335.0 910.000
1040 34.0 97.0 118.0 145.0 998.000
1046 8.0 279.0 158.0 54.0 863.000
1046 13.0 290.0 182.0 180.0 839.000
1056 6.0 75.0 483.0 238.0 972.000
1090 24.0 82.0 445.0 226.0 999.000
1092 1.0 84.0 431.0 244.0 994.000
1092 404.0 57.0 96.0 285.0 779.000
1114 78.0 132.0 285.0 118.0 999.000
1129 25.0 38.0 365.0 266.0 999.000
1129 1.0 193.0 21.0 31.0 825.000
1179 8.0 119.0 424.0 173.0 999.000
1179 402.0 154.0 97.0 123.0 941.000
1192 63.0 84.0 419.0 161.0 999.000
1210 1.0 152.0 282.0 60.0 994.000
1213 165.0 132.0 180.0 127.0 999.000
1229 244.0 155.0 243.0 119.0 962.000
1229 6.0 155.0 174.0 155.0 831.000
1241 114.0 34.0 329.0 327.0 999.000
1256 21.0 60.0 467.0 194.0 999.000
1263 194.0 110.0 290.0 115.0 994.000
1287 81.0 53.0 262.0 351.0 999.000
1340 10.0 91.0 450.0 219.0 999.000
1358 261.0 168.0 118.0 67.0 989.000
1380 48.0 16.0 221.0 242.0 998.000
1412 168.0 72.0 141.0 143.0 999.000
1412 300.0 49.0 200.0 198.0 998.000
1441 13.0 82.0 414.0 216.0 999.000
1441 422.0 159.0 73.0 87.0 980.000
1445 4.0 179.0 418.0 64.0 951.000
1446 40.0 67.0 452.0 283.0 998.000
1465 163.0 176.0 211.0 225.0 996.000
1483 114.0 127.0 56.0 75.0 998.000
1493 257.0 85.0 232.0 94.0 998.000
1495 57.0 22.0 287.0 466.0 795.000
1522 213.0 123.0 72.0 83.0 981.000
1541 20.0 43.0 309.0 209.0 995.000
1541 246.0 52.0 173.0 193.0 970.000
1588 4.0 100.0 421.0 137.0 999.000
1595 10.0 101.0 313.0 100.0 945.000
1618 20.0 36.0 462.0 324.0 804.000
1628 46.0 61.0 401.0 243.0 999.000
1660 21.0 107.0 243.0 151.0 875.000
1697 187.0 71.0 144.0 189.0 998.000
1711 2.0 98.0 338.0 395.0 999.000
1719 25.0 72.0 475.0 239.0 987.000
1742 165.0 184.0 141.0 74.0 998.000
1762 7.0 53.0 369.0 241.0 999.000
1772 4.0 107.0 422.0 268.0 999.000
1772 381.0 180.0 119.0 90.0 924.000
1791 68.0 92.0 429.0 223.0 999.000
1796 43.0 7.0 457.0 351.0 999.000
1806 220.0 147.0 252.0 105.0 939.000
1806 7.0 145.0 230.0 89.0 925.000
1827 200.0 214.0 156.0 95.0 998.000
1828 160.0 152.0 190.0 90.0 997.000
1828 1.0 142.0 92.0 34.0 972.000
1828 154.0 148.0 56.0 16.0 911.000
1828 4.0 150.0 351.0 142.0 712.000
1835 10.0 31.0 429.0 245.0 999.000
1842 229.0 123.0 148.0 119.0 849.000
1875 106.0 142.0 249.0 104.0 997.000
1875 292.0 115.0 209.0 135.0 741.000
1898 11.0 35.0 429.0 295.0 999.000
1907 112.0 63.0 385.0 228.0 990.000
1913 1.0 186.0 74.0 158.0 771.000
1918 40.0 73.0 441.0 132.0 999.000
1924 110.0 63.0 266.0 231.0 999.000
1938 149.0 102.0 48.0 54.0 994.000
1950 23.0 15.0 416.0 307.0 990.000
1986 238.0 120.0 54.0 78.0 930.000
2018 9.0 125.0 103.0 29.0 847.000
2080 204.0 125.0 75.0 81.0 998.000
2106 38.0 64.0 382.0 272.0 999.000
2119 216.0 139.0 77.0 56.0 998.000
2148 14.0 56.0 426.0 245.0 998.000
2178 97.0 92.0 333.0 153.0 999.000
2179 63.0 213.0 238.0 125.0 996.000
2194 192.0 116.0 195.0 117.0 999.000
2228 219.0 128.0 156.0 76.0 999.000
2235 8.0 97.0 447.0 231.0 996.000
2245 7.0 18.0 308.0 279.0 999.000
2294 26.0 138.0 326.0 91.0 996.000
2305 246.0 117.0 162.0 148.0 999.000
2310 10.0 13.0 487.0 141.0 999.000
2318 58.0 32.0 443.0 288.0 998.000
2322 118.0 158.0 283.0 100.0 998.000
2322 1.0 134.0 179.0 105.0 785.000
2333 187.0 121.0 298.0 132.0 999.000
2345 206.0 109.0 194.0 136.0 986.000
2345 339.0 111.0 112.0 123.0 903.000
2358 205.0 59.0 295.0 329.0 989.000
2369 10.0 114.0 481.0 107.0 999.000
2405 2.0 290.0 147.0 47.0 992.000
2421 27.0 71.0 416.0 139.0 999.000
2431 74.0 88.0 408.0 268.0 999.000
2431 483.0 183.0 17.0 51.0 752.000
2459 51.0 113.0 250.0 263.0 997.000
2473 1.0 21.0 204.0 348.0 897.000
2477 150.0 235.0 32.0 47.0 995.000
2500 61.0 174.0 95.0 76.0 949.000
2500 141.0 188.0 316.0 38.0 771.000
2502 80.0 65.0 378.0 231.0 999.000
2527 1.0 27.0 318.0 232.0 999.000
2528 44.0 129.0 370.0 185.0 999.000
2540 333.0 232.0 153.0 46.0 979.000
2556 7.0 87.0 482.0 102.0 999.000
2572 9.0 96.0 341.0 161.0 999.000
2577 385.0 215.0 105.0 55.0 902.000
2583 27.0 48.0 474.0 286.0 987.000
2618 132.0 132.0 356.0 219.0 997.000
2618 79.0 160.0 143.0 131.0 820.000
2618 75.0 169.0 80.0 95.0 778.000
2624 9.0 16.0 449.0 216.0 820.000
2627 26.0 18.0 448.0 315.0 999.000
2637 183.0 115.0 231.0 94.0 999.000
2661 10.0 137.0 370.0 106.0 999.000
2674 29.0 62.0 311.0 349.0 997.000
2686 135.0 220.0 252.0 101.0 999.000
2692 234.0 121.0 264.0 106.0 764.000
2698 45.0 98.0 304.0 149.0 999.000
2718 6.0 37.0 456.0 226.0 999.000
2743 11.0 148.0 461.0 167.0 998.000
2743 387.0 201.0 113.0 115.0 745.000
2776 75.0 234.0 338.0 105.0 996.000
2802 20.0 38.0 444.0 283.0 999.000
2802 1.0 68.0 66.0 190.0 972.000
2802 472.0 170.0 28.0 40.0 745.000
2811 48.0 112.0 422.0 177.0 998.000
2811 4.0 96.0 232.0 157.0 813.000
2817 74.0 82.0 425.0 175.0 998.000
2817 2.0 149.0 66.0 83.0 977.000
2819 245.0 179.0 222.0 118.0 911.000
2833 2.0 10.0 487.0 365.0 999.000
2834 19.0 118.0 424.0 89.0 999.000
2863 226.0 119.0 106.0 99.0 998.000
2884 271.0 43.0 70.0 40.0 717.000
2903 5.0 23.0 391.0 327.0 999.000
2907 71.0 40.0 411.0 258.0 998.000
2909 1.0 16.0 449.0 185.0 819.000
2910 17.0 88.0 421.0 111.0 986.000
2910 300.0 125.0 165.0 50.0 874.000
2947 202.0 142.0 233.0 95.0 998.000
2978 63.0 51.0 390.0 242.0 999.000
2983 53.0 53.0 420.0 232.0 999.000
2990 165.0 244.0 322.0 41.0 988.000
2990 176.0 249.0 80.0 33.0 894.000
2990 252.0 281.0 243.0 93.0 835.000
2990 180.0 248.0 167.0 28.0 835.000
3025 135.0 132.0 169.0 94.0 996.000
3053 21.0 121.0 283.0 290.0 999.000
3056 1.0 78.0 240.0 148.0 999.000
3064 24.0 65.0 329.0 360.0 999.000
3077 30.0 76.0 281.0 210.0 999.000
3085 115.0 175.0 112.0 60.0 995.000
3085 170.0 182.0 54.0 47.0 801.000
3085 171.0 183.0 138.0 51.0 796.000
3114 62.0 32.0 417.0 285.0 999.000
3151 26.0 72.0 475.0 202.0 999.000
3160 183.0 50.0 308.0 253.0 999.000
3183 282.0 164.0 182.0 110.0 994.000
3183 72.0 150.0 347.0 87.0 990.000
3214 202.0 130.0 86.0 100.0 999.000
3230 152.0 291.0 130.0 87.0 997.000
3252 138.0 108.0 300.0 196.0 999.000
3252 1.0 189.0 149.0 130.0 769.000
3278 212.0 72.0 256.0 126.0 995.000
3278 110.0 90.0 143.0 103.0 975.000
3284 20.0 3.0 306.0 455.0 788.000
3290 210.0 5.0 286.0 276.0 988.000
3290 41.0 1.0 341.0 252.0 796.000
3309 200.0 62.0 51.0 137.0 857.000
3310 30.0 58.0 468.0 269.0 999.000
3314 23.0 13.0 448.0 348.0 999.000
3326 412.0 91.0 82.0 235.0 842.000
3329 26.0 45.0 307.0 419.0 999.000
3354 15.0 93.0 344.0 150.0 997.000
3456 3.0 192.0 301.0 82.0 999.000
3475 152.0 5.0 337.0 329.0 964.000
3487 73.0 114.0 260.0 135.0 999.000
3506 75.0 127.0 415.0 62.0 996.000
3516 185.0 169.0 306.0 100.0 992.000
3516 187.0 196.0 136.0 66.0 726.000
3533 247.0 71.0 199.0 245.0 998.000
3533 39.0 91.0 173.0 219.0 993.000
3538 236.0 115.0 264.0 114.0 970.000
3558 92.0 107.0 164.0 74.0 980.000
3565 115.0 165.0 133.0 153.0 998.000
3572 11.0 83.0 463.0 163.0 999.000
3601 70.0 201.0 381.0 52.0 932.000
3641 92.0 21.0 388.0 348.0 999.000
3655 167.0 197.0 292.0 88.0 937.000
3659 169.0 81.0 152.0 222.0 998.000
3662 18.0 17.0 454.0 221.0 999.000
3686 64.0 24.0 354.0 268.0 999.000
3693 1.0 202.0 145.0 46.0 889.000
3710 23.0 1.0 477.0 349.0 999.000
3730 11.0 1.0 466.0 357.0 999.000
3758 18.0 12.0 457.0 307.0 988.000
3769 120.0 52.0 291.0 167.0 749.000
3810 152.0 227.0 31.0 54.0 988.000
3830 22.0 16.0 312.0 421.0 998.000
3834 453.0 133.0 26.0 25.0 780.000
3835 83.0 218.0 288.0 209.0 997.000
3848 56.0 57.0 363.0 177.0 997.000
3852 60.0 134.0 269.0 32.0 990.000
3858 12.0 12.0 471.0 208.0 999.000
3865 58.0 124.0 434.0 211.0 982.000
3870 3.0 30.0 452.0 305.0 999.000
3897 15.0 172.0 461.0 187.0 999.000
3910 10.0 35.0 482.0 237.0 999.000
3939 119.0 114.0 304.0 164.0 999.000
4003 28.0 250.0 472.0 82.0 995.000
4003 20.0 241.0 473.0 37.0 937.000
4016 382.0 107.0 118.0 128.0 990.000
4048 3.0 113.0 491.0 149.0 999.000
4055 4.0 78.0 366.0 210.0 995.000
4055 343.0 90.0 154.0 168.0 969.000
4070 48.0 139.0 360.0 179.0 999.000
4082 380.0 126.0 58.0 57.0 983.000
4090 11.0 82.0 183.0 171.0 997.000
4099 30.0 21.0 457.0 299.0 999.000
4099 1.0 94.0 131.0 233.0 739.000
4099 475.0 142.0 26.0 78.0 718.000
4107 15.0 94.0 392.0 209.0 999.000
4127 298.0 158.0 72.0 57.0 912.000
4127 101.0 146.0 278.0 69.0 807.000
4135 90.0 89.0 282.0 225.0 999.000
4135 360.0 153.0 97.0 135.0 997.000
4139 75.0 149.0 289.0 86.0 997.000
4139 87.0 148.0 99.0 87.0 921.000
4183 7.0 101.0 448.0 110.0 998.000
4193 131.0 120.0 160.0 99.0 999.000
4211 6.0 19.0 395.0 289.0 999.000
4226 10.0 36.0 403.0 165.0 999.000
4226 1.0 65.0 33.0 90.0 753.000
4240 152.0 72.0 174.0 197.0 999.000
4253 1.0 91.0 332.0 317.0 998.000
4256 177.0 77.0 144.0 177.0 997.000
4270 135.0 130.0 286.0 161.0 997.000
4322 9.0 163.0 308.0 29.0 997.000
4326 4.0 24.0 465.0 250.0 999.000
4328 4.0 137.0 171.0 136.0 997.000
4328 1.0 144.0 47.0 61.0 973.000
4337 21.0 39.0 476.0 257.0 998.000
4346 119.0 121.0 313.0 134.0 999.000
4359 192.0 172.0 190.0 91.0 990.000
4381 15.0 57.0 389.0 236.0 998.000
4415 30.0 51.0 285.0 316.0 999.000
4431 26.0 106.0 307.0 186.0 998.000
4431 365.0 98.0 119.0 96.0 986.000
4489 78.0 110.0 338.0 180.0 994.000
4550 140.0 65.0 251.0 222.0 999.000
4555 45.0 78.0 367.0 203.0 998.000
4584 11.0 122.0 452.0 166.0 999.000
4593 13.0 17.0 461.0 323.0 996.000
4614 45.0 148.0 323.0 88.0 998.000
4652 101.0 154.0 329.0 117.0 996.000
4652 305.0 197.0 133.0 72.0 786.000
4670 106.0 126.0 285.0 135.0 999.000
4684 129.0 69.0 286.0 209.0 999.000
4699 144.0 27.0 186.0 230.0 997.000
4726 180.0 118.0 93.0 110.0 999.000
4729 1.0 9.0 498.0 325.0 996.000
4747 124.0 153.0 180.0 221.0 998.000
4747 1.0 149.0 165.0 235.0 992.000
4784 38.0 79.0 242.0 368.0 998.000
4815 5.0 109.0 390.0 162.0 999.000
4815 331.0 114.0 170.0 71.0 958.000
4815 85.0 104.0 148.0 23.0 729.000
4833 162.0 34.0 338.0 319.0 750.000
4845 94.0 43.0 315.0 290.0 999.000
4862 6.0 86.0 475.0 292.0 999.000
4866 3.0 208.0 432.0 159.0 995.000
4885 41.0 89.0 162.0 131.0 999.000
4885 280.0 146.0 55.0 32.0 993.000
4892 9.0 24.0 466.0 285.0 998.000
4902 98.0 141.0 279.0 110.0 995.000
4902 3.0 136.0 353.0 235.0 820.000
4902 1.0 139.0 112.0 120.0 781.000
4929 142.0 156.0 336.0 44.0 883.000
4929 361.0 156.0 109.0 39.0 880.000
4929 150.0 148.0 159.0 45.0 837.000
4929 427.0 164.0 42.0 29.0 750.000
4929 299.0 163.0 23.0 29.0 743.000
4943 1.0 37.0 497.0 97.0 936.000
4945 273.0 116.0 227.0 218.0 944.000
