000002 0.996 139.4 200.5 206.7 298.7
000031 1.000 44.0 83.9 425.9 250.5
000055 0.867 303.0 134.2 416.1 190.5
000087 0.736 129.7 174.4 258.9 198.6
000088 1.000 150.0 13.7 478.9 374.3
000100 0.999 14.2 48.6 428.7 222.0
000128 0.819 192.1 176.5 451.1 223.8
000145 1.000 55.4 98.8 378.4 304.3
000145 0.930 406.5 125.7 492.5 284.2
000223 0.999 163.4 71.7 337.5 285.2
000238 1.000 1.0 1.0 295.3 375.5
000253 1.000 109.0 96.6 351.7 236.9
000281 1.000 72.0 90.6 453.8 256.9
000333 0.999 179.4 57.9 372.2 273.3
000333 0.982 5.9 52.3 254.7 149.7
000333 0.824 1.0 42.4 351.0 227.4
000398 0.999 52.2 44.7 411.8 418.4
000441 0.999 147.0 105.2 312.6 240.1
000511 0.999 99.7 141.4 279.2 228.1
000556 1.000 86.0 97.7 362.9 306.0
000629 0.996 17.5 87.9 407.6 183.1
000636 0.998 93.1 91.6 403.4 285.9
000674 0.974 2.3 1.0 239.4 375.5
000678 0.999 23.6 144.6 270.1 221.4
000678 0.890 182.9 152.9 487.2 238.6
000703 1.000 5.4 173.7 284.6 446.5
000732 1.000 35.8 228.8 333.0 463.3
000732 0.782 1.5 284.2 76.2 393.7
000735 0.999 11.8 32.3 474.4 278.3
000743 0.999 113.5 34.4 459.6 343.1
000824 0.999 67.1 108.0 474.8 330.9
000835 0.993 298.9 107.1 416.2 249.9
000835 0.982 209.0 119.0 317.9 233.5
000922 0.959 22.8 115.3 93.8 162.7
000922 0.951 118.3 104.8 232.3 226.0
000942 0.996 77.0 105.4 500.3 273.8
000942 0.726 1.0 130.8 83.7 195.3
000970 0.996 6.0 58.2 434.0 365.9
000970 0.813 344.4 140.7 414.7 210.6
000970 0.757 402.8 147.6 461.8 189.0
001016 1.000 217.0 133.9 484.0 253.8
001016 0.847 38.3 165.3 138.9 225.6
001030 0.993 57.4 93.9 436.1 265.7
001080 0.764 320.0 117.2 487.2 156.0
001094 0.987 18.1 165.2 326.8 213.7
001094 0.772 214.3 169.2 335.9 205.7
001115 0.998 86.7 105.7 435.1 249.5
001115 0.996 1.0 109.6 88.3 229.4
001115 0.950 412.1 107.3 500.5 258.0
001178 0.997 1.0 127.7 485.7 177.0
001278 0.980 8.8 1.2 478.2 346.6
001335 0.992 158.2 54.5 438.5 299.3
001359 1.000 194.6 88.2 378.2 267.2
001449 0.997 320.6 84.8 432.6 220.4
001449 0.997 13.9 92.8 166.4 222.0
001449 0.997 185.6 93.7 284.1 224.0
001567 0.993 47.3 166.7 327.7 439.8
001578 1.000 41.9 106.8 446.5 292.6
001672 1.000 38.0 151.2 420.4 252.8
001753 0.999 10.1 230.9 383.8 316.0
001788 1.000 139.6 30.1 462.8 316.3
001802 0.998 2.6 10.0 485.6 188.6
001803 0.998 228.3 199.3 361.7 253.4
001808 0.814 7.4 2.1 372.7 191.8
001876 1.000 284.3 92.1 498.0 263.9
001876 0.778 4.0 215.3 150.0 238.6
001935 0.999 29.3 115.1 487.5 219.7
001953 0.980 27.3 39.1 486.8 318.3
002009 0.999 108.4 83.2 470.6 325.8
002032 0.911 6.1 12.7 354.6 347.5
002053 0.999 33.7 96.6 152.0 242.0
002066 0.864 8.1 279.1 166.5 332.5
002066 0.840 12.9 290.3 194.7 469.6
002080 0.972 6.1 75.3 489.4 312.8
002148 1.000 24.5 82.1 469.3 308.0
002150 0.994 1.0 83.6 432.0 327.9
002150 0.779 404.2 57.1 500.5 341.7
002206 0.999 78.1 131.9 363.3 249.9
002236 1.000 25.1 37.5 389.6 303.6
002236 0.826 1.0 192.9 22.0 224.5
002351 1.000 7.9 119.1 432.2 291.6
002351 0.941 401.9 154.2 498.6 277.3
002386 1.000 63.4 83.9 481.8 245.4
002418 0.995 1.0 152.3 283.2 212.0
002424 1.000 164.8 131.6 344.9 259.3
002457 0.962 244.4 154.6 486.7 274.2
002457 0.831 5.9 155.4 179.5 310.2
002487 0.999 114.2 34.2 443.1 361.4
002521 0.999 21.5 60.4 487.8 253.8
002532 0.994 194.0 109.7 484.0 224.9
002582 0.999 80.7 53.1 343.2 404.0
002688 1.000 10.1 91.1 459.5 310.1
002728 0.989 260.9 168.3 378.5 235.3
002771 0.999 47.6 15.7 269.3 258.4
002832 0.999 168.1 72.3 309.2 214.9
002832 0.998 299.6 49.5 499.6 246.8
002890 1.000 12.5 81.5 427.3 297.8
002890 0.981 421.7 159.3 495.2 245.6
002897 0.952 4.0 179.2 421.8 243.3
002898 0.998 39.8 67.2 492.2 350.2
002929 0.997 163.1 176.0 374.5 401.3
002979 0.999 114.2 126.9 169.7 202.5
002998 0.999 256.9 85.3 489.4 178.5
003001 0.795 56.7 22.0 343.5 487.6
003059 0.981 213.3 123.3 284.6 206.2
003097 0.995 20.0 43.3 329.4 252.2
003097 0.971 246.5 51.9 419.1 244.8
003203 1.000 4.0 99.7 425.0 236.5
003220 0.946 9.9 100.6 323.2 201.3
003265 0.804 20.1 35.7 482.2 359.7
003286 1.000 45.5 60.7 447.0 304.4
003342 0.876 21.4 107.1 263.8 258.1
003428 0.999 187.3 71.2 330.6 259.6
003457 0.999 2.1 97.9 340.2 493.5
003474 0.988 25.3 71.9 500.5 311.2
003513 0.999 165.0 184.2 306.2 258.2
003547 1.000 7.1 53.3 376.5 294.2
003568 1.000 3.8 106.8 425.6 375.4
003568 0.925 381.1 180.4 500.3 269.9
003601 0.999 67.6 91.5 497.4 315.4
003613 0.999 43.2 7.0 500.5 358.5
003637 0.940 219.7 147.5 472.0 251.7
003637 0.925 7.2 145.0 237.3 234.1
003687 0.999 200.0 214.4 355.8 308.6
003689 0.998 160.4 151.8 350.1 242.1
003689 0.973 1.1 141.9 92.7 175.5
003689 0.911 153.6 148.2 210.4 164.0
003689 0.712 4.2 149.6 354.8 292.4
003710 1.000 10.2 30.7 438.7 276.2
003723 0.849 228.9 122.8 377.2 241.8
003777 0.997 106.1 141.9 354.5 246.3
003777 0.742 291.7 114.8 500.5 249.7
003829 1.000 10.7 34.7 439.8 330.3
003843 0.990 112.2 63.3 497.1 291.0
003858 0.771 1.0 186.2 75.1 343.8
003873 0.999 40.0 72.9 481.0 205.0
003883 1.000 110.0 63.3 376.0 294.3
003908 0.995 148.8 101.6 197.3 155.6
003930 0.991 22.7 15.4 439.2 322.1
004007 0.931 238.1 119.8 291.6 198.0
004070 0.847 8.5 125.4 112.4 153.7
004182 0.998 203.6 124.6 278.6 205.6
004235 1.000 38.1 63.7 420.0 336.0
004261 0.998 216.3 138.7 293.1 194.9
004324 0.998 13.8 56.1 439.7 300.6
004388 1.000 96.9 91.5 430.0 245.2
004393 0.997 63.1 212.8 300.6 338.4
004414 1.000 191.7 116.5 386.7 232.5
004473 1.000 219.0 128.5 374.8 204.2
004483 0.996 8.0 96.7 454.7 328.4
004505 0.999 7.4 17.7 314.9 296.6
004603 0.996 26.3 138.4 351.6 228.7
004624 1.000 246.4 117.2 408.0 265.4
004638 1.000 10.1 13.3 497.2 153.5
004657 0.998 58.2 31.6 500.5 320.0
004663 0.998 118.5 157.9 400.9 257.7
004663 0.786 1.0 134.0 179.8 238.5
004681 1.000 187.2 121.1 485.2 252.9
004711 0.986 206.0 108.9 400.5 244.8
004711 0.904 338.8 111.1 450.5 234.1
004731 0.990 205.0 58.6 500.4 388.4
004751 1.000 10.2 113.9 491.0 221.5
004817 0.992 2.0 290.2 148.6 336.7
004853 1.000 27.3 70.8 442.8 210.3
004871 1.000 74.5 87.6 481.8 356.0
004871 0.753 482.9 182.7 500.2 234.3
004921 0.997 51.1 113.1 301.3 376.1
004944 0.897 1.0 21.0 205.1 369.0
004952 0.995 149.6 235.1 182.1 282.3
005011 0.949 61.3 174.4 155.6 250.1
005011 0.771 141.2 187.8 456.7 225.9
005013 1.000 80.2 65.1 458.0 296.4
005069 0.999 1.0 26.6 318.9 259.0
005070 1.000 44.0 128.9 414.0 313.7
005095 0.980 333.4 232.1 486.3 277.5
005123 0.999 7.5 86.9 489.1 189.0
005154 1.000 9.0 95.9 349.9 256.6
005163 0.902 385.3 215.2 490.1 269.5
005172 0.988 27.2 48.5 500.5 333.5
005240 0.997 132.0 132.3 487.8 350.9
005240 0.820 78.6 159.9 221.5 291.5
005240 0.778 75.0 169.4 155.4 264.0
005251 0.820 8.5 15.9 457.5 232.3
005256 1.000 26.2 18.3 474.2 332.5
005280 0.999 182.5 115.0 414.4 208.7
005330 0.999 10.5 137.0 380.1 243.2
005359 0.997 28.6 62.2 340.1 411.2
005390 1.000 135.4 219.7 387.4 321.1
005402 0.764 233.6 120.8 497.8 226.7
005422 1.000 44.9 97.8 348.6 246.9
005463 1.000 6.4 37.1 461.7 262.7
005504 0.998 11.4 147.7 471.6 315.4
005504 0.745 386.7 201.0 500.0 315.9
005569 0.997 75.4 233.8 413.4 338.9
005626 1.000 20.5 38.1 463.5 321.4
005626 0.972 1.0 68.2 67.5 258.0
005626 0.746 472.1 170.2 499.9 210.3
005643 0.998 48.3 112.0 469.6 289.3
005643 0.814 4.1 96.2 236.5 253.2
005659 0.999 73.7 81.9 499.1 257.3
005659 0.978 1.9 149.1 67.6 232.4
005663 0.911 245.4 178.9 466.8 296.8
005689 1.000 1.8 10.1 489.1 375.5
005690 0.999 18.9 118.4 442.9 206.8
005751 0.999 225.9 119.3 332.3 218.5
005797 0.717 271.4 43.4 340.7 83.2
005837 1.000 4.6 23.1 395.7 350.5
005847 0.999 70.8 40.1 481.6 297.9
005849 0.820 1.0 16.1 450.0 201.1
005855 0.986 16.6 87.6 438.4 198.8
005855 0.874 299.6 125.0 465.2 174.8
005933 0.998 202.2 142.5 435.1 236.5
005986 1.000 62.5 50.8 453.0 293.4
005999 1.000 53.0 53.3 473.1 285.0
006013 0.989 165.5 243.6 487.0 285.3
006013 0.895 175.6 249.3 255.6 281.8
006013 0.836 252.0 281.1 495.2 374.1
006013 0.836 179.5 247.7 346.8 276.2
006077 0.997 135.5 132.2 303.5 226.3
006127 1.000 20.6 120.6 303.7 410.8
006138 0.999 1.0 77.9 240.5 226.4
006154 0.999 23.7 64.5 353.0 424.5
006191 1.000 30.0 75.9 310.6 286.2
006204 0.995 114.8 174.7 227.2 235.5
006204 0.801 170.4 182.0 223.8 229.5
006204 0.797 170.5 182.8 309.4 234.1
006278 1.000 61.7 32.5 479.1 317.0
006356 1.000 25.7 72.3 500.5 273.8
006372 1.000 182.7 49.7 491.1 302.8
006410 0.994 281.7 164.5 464.1 273.7
006410 0.990 71.7 149.9 418.7 237.1
006485 0.999 202.4 129.7 288.0 229.9
006513 0.997 152.0 291.4 281.5 378.3
006554 0.999 138.0 107.7 438.2 303.9
006554 0.769 1.0 189.1 150.0 319.1
006600 0.996 211.5 72.2 467.9 197.7
006600 0.976 110.1 89.8 253.3 193.2
006614 0.789 19.7 3.3 325.9 458.1
006629 0.989 210.4 4.7 495.9 281.3
006629 0.797 40.9 1.0 381.8 253.4
006665 0.857 199.6 61.9 250.7 199.5
006669 1.000 29.9 58.3 498.1 326.8
006680 1.000 22.8 13.4 471.4 361.4
006711 0.842 412.2 90.6 494.2 325.8
006715 1.000 25.9 45.4 333.4 463.7
006763 0.997 14.6 93.2 359.0 243.1
006978 1.000 3.2 192.1 303.5 274.3
007013 0.965 151.8 4.6 488.8 333.5
007037 0.999 72.9 113.6 332.9 249.1
007085 0.997 74.7 127.5 489.6 189.2
007107 0.993 184.7 168.6 491.1 268.8
007107 0.727 187.0 195.8 323.2 261.7
007142 0.998 247.1 70.6 446.4 316.4
007142 0.993 39.1 91.0 211.7 309.8
007156 0.970 236.3 115.4 500.5 229.0
007195 0.980 92.3 107.3 256.4 180.5
007206 0.999 114.8 165.1 248.4 317.9
007226 0.999 11.1 82.8 473.6 245.6
007278 0.933 69.6 201.1 451.5 253.4
007349 0.999 92.4 20.6 479.5 368.6
007377 0.938 167.5 197.3 459.1 285.4
007382 0.998 169.4 80.7 321.1 302.9
007387 1.000 18.0 16.9 472.4 238.4
007430 1.000 63.9 23.9 418.1 292.1
007450 0.890 1.0 201.8 145.5 247.6
007488 1.000 22.6 1.0 500.5 350.2
007520 0.999 10.8 1.3 477.1 358.0
007581 0.988 18.5 12.1 475.0 318.8
007597 0.749 120.3 52.1 411.3 219.1
007686 0.989 152.0 227.3 182.6 281.0
007726 0.999 22.3 15.7 334.1 436.9
007734 0.781 453.1 132.5 478.5 158.2
007737 0.998 83.1 217.9 370.6 427.3
007764 0.997 56.3 57.2 418.9 233.7
007771 0.990 59.6 134.3 329.0 165.7
007784 1.000 11.7 11.5 483.4 219.9
007796 0.983 57.6 124.3 492.0 334.5
007804 0.999 2.6 30.5 454.9 334.5
007852 1.000 14.7 171.8 476.3 358.8
007881 1.000 10.4 34.8 492.2 271.9
007945 1.000 118.6 114.0 423.5 277.8
008065 0.996 28.2 249.9 500.5 332.2
008065 0.938 20.1 241.5 493.4 278.3
008092 0.990 381.7 107.1 499.5 235.4
008154 1.000 3.0 112.5 494.3 261.9
008165 0.995 3.7 78.0 370.4 287.9
008165 0.969 342.9 90.2 497.2 258.0
008194 1.000 48.3 139.2 408.3 318.0
008217 0.983 380.0 125.9 438.4 182.6
008234 0.998 11.4 81.8 193.7 253.0
008247 1.000 30.1 20.5 486.7 319.5
008247 0.740 1.0 94.1 131.7 327.1
008247 0.719 474.5 142.5 500.5 219.7
008266 1.000 14.6 94.4 406.7 302.7
008308 0.913 298.0 157.7 369.6 214.7
008308 0.807 100.9 145.7 379.2 215.1
008331 0.999 90.3 88.6 372.4 313.6
008331 0.997 360.4 152.8 456.7 288.0
008339 0.997 74.5 149.1 363.9 234.6
008339 0.922 86.9 148.4 185.5 235.5
008412 0.998 6.5 100.9 454.8 211.4
008435 0.999 131.4 120.0 291.4 219.2
008473 0.999 5.6 19.1 401.1 307.9
008500 1.000 9.9 35.9 413.0 201.2
008500 0.754 1.0 65.2 33.9 154.7
008531 0.999 152.4 72.2 325.6 269.5
008552 0.999 1.0 91.3 332.6 408.1
008560 0.998 177.1 76.6 320.6 253.6
008580 0.998 134.8 129.7 420.6 291.4
008672 0.998 9.2 162.9 317.0 192.4
008677 1.000 4.5 23.7 468.7 273.9
008679 0.997 4.3 136.9 174.6 273.1
008679 0.973 1.0 143.7 48.3 205.3
008696 0.999 21.1 38.5 496.5 296.0
008712 1.000 119.2 121.3 431.8 255.4
008743 0.991 192.4 172.3 382.2 262.7
008789 0.999 14.7 57.1 403.7 293.0
008855 1.000 30.4 50.9 314.6 367.1
008893 0.998 26.3 105.9 332.9 292.3
008893 0.986 365.0 98.4 484.5 193.8
009011 0.994 77.8 109.7 415.7 290.4
009124 0.999 140.3 64.7 391.0 287.1
009134 0.999 44.9 78.3 412.5 281.0
009203 1.000 11.3 121.7 462.7 288.3
009220 0.996 13.0 17.4 474.4 339.8
009260 0.999 45.2 148.3 368.4 236.0
009340 0.996 101.1 153.6 430.0 271.0
009340 0.787 305.4 197.3 438.3 268.7
009372 0.999 106.1 126.3 391.2 260.6
009399 1.000 128.8 68.6 414.8 278.1
009436 0.998 144.0 26.6 329.7 256.9
009501 0.999 179.8 118.0 273.0 228.2
009506 0.997 1.0 9.4 499.4 333.5
009548 0.998 124.2 153.5 303.6 373.6
009548 0.993 1.0 149.0 165.7 384.4
009625 0.999 38.5 79.2 280.4 446.8
009682 1.000 4.7 108.6 395.4 271.2
009682 0.959 331.4 114.0 500.5 185.1
009682 0.729 84.7 104.1 233.1 126.5
009725 0.750 162.5 33.5 500.5 353.3
009751 1.000 94.2 43.3 409.4 333.2
009784 1.000 5.5 86.1 480.9 377.8
009791 0.996 2.6 208.3 434.8 367.0
009827 1.000 40.5 89.1 202.9 220.2
009827 0.993 280.5 146.2 334.5 178.2
009844 0.999 9.4 23.6 474.8 308.5
009864 0.996 97.5 140.7 376.7 251.1
009864 0.820 3.1 136.1 355.7 370.7
009864 0.781 1.0 139.0 113.2 259.5
009921 0.883 141.8 155.7 477.7 200.1
009921 0.881 361.5 156.2 470.3 195.1
009921 0.837 150.0 148.4 309.4 192.7
009921 0.750 426.8 163.6 468.7 192.9
009921 0.743 298.7 162.5 321.9 191.8
009943 0.937 1.0 36.9 498.0 134.4
009951 0.945 272.7 116.1 499.6 333.5
