10 452.0 1.0 49.0 87.0 751.000
23 283.0 55.0 191.0 211.0 997.000
23 3.0 136.0 209.0 130.0 956.000
31 178.0 132.0 88.0 68.0 978.000
31 94.0 160.0 52.0 44.0 958.000
103 206.0 66.0 121.0 105.0 996.000
112 41.0 45.0 139.0 107.0 961.000
131 154.0 7.0 219.0 158.0 996.000
146 178.0 163.0 161.0 133.0 996.000
146 1.0 168.0 165.0 136.0 984.000
169 29.0 106.0 397.0 245.0 997.000
184 99.0 48.0 181.0 153.0 838.000
201 144.0 208.0 65.0 49.0 997.000
211 47.0 54.0 213.0 190.0 997.000
214 9.0 50.0 172.0 173.0 982.000
290 170.0 187.0 115.0 116.0 980.000
314 4.0 279.0 274.0 88.0 865.000
333 182.0 90.0 170.0 149.0 996.000
341 97.0 33.0 243.0 198.0 999.000
387 52.0 14.0 159.0 135.0 763.000
390 39.0 9.0 414.0 350.0 999.000
406 141.0 103.0 51.0 60.0 971.000
415 79.0 58.0 320.0 283.0 997.000
482 176.0 250.0 57.0 45.0 889.000
487 22.0 121.0 127.0 112.0 997.000
500 42.0 124.0 112.0 108.0 998.000
507 137.0 105.0 237.0 191.0 995.000
517 251.0 48.0 198.0 179.0 998.000
526 171.0 153.0 41.0 48.0 971.000
526 170.0 76.0 40.0 44.0 966.000
526 224.0 159.0 44.0 43.0 954.000
526 300.0 155.0 59.0 47.0 954.000
545 402.0 154.0 55.0 68.0 941.000
577 148.0 157.0 43.0 40.0 961.000
577 254.0 149.0 42.0 38.0 885.000
670 249.0 58.0 91.0 67.0 998.000
685 168.0 14.0 324.0 326.0 998.000
685 1.0 55.0 176.0 251.0 990.000
687 110.0 68.0 159.0 137.0 996.000
687 268.0 63.0 168.0 157.0 995.000
702 387.0 27.0 112.0 175.0 857.000
737 1.0 114.0 52.0 94.0 984.000
753 209.0 55.0 126.0 119.0 991.000
753 343.0 67.0 149.0 116.0 877.000
761 45.0 230.0 131.0 126.0 993.000
775 94.0 98.0 312.0 229.0 955.000
777 24.0 59.0 83.0 78.0 987.000
779 169.0 40.0 184.0 130.0 997.000
854 55.0 67.0 443.0 308.0 980.000
855 267.0 135.0 48.0 52.0 944.000
855 436.0 139.0 44.0 58.0 923.000
862 113.0 2.0 285.0 315.0 998.000
879 54.0 172.0 95.0 88.0 977.000
879 333.0 96.0 27.0 32.0 755.000
913 370.0 217.0 130.0 156.0 989.000
915 454.0 172.0 46.0 112.0 987.000
923 155.0 65.0 152.0 164.0 996.000
924 450.0 116.0 50.0 52.0 862.000
945 69.0 46.0 276.0 203.0 998.000
962 272.0 185.0 84.0 55.0 996.000
991 52.0 125.0 102.0 71.0 995.000
991 7.0 194.0 87.0 77.0 816.000
1044 89.0 73.0 222.0 244.0 995.000
1044 313.0 116.0 185.0 259.0 924.000
1049 149.0 4.0 344.0 330.0 989.000
1049 53.0 57.0 182.0 261.0 760.000
1050 66.0 81.0 130.0 98.0 992.000
1057 212.0 143.0 124.0 106.0 997.000
1063 142.0 16.0 192.0 210.0 993.000
1075 374.0 132.0 65.0 67.0 939.000
1110 26.0 1.0 236.0 64.0 776.000
1123 425.0 64.0 76.0 74.0 993.000
1137 338.0 119.0 149.0 156.0 989.000
1139 191.0 80.0 170.0 154.0 999.000
1146 147.0 199.0 115.0 103.0 995.000
1181 10.0 53.0 161.0 145.0 994.000
1196 149.0 217.0 131.0 127.0 989.000
1217 1.0 1.0 481.0 192.0 990.000
1233 1.0 125.0 122.0 250.0 994.000
1247 4.0 217.0 133.0 132.0 993.000
1295 1.0 80.0 131.0 193.0 971.000
1299 267.0 176.0 167.0 163.0 971.000
1315 224.0 86.0 61.0 50.0 984.000
1315 154.0 84.0 63.0 68.0 971.000
1389 35.0 28.0 212.0 161.0 976.000
1397 290.0 242.0 76.0 91.0 979.000
1419 322.0 88.0 105.0 118.0 992.000
1419 192.0 80.0 120.0 104.0 991.000
1448 163.0 87.0 141.0 125.0 997.000
1451 215.0 284.0 113.0 107.0 993.000
1472 226.0 125.0 122.0 123.0 989.000
1472 68.0 117.0 148.0 133.0 982.000
1488 200.0 23.0 272.0 237.0 999.000
1492 269.0 22.0 229.0 225.0 995.000
1492 3.0 32.0 159.0 264.0 732.000
1547 65.0 105.0 165.0 135.0 986.000
1557 194.0 37.0 208.0 197.0 790.000
1567 157.0 142.0 63.0 42.0 990.000
1611 191.0 164.0 136.0 133.0 999.000
1632 257.0 33.0 115.0 194.0 955.000
1632 70.0 67.0 185.0 163.0 721.000
1643 179.0 51.0 123.0 118.0 926.000
1643 1.0 67.0 103.0 125.0 925.000
1649 1.0 166.0 81.0 90.0 980.000
1661 36.0 194.0 45.0 49.0 917.000
1683 80.0 157.0 163.0 163.0 993.000
1683 140.0 120.0 143.0 161.0 830.000
1714 56.0 40.0 307.0 425.0 922.000
1740 451.0 103.0 49.0 128.0 985.000
1740 297.0 148.0 128.0 100.0 807.000
1740 129.0 183.0 88.0 65.0 780.000
1751 212.0 159.0 73.0 65.0 952.000
1766 239.0 1.0 247.0 256.0 995.000
1766 42.0 60.0 164.0 192.0 924.000
1785 241.0 133.0 83.0 66.0 994.000
1826 108.0 48.0 356.0 315.0 999.000
1826 2.0 111.0 103.0 264.0 969.000
1838 320.0 286.0 55.0 157.0 987.000
1853 407.0 218.0 93.0 157.0 777.000
1860 296.0 433.0 92.0 66.0 857.000
1863 38.0 90.0 158.0 125.0 996.000
1874 172.0 60.0 112.0 97.0 992.000
1885 98.0 44.0 191.0 180.0 998.000
1939 203.0 103.0 46.0 47.0 981.000
1939 326.0 131.0 58.0 57.0 979.000
1939 360.0 136.0 84.0 57.0 795.000
1953 1.0 116.0 87.0 149.0 991.000
1975 205.0 154.0 221.0 215.0 989.000
1990 1.0 251.0 67.0 100.0 843.000
1990 73.0 190.0 114.0 138.0 807.000
1998 204.0 186.0 127.0 132.0 982.000
1998 74.0 172.0 90.0 61.0 820.000
1998 260.0 118.0 79.0 63.0 734.000
2007 239.0 185.0 114.0 84.0 997.000
2015 52.0 1.0 187.0 210.0 994.000
2042 427.0 94.0 70.0 168.0 713.000
2065 134.0 95.0 52.0 42.0 889.000
2070 241.0 129.0 63.0 54.0 985.000
2077 408.0 7.0 91.0 267.0 972.000
2100 138.0 134.0 73.0 64.0 812.000
2116 201.0 31.0 88.0 77.0 986.000
2139 193.0 70.0 306.0 291.0 957.000
2139 1.0 60.0 121.0 278.0 845.000
2157 1.0 90.0 59.0 144.0 962.000
2157 41.0 125.0 101.0 132.0 945.000
2157 185.0 172.0 42.0 65.0 743.000
2191 36.0 7.0 445.0 303.0 811.000
2198 37.0 152.0 138.0 97.0 998.000
2217 376.0 59.0 85.0 65.0 920.000
2323 16.0 346.0 122.0 140.0 987.000
2336 99.0 11.0 252.0 162.0 937.000
2348 27.0 132.0 175.0 135.0 987.000
2349 163.0 290.0 109.0 90.0 997.000
2349 300.0 327.0 75.0 91.0 852.000
2389 369.0 129.0 77.0 71.0 909.000
2389 457.0 137.0 44.0 73.0 801.000
2389 85.0 123.0 45.0 43.0 774.000
2524 90.0 83.0 145.0 127.0 998.000
2582 28.0 41.0 430.0 296.0 794.000
2585 64.0 34.0 381.0 336.0 997.000
2589 48.0 99.0 257.0 200.0 999.000
2615 109.0 183.0 175.0 184.0 943.000
2626 7.0 123.0 104.0 133.0 997.000
2646 162.0 194.0 74.0 69.0 903.000
2653 297.0 82.0 85.0 78.0 990.000
2680 360.0 200.0 92.0 68.0 934.000
2695 17.0 55.0 110.0 78.0 982.000
2719 143.0 38.0 77.0 81.0 939.000
2760 1.0 169.0 148.0 206.0 988.000
2761 46.0 177.0 39.0 70.0 991.000
2764 56.0 29.0 114.0 86.0 995.000
2764 36.0 161.0 163.0 132.0 849.000
2774 115.0 253.0 89.0 87.0 971.000
2784 243.0 112.0 92.0 78.0 966.000
2784 144.0 174.0 84.0 105.0 718.000
2785 319.0 47.0 58.0 58.0 963.000
2864 375.0 76.0 58.0 152.0 908.000
2864 426.0 62.0 71.0 197.0 900.000
2865 300.0 147.0 64.0 47.0 997.000
2890 308.0 209.0 80.0 66.0 988.000
2891 383.0 179.0 107.0 101.0 967.000
2897 94.0 166.0 144.0 106.0 991.000
2901 89.0 219.0 169.0 157.0 998.000
2905 100.0 1.0 109.0 102.0 915.000
2919 403.0 4.0 97.0 321.0 777.000
2930 67.0 130.0 71.0 62.0 987.000
2932 340.0 132.0 139.0 110.0 997.000
2932 45.0 144.0 104.0 76.0 994.000
2932 213.0 146.0 136.0 95.0 991.000
2949 62.0 191.0 38.0 27.0 826.000
2954 34.0 1.0 443.0 318.0 922.000
2958 110.0 10.0 364.0 281.0 998.000
2982 125.0 175.0 79.0 70.0 821.000
3005 355.0 39.0 132.0 124.0 994.000
3021 3.0 148.0 100.0 123.0 997.000
3023 348.0 183.0 62.0 59.0 998.000
3041 197.0 261.0 24.0 32.0 752.000
3047 176.0 98.0 165.0 126.0 998.000
3059 29.0 27.0 376.0 359.0 999.000
3120 162.0 75.0 79.0 83.0 993.000
3126 132.0 65.0 45.0 39.0 923.000
3127 41.0 1.0 315.0 305.0 999.000
3131 6.0 117.0 86.0 111.0 702.000
3145 1.0 47.0 51.0 54.0 802.000
3148 92.0 9.0 374.0 195.0 998.000
3167 339.0 8.0 159.0 148.0 998.000
3170 158.0 42.0 111.0 97.0 997.000
3172 179.0 131.0 64.0 65.0 863.000
3198 179.0 7.0 132.0 59.0 799.000
3200 105.0 225.0 68.0 62.0 995.000
3264 78.0 118.0 61.0 60.0 915.000
3289 200.0 8.0 65.0 72.0 837.000
3291 251.0 54.0 160.0 144.0 998.000
3292 61.0 126.0 68.0 121.0 857.000
3318 92.0 195.0 408.0 179.0 830.000
3342 4.0 146.0 192.0 160.0 994.000
3343 85.0 160.0 95.0 133.0 996.000
3358 32.0 1.0 217.0 57.0 927.000
3359 181.0 2.0 85.0 87.0 932.000
3374 229.0 215.0 66.0 76.0 963.000
3383 171.0 108.0 61.0 88.0 835.000
3383 248.0 192.0 52.0 70.0 818.000
3460 309.0 63.0 31.0 27.0 980.000
3460 49.0 108.0 79.0 62.0 961.000
3460 366.0 65.0 31.0 27.0 946.000
3460 256.0 61.0 29.0 28.0 939.000
3460 127.0 98.0 61.0 40.0 721.000
3517 1.0 208.0 27.0 94.0 985.000
3550 414.0 205.0 48.0 86.0 813.000
3559 336.0 55.0 158.0 154.0 975.000
3559 12.0 55.0 164.0 150.0 969.000
3559 176.0 60.0 160.0 147.0 941.000
3564 54.0 11.0 113.0 184.0 987.000
3564 161.0 51.0 91.0 115.0 878.000
3624 70.0 1.0 195.0 236.0 992.000
3629 1.0 116.0 55.0 85.0 989.000
3630 186.0 123.0 188.0 181.0 986.000
3640 49.0 112.0 63.0 60.0 998.000
3644 79.0 25.0 89.0 74.0 948.000
3660 370.0 4.0 130.0 76.0 915.000
3670 261.0 95.0 41.0 30.0 996.000
3711 284.0 122.0 82.0 77.0 888.000
3751 320.0 157.0 54.0 46.0 995.000
3760 336.0 3.0 164.0 159.0 991.000
3824 2.0 241.0 207.0 134.0 961.000
3840 1.0 106.0 23.0 70.0 716.000
3840 385.0 162.0 45.0 42.0 709.000
3874 20.0 67.0 83.0 68.0 947.000
3874 132.0 95.0 53.0 119.0 875.000
3876 125.0 161.0 27.0 35.0 720.000
3887 132.0 92.0 123.0 105.0 996.000
3890 13.0 32.0 462.0 343.0 998.000
3975 199.0 1.0 301.0 319.0 830.000
3995 89.0 255.0 186.0 220.0 999.000
3996 188.0 145.0 98.0 75.0 930.000
3996 17.0 142.0 92.0 76.0 756.000
3996 272.0 154.0 90.0 73.0 705.000
4061 69.0 9.0 310.0 226.0 999.000
4112 243.0 22.0 226.0 214.0 996.000
4114 173.0 52.0 65.0 86.0 953.000
4114 232.0 63.0 85.0 89.0 927.000
4119 307.0 80.0 92.0 78.0 989.000
4119 461.0 82.0 39.0 50.0 799.000
4119 274.0 76.0 67.0 68.0 746.000
4122 136.0 2.0 236.0 160.0 978.000
4143 383.0 186.0 57.0 43.0 995.000
4177 185.0 72.0 143.0 124.0 991.000
4178 316.0 51.0 125.0 110.0 998.000
4178 74.0 49.0 115.0 116.0 994.000
4178 183.0 50.0 106.0 95.0 993.000
4180 85.0 175.0 111.0 101.0 805.000
4190 171.0 15.0 169.0 150.0 964.000
4201 56.0 244.0 112.0 103.0 996.000
4210 304.0 156.0 96.0 99.0 992.000
4210 88.0 230.0 58.0 59.0 789.000
4217 153.0 232.0 62.0 52.0 984.000
4217 212.0 231.0 55.0 53.0 980.000
4237 1.0 50.0 269.0 319.0 998.000
4257 332.0 64.0 168.0 175.0 994.000
4257 140.0 59.0 192.0 160.0 992.000
4258 344.0 92.0 81.0 66.0 867.000
4284 358.0 65.0 95.0 68.0 997.000
4313 129.0 41.0 270.0 176.0 998.000
4314 259.0 47.0 198.0 150.0 984.000
4314 271.0 127.0 82.0 54.0 700.000
4325 112.0 17.0 318.0 287.0 998.000
4333 144.0 57.0 82.0 69.0 978.000
4333 476.0 19.0 24.0 64.0 896.000
4343 308.0 83.0 182.0 165.0 931.000
4343 148.0 105.0 153.0 149.0 899.000
4343 4.0 128.0 145.0 119.0 898.000
4343 10.0 6.0 359.0 127.0 709.000
4412 107.0 62.0 146.0 176.0 971.000
4429 359.0 40.0 89.0 87.0 986.000
4429 175.0 137.0 124.0 103.0 957.000
4435 439.0 1.0 52.0 34.0 917.000
4460 1.0 165.0 134.0 119.0 756.000
4462 243.0 1.0 241.0 176.0 998.000
4465 81.0 28.0 118.0 98.0 906.000
4465 282.0 30.0 154.0 148.0 813.000
4465 409.0 54.0 89.0 215.0 772.000
4478 297.0 85.0 62.0 69.0 968.000
4488 1.0 1.0 73.0 69.0 991.000
4536 1.0 75.0 112.0 147.0 989.000
4561 54.0 4.0 270.0 179.0 998.000
4570 88.0 44.0 131.0 148.0 993.000
4570 225.0 56.0 126.0 115.0 988.000
4570 239.0 178.0 59.0 58.0 952.000
4570 299.0 171.0 58.0 52.0 878.000
4570 1.0 64.0 58.0 113.0 833.000
4590 37.0 89.0 361.0 245.0 992.000
4591 20.0 1.0 299.0 224.0 999.000
4591 322.0 108.0 33.0 56.0 787.000
4597 136.0 2.0 216.0 183.0 998.000
4638 86.0 48.0 135.0 109.0 989.000
4643 84.0 70.0 370.0 318.0 998.000
4661 371.0 160.0 127.0 140.0 989.000
4661 189.0 178.0 108.0 104.0 986.000
4667 444.0 99.0 57.0 112.0 818.000
4672 406.0 221.0 31.0 27.0 902.000
4683 7.0 164.0 86.0 80.0 987.000
4688 256.0 68.0 223.0 219.0 997.000
4688 1.0 30.0 249.0 250.0 993.000
4713 151.0 1.0 224.0 232.0 996.000
4735 469.0 189.0 31.0 79.0 986.000
4754 82.0 80.0 111.0 109.0 996.000
4754 1.0 1.0 56.0 67.0 992.000
4770 217.0 288.0 115.0 87.0 997.000
4818 232.0 51.0 94.0 85.0 996.000
4822 49.0 177.0 68.0 64.0 851.000
4865 456.0 80.0 33.0 36.0 840.000
4868 96.0 160.0 95.0 64.0 997.000
4888 377.0 1.0 123.0 70.0 901.000
4890 114.0 66.0 302.0 224.0 998.000
4910 190.0 115.0 124.0 141.0 914.000
4920 343.0 59.0 112.0 103.0 995.000
4920 129.0 88.0 92.0 74.0 823.000
4920 28.0 90.0 94.0 72.0 789.000
4925 277.0 225.0 38.0 32.0 900.000
4925 221.0 137.0 82.0 61.0 794.000
