000014 0.752 452.3 1.0 500.5 87.6
000045 0.997 282.7 55.0 474.1 266.0
000045 0.956 3.4 136.0 212.2 266.4
000059 0.978 178.5 132.2 265.9 200.0
000059 0.959 94.0 160.4 145.7 204.1
000204 0.997 205.8 65.6 327.3 170.5
000227 0.961 41.4 44.6 180.3 151.8
000265 0.997 154.5 6.8 373.0 164.8
000291 0.997 177.8 162.5 338.5 295.6
000291 0.985 1.0 167.9 166.4 304.3
000342 0.998 29.2 106.2 426.0 350.9
000366 0.839 98.8 47.9 279.9 201.3
000397 0.997 144.5 208.1 208.8 256.7
000414 0.998 47.4 53.8 259.6 243.6
000421 0.983 9.1 50.0 180.7 223.4
000571 0.981 170.1 186.5 285.3 303.5
000615 0.866 4.2 279.0 277.7 366.9
000644 0.997 182.4 90.5 352.0 238.6
000659 0.999 97.0 33.5 340.4 230.9
000749 0.763 52.1 13.8 211.1 148.8
000758 0.999 39.1 8.8 452.6 359.1
000790 0.972 140.5 102.5 192.4 163.3
000813 0.997 79.4 58.4 399.5 340.7
000961 0.889 175.6 249.8 232.8 295.2
000974 0.998 22.0 121.2 148.9 232.5
000994 0.998 42.3 124.4 153.8 231.8
001007 0.996 137.2 105.0 373.8 296.0
001029 0.999 250.9 47.7 449.3 227.2
001039 0.972 171.1 153.5 211.8 200.9
001039 0.966 170.4 75.6 209.8 119.9
001039 0.955 224.4 159.4 268.3 201.7
001039 0.954 299.9 155.3 359.1 201.6
001081 0.942 401.5 153.7 456.7 221.9
001138 0.962 147.9 156.5 191.2 196.6
001138 0.886 253.6 148.6 296.2 187.2
001338 0.998 249.2 58.1 339.8 124.6
001363 0.999 168.4 13.7 492.2 340.4
001363 0.990 1.0 55.3 177.0 305.7
001367 0.997 110.3 68.1 269.3 205.1
001367 0.996 268.3 63.2 435.8 220.1
001392 0.857 386.6 27.2 499.0 202.4
001459 0.985 1.0 113.6 52.6 208.1
001500 0.992 209.3 54.8 335.2 174.1
001500 0.878 343.4 66.6 491.8 182.7
001513 0.993 44.6 229.6 175.5 355.6
001546 0.956 94.1 98.5 405.7 327.3
001549 0.988 24.4 59.4 106.6 137.4
001551 0.997 168.9 40.1 352.6 169.6
001695 0.981 55.5 66.8 497.8 375.5
001696 0.944 266.9 134.9 314.5 187.2
001696 0.924 436.2 138.8 480.4 196.7
001704 0.998 113.1 2.3 398.3 316.6
001742 0.978 53.9 172.1 149.3 260.4
001742 0.756 333.0 96.1 360.5 128.5
001811 0.989 370.4 217.4 499.6 373.1
001813 0.988 454.1 172.2 500.5 284.2
001824 0.996 155.2 65.3 307.3 228.8
001826 0.863 450.0 115.9 500.5 167.7
001871 0.999 69.4 46.3 345.5 248.7
001905 0.996 272.4 184.5 355.7 240.0
001961 0.995 51.8 124.5 153.7 195.7
001961 0.817 6.7 193.5 94.1 271.1
002062 0.995 89.4 73.3 311.4 316.6
002062 0.925 313.5 115.7 498.4 375.5
002073 0.989 148.8 3.6 493.2 333.5
002073 0.760 53.3 57.1 234.7 318.0
002074 0.992 65.9 81.3 196.0 178.7
002081 0.998 212.2 142.5 336.2 249.4
002093 0.994 142.2 15.7 334.0 225.7
002119 0.940 373.9 132.3 438.8 198.8
002200 0.777 26.5 1.0 261.9 65.3
002227 0.994 424.8 64.3 500.5 138.0
002252 0.990 338.1 118.5 487.2 274.9
002258 1.000 191.2 79.6 361.5 233.5
002282 0.996 147.0 199.1 262.5 301.9
002356 0.994 9.7 53.3 171.3 198.3
002394 0.990 148.9 217.1 279.6 344.2
002430 0.990 1.0 1.0 482.4 192.9
002469 0.995 1.0 124.7 123.0 375.5
002503 0.993 3.6 217.2 136.7 348.8
002601 0.972 1.0 80.0 132.1 273.1
002608 0.971 266.9 176.0 433.6 339.3
002638 0.985 223.9 86.1 284.7 136.0
002638 0.971 153.8 84.4 217.4 151.7
002792 0.977 35.1 27.7 246.9 189.2
002809 0.979 290.3 242.0 366.0 332.9
002850 0.993 322.5 87.8 426.7 206.2
002850 0.992 192.3 80.3 311.7 184.5
002902 0.997 162.8 86.8 304.3 211.8
002905 0.993 214.6 283.6 328.0 391.3
002951 0.990 225.7 125.5 347.8 248.3
002951 0.982 67.7 117.5 216.4 250.4
002985 0.999 200.0 22.9 471.5 260.3
002997 0.996 269.5 21.7 498.3 247.1
002997 0.733 3.3 32.1 162.3 296.0
003113 0.987 64.6 104.7 229.6 239.8
003136 0.790 194.1 37.4 401.8 234.2
003158 0.991 157.0 141.5 219.9 184.4
003248 1.000 191.5 164.4 327.2 296.9
003291 0.955 257.4 33.0 371.8 226.8
003291 0.721 70.1 67.2 254.8 230.3
003314 0.926 179.2 51.1 302.4 169.0
003314 0.925 1.0 67.3 103.9 192.1
003322 0.981 1.0 165.7 82.5 256.2
003345 0.918 36.3 194.2 81.0 243.4
003389 0.993 80.4 157.1 243.3 319.9
003389 0.831 140.4 120.0 283.0 281.2
003463 0.923 56.3 40.5 362.7 464.5
003507 0.985 450.9 102.9 500.5 231.4
003507 0.808 297.1 148.2 425.4 247.7
003507 0.780 129.3 182.7 216.9 248.0
003532 0.952 211.9 158.6 284.6 224.4
003558 0.995 238.7 1.0 485.7 257.1
003558 0.924 42.4 60.1 206.4 252.4
003590 0.995 241.1 133.3 324.2 198.6
003686 0.999 107.9 48.4 463.9 363.3
003686 0.969 1.7 111.4 104.9 375.5
003716 0.988 320.3 286.1 375.5 443.4
003738 0.778 407.1 218.4 500.5 375.5
003747 0.858 295.7 433.4 387.7 498.7
003757 0.997 37.7 89.5 196.5 215.5
003776 0.993 171.8 60.2 284.1 157.5
003801 0.999 98.4 44.0 289.3 224.3
003909 0.982 202.7 102.6 249.2 149.7
003909 0.980 325.5 131.0 384.0 188.0
003909 0.795 360.0 136.0 443.5 192.9
003934 0.992 1.0 116.3 87.9 264.5
003981 0.990 204.8 154.1 425.6 369.1
004024 0.843 1.1 250.7 68.3 351.1
004024 0.807 72.6 189.7 187.5 327.8
004040 0.983 203.6 186.0 331.0 318.0
004040 0.821 73.7 171.9 163.7 232.8
004040 0.735 260.3 118.0 339.0 180.8
004053 0.997 239.5 185.3 353.1 269.3
004064 0.994 52.0 1.0 239.0 210.8
004114 0.714 427.2 93.9 497.0 262.2
004159 0.889 133.5 94.8 186.3 137.3
004166 0.986 241.1 129.4 303.9 183.4
004179 0.972 408.0 7.0 499.0 274.1
004222 0.812 138.1 133.9 211.3 197.7
004252 0.986 200.7 30.6 288.9 107.8
004308 0.958 193.5 70.2 498.6 361.3
004308 0.846 1.0 59.7 122.5 338.2
004342 0.963 1.0 90.5 60.0 233.5
004342 0.945 41.5 124.8 141.6 257.1
004342 0.743 184.7 171.7 226.8 236.6
004410 0.812 36.0 6.9 480.6 310.0
004418 0.999 37.4 152.4 174.7 248.6
004453 0.920 376.3 58.6 460.6 123.7
004664 0.987 15.8 346.0 138.5 486.0
004690 0.937 99.1 11.3 351.0 172.7
004716 0.987 27.1 132.2 202.5 266.9
004717 0.998 163.1 289.6 272.1 379.7
004717 0.853 299.8 326.7 375.5 417.7
004781 0.910 369.1 128.6 446.4 200.2
004781 0.801 457.1 137.4 500.5 210.0
004781 0.775 84.9 123.0 130.2 165.9
005059 0.999 90.2 83.0 234.9 210.4
005170 0.794 27.9 41.3 458.2 337.4
005178 0.998 63.8 33.8 444.7 370.5
005187 0.999 48.1 99.1 304.6 298.7
005235 0.944 109.0 183.1 284.2 366.8
005255 0.997 6.9 122.9 111.1 256.3
005296 0.903 161.7 194.4 235.8 263.1
005313 0.990 297.0 82.1 381.6 159.9
005375 0.934 359.6 199.7 451.6 267.6
005411 0.982 17.4 55.0 127.0 133.2
005464 0.939 142.7 38.1 219.9 118.6
005543 0.988 1.0 169.1 148.8 375.5
005545 0.991 45.6 176.6 84.6 246.6
005551 0.996 55.6 29.5 170.1 114.9
005551 0.850 35.6 161.0 198.7 293.2
005565 0.971 114.6 252.7 203.7 339.9
005587 0.967 242.8 112.2 334.9 190.3
005587 0.719 144.5 174.2 227.9 279.0
005589 0.964 319.1 47.0 377.0 104.9
005753 0.909 374.8 75.6 432.9 227.8
005753 0.901 425.7 61.8 497.1 258.5
005754 0.998 299.8 146.9 363.8 194.0
005807 0.988 308.5 208.7 388.4 275.4
005808 0.968 383.3 179.3 490.3 280.5
005823 0.992 94.1 165.9 238.4 271.7
005834 0.999 89.3 219.5 257.5 376.5
005844 0.915 100.3 1.2 209.5 102.8
005872 0.777 403.5 3.9 500.5 325.2
005898 0.987 66.7 129.7 137.5 192.3
005902 0.998 340.4 132.3 478.9 241.6
005902 0.994 44.6 144.0 148.9 220.0
005902 0.992 213.1 146.0 348.6 241.4
005935 0.826 61.6 191.2 100.1 218.0
005942 0.922 34.3 1.0 476.9 318.9
005946 0.998 109.8 10.2 473.6 290.9
005997 0.821 125.0 174.5 204.4 244.6
006040 0.994 355.3 38.7 487.3 162.8
006068 0.997 2.7 147.7 103.2 270.9
006075 0.998 347.9 183.2 410.3 242.5
006109 0.752 197.0 260.5 221.0 293.4
006116 0.999 176.0 98.5 341.1 223.9
006144 0.999 29.0 27.3 404.7 385.8
006293 0.993 161.9 74.7 241.0 157.8
006307 0.923 131.5 64.8 176.8 103.9
006308 1.000 41.3 1.1 356.2 306.2
006313 0.702 6.3 117.5 92.1 228.4
006340 0.802 1.0 47.1 52.4 100.6
006345 0.998 92.2 9.5 465.8 204.4
006384 0.998 339.0 8.4 498.3 155.9
006389 0.997 158.2 41.8 269.4 138.9
006393 0.863 178.8 131.2 242.8 196.1
006446 0.799 179.4 6.6 310.8 66.2
006452 0.995 105.1 225.5 173.3 286.7
006574 0.915 78.3 117.7 139.0 178.1
006624 0.837 199.6 7.7 265.4 80.2
006630 0.999 251.0 54.1 411.0 198.4
006633 0.857 61.0 125.9 129.3 246.6
006688 0.831 92.0 194.9 500.5 374.5
006742 0.994 4.3 146.4 195.8 306.4
006743 0.997 85.5 160.5 180.1 293.3
006771 0.928 32.1 1.3 249.1 57.6
006774 0.932 180.9 2.2 266.2 88.6
006798 0.964 229.0 214.7 295.0 291.2
006817 0.836 170.5 108.1 231.8 195.8
006817 0.819 247.6 191.9 300.1 262.3
006984 0.980 309.2 62.8 339.9 89.9
006984 0.962 49.3 108.0 127.7 170.4
006984 0.947 365.7 65.1 397.4 92.4
006984 0.940 255.8 61.2 284.6 89.1
006984 0.721 127.2 97.9 187.6 137.7
007110 0.985 1.1 208.5 27.7 302.0
007178 0.814 413.8 204.9 462.5 291.1
007196 0.976 336.1 54.9 493.6 208.8
007196 0.969 11.8 55.2 175.5 205.4
007196 0.941 175.8 59.6 335.7 207.1
007203 0.988 54.0 10.7 166.6 195.1
007203 0.879 160.5 51.5 251.8 166.0
007321 0.992 70.3 1.5 264.9 236.6
007332 0.989 1.0 116.5 55.8 200.6
007333 0.987 185.8 122.8 374.0 304.1
007348 0.999 48.7 111.5 112.5 172.4
007354 0.949 78.6 25.1 168.5 98.9
007384 0.915 369.8 4.2 500.4 80.1
007401 0.996 261.0 94.7 301.7 125.0
007492 0.888 284.5 121.8 365.9 199.0
007564 0.996 319.8 156.7 373.8 202.8
007583 0.991 336.4 3.2 500.5 162.1
007714 0.961 1.9 241.2 208.9 375.5
007747 0.717 1.0 106.2 23.9 176.1
007747 0.709 384.6 161.8 429.6 203.5
007808 0.947 19.5 67.1 103.1 135.2
007808 0.875 132.1 95.3 184.6 213.9
007816 0.720 124.7 161.4 151.9 195.6
007835 0.997 132.4 92.0 254.8 197.5
007842 0.999 13.2 32.0 475.0 375.5
008011 0.830 199.5 1.0 500.4 319.5
008047 1.000 89.3 255.5 275.5 475.4
008050 0.931 188.5 145.0 286.0 220.1
008050 0.756 17.0 141.8 108.6 218.2
008050 0.706 271.8 153.9 361.8 226.7
008179 0.999 69.5 9.4 378.5 235.1
008274 0.997 242.7 21.9 469.3 236.5
008277 0.953 172.7 51.9 238.4 138.3
008277 0.927 232.1 63.4 317.2 152.4
008288 0.990 306.9 80.4 399.3 157.8
008288 0.799 461.2 82.3 500.5 131.9
008288 0.746 274.4 75.8 341.0 144.4
008291 0.978 136.0 1.7 371.9 162.5
008347 0.995 383.2 186.3 440.0 229.1
008404 0.992 184.8 72.0 328.3 196.3
008405 0.998 316.4 50.6 441.4 160.6
008405 0.995 73.8 48.8 188.5 165.5
008405 0.994 183.5 49.9 289.4 145.0
008407 0.806 85.3 175.5 195.7 276.4
008428 0.964 171.3 15.2 340.3 164.6
008451 0.997 55.7 243.8 168.3 346.7
008471 0.992 304.2 155.7 399.7 254.6
008471 0.789 88.2 230.0 145.8 289.1
008486 0.985 153.0 231.6 214.9 283.8
008486 0.980 212.0 231.2 266.8 283.5
008525 0.998 1.0 49.6 269.6 368.7
008561 0.994 331.8 63.9 500.5 238.5
008561 0.993 140.4 59.3 332.3 218.6
008563 0.868 343.8 92.4 425.1 157.9
008611 0.998 357.8 65.3 453.3 133.3
008659 0.998 128.7 41.1 398.5 216.6
008660 0.984 259.3 47.3 457.2 197.1
008660 0.700 270.8 126.6 352.7 181.5
008675 0.998 111.9 16.8 430.0 304.3
008686 0.978 143.8 56.6 226.2 126.5
008686 0.896 476.2 18.9 500.5 83.1
008707 0.931 308.4 83.2 490.1 247.6
008707 0.899 148.4 105.4 300.8 254.4
008707 0.898 4.3 127.6 148.7 247.3
008707 0.709 10.3 6.0 368.8 133.0
008851 0.972 107.1 62.0 253.2 238.3
008887 0.986 358.5 39.7 447.9 127.2
008887 0.957 174.9 137.1 298.7 240.5
008897 0.918 438.8 1.1 491.3 35.0
008946 0.756 1.0 165.4 134.7 283.8
008949 0.998 243.4 1.0 484.0 176.8
008954 0.906 81.3 28.0 199.1 126.4
008954 0.814 282.1 30.3 435.5 177.6
008954 0.772 409.3 54.3 498.0 269.5
008991 0.968 297.3 85.2 359.5 154.1
009010 0.992 1.0 1.0 73.8 69.6
009097 0.990 1.0 75.5 113.0 222.2
009143 0.999 54.0 3.6 323.9 183.1
009165 0.994 87.6 44.4 218.7 192.0
009165 0.989 225.1 55.9 350.6 171.2
009165 0.952 239.2 178.0 298.1 236.3
009165 0.879 299.3 170.8 357.1 223.2
009165 0.833 1.2 64.0 58.8 176.6
009216 0.993 37.4 88.6 398.1 333.5
009217 1.000 19.7 1.0 319.4 224.9
009217 0.787 322.4 108.2 354.9 163.7
009226 0.998 136.0 1.7 352.0 185.1
009310 0.990 85.9 47.9 220.5 157.2
009319 0.998 84.4 70.2 454.0 387.7
009357 0.990 370.9 160.2 498.1 299.7
009357 0.986 189.0 178.1 297.4 282.2
009367 0.819 444.0 99.3 500.5 211.1
009379 0.902 405.5 220.5 436.8 247.8
009397 0.988 6.6 164.4 93.3 244.3
009404 0.997 255.9 67.6 479.2 286.6
009404 0.994 1.0 30.5 249.7 280.4
009474 0.996 150.6 1.0 375.5 233.1
009521 0.987 468.8 189.0 500.5 268.3
009561 0.997 82.5 80.4 193.4 189.2
009561 0.992 1.0 1.5 57.0 67.9
009594 0.998 216.8 287.6 332.4 375.5
009689 0.997 232.3 50.9 325.9 135.5
009697 0.851 48.5 176.6 117.0 241.0
009788 0.840 455.7 79.9 489.4 116.2
009795 0.998 96.1 159.9 191.2 223.8
009837 0.901 377.3 1.0 500.5 71.4
009840 0.999 114.3 66.5 415.8 289.9
009888 0.914 189.7 115.3 313.6 255.7
009906 0.995 343.2 59.1 455.2 162.2
009906 0.823 129.0 88.2 220.9 161.9
009906 0.789 27.6 89.7 122.4 162.3
009914 0.900 276.7 225.0 314.5 257.2
009914 0.794 220.9 136.8 303.0 198.4
